LR1_coefficients_null_raster	LR1_coefficients_layer_R	LR1_R2_null_raster	LR1_R2_layer_R	LR1_Q_layer_R	LR2_coefficients_null_raster	LR2_coefficients_layer_R	LR2_R2_null_raster	LR2_R2_layer_R	LR2_Q_layer_R
0.00900567904249643	0.00298026192813361	0.0852539411500502	0.0463408286813098	-0.0389131124687404	0.000249312213201075	5.35892479791079e-05	0.0318336213661083	0.0274188250249868	-0.00441479634112147
0.00709261107629482	0.00157699806372178	0.0449666710408697	0.0116670030261311	-0.0332996680147386	0.000224017770843076	2.55182888684581e-05	0.0165605544880432	0.00569084522611619	-0.010869709261927
0.00769847013371499	0.00196855639948114	0.0335535666281145	0.0128638906922524	-0.0206896759358621	0.000196993991523941	2.84532145924021e-05	0.00738478822588077	0.00436456718082886	-0.00302022104505192
0.0079298758932325	0.00231320134217496	0.055084576564951	0.0269740604653847	-0.0281105160995662	0.000188869855617948	2.64661481602198e-05	0.012215939462694	0.00658397325515965	-0.0056319662075343
0.0101198371814072	0.00224182017234773	0.06595186519419	0.0214934293647267	-0.0444584358294633	0.000253950686140568	3.16265598171196e-05	0.0153472086003539	0.00819619132985901	-0.00715101727049485
0.0103815247285852	0.0038091233024258	0.102746853337434	0.0719066130780464	-0.0308402402593876	0.000359120810372496	6.33458121112625e-05	0.0473112432349294	0.0370480510943128	-0.0102631921406166
0.00913742416651822	0.00253525869714728	0.0841101821855359	0.0376331196898234	-0.0464770624957124	0.000246866085276892	3.2537316722285e-05	0.0239262214007748	0.0119673688204932	-0.0119588525802816
0.00542119302342565	0.00183486196467432	0.0269398561823459	0.0164767367173163	-0.0104631194650297	0.00017305460116603	2.32378970179492e-05	0.0112881689540197	0.00576141960002464	-0.00552674935399501
0.01539722801696	0.00401551652931281	0.165467990766538	0.0696060609633653	-0.095861929803173	0.000652824867390547	7.51124795965907e-05	0.0927988747130182	0.0399534285485507	-0.0528454461644675
0.010737504343198	0.00344772828732243	0.0585023553875123	0.0344563872883994	-0.0240459680991129	0.000323571059226193	4.57519697802454e-05	0.0190144301448975	0.0107869358748216	-0.00822749427007595
0.00549878992216957	0.00156100965631844	0.0245849513592039	0.0101121591204174	-0.0144727922387865	9.87359729298432e-05	1.14305881339656e-05	0.00381890307275877	0.00128138380403885	-0.00253751926871992
0.0115261337160456	0.00408489807438044	0.122926690580589	0.0838762275693713	-0.0390504630112179	0.000367525632975245	6.64923585528965e-05	0.055723259915491	0.0415033035109338	-0.0142199564045572
0.0127863386901262	0.00274221337734129	0.0995359562127789	0.0308768525326496	-0.0686591036801293	0.000457433698441386	4.00180092584476e-05	0.0457991643310933	0.016347185921465	-0.0294519784096283
0.0100008336131982	0.00267871387024201	0.0844613490272275	0.036164644991375	-0.0482967040358525	0.000288374849994646	3.75516630638696e-05	0.0317780312418189	0.0171792338739449	-0.0145987973678741
0.0111541222942896	0.00247226436563241	0.0743417296413102	0.0225046990367719	-0.0518370306045384	0.000322477723366209	3.7368233101597e-05	0.0241370622302761	0.0103215228906319	-0.0138155393396442
0.000783351558969244	9.69345114172077e-05	0.00116282351688106	9.81307744141315e-05	-0.00106469274246693	2.18234724131565e-05	3.1579780335897e-06	0.000695173986111855	0.000361725807293865	-0.00033344817881799
0.00877267361114184	0.00227626984367359	0.0556724246546388	0.0206708877168651	-0.0350015369377737	0.00025601475533184	3.1501894584607e-05	0.0159534394381643	0.0070340251343721	-0.00891941430379223
0.0115574832127823	0.00183526373152068	0.0953785462426279	0.0154084444793165	-0.0799701017633115	0.00039216720633382	2.15241076624225e-05	0.0410470455932175	0.00407449150093242	-0.0369725540922851
0.00874457227931466	0.00224277893414679	0.0616370359087082	0.0219182991118193	-0.0397187367968889	0.000220282374965409	2.60284993549479e-05	0.0155137885765447	0.00562030960261024	-0.00989347897393441
0.0138010025868565	0.00465443130642238	0.120164968680673	0.0831643325740296	-0.0370006361066431	0.000457240538488876	7.02660000887085e-05	0.04707667355608	0.0343560246995042	-0.0127206488565758
0.00732603451696526	0.00260580593435343	0.0340578194716023	0.0246277467464071	-0.00943007272519525	0.000175454073976617	3.32045326810687e-05	0.00651692443953273	0.00652727134192181	1.03469023890823e-05
0.00923983757470773	0.00285628899812026	0.0731552822760087	0.038125279861989	-0.0350300024140197	0.000233236234231444	4.29206109465209e-05	0.019593422121112	0.0165236772228565	-0.00306974489825554
0.0115298829587093	0.00244165181451512	0.0967952936282223	0.024492470186859	-0.0723028234413633	0.000384205908874961	4.00847890798245e-05	0.0463471263200099	0.0122403703511889	-0.034106755968821
0.00950378985738997	0.00217571395621158	0.0647233213387936	0.0194000092324706	-0.045323312106323	0.000274852080694606	2.01458739430798e-05	0.0200303267275124	0.00286349055644715	-0.0171668361710652
0.00808775639550999	0.0017003524461726	0.0471747793510105	0.0132500880478825	-0.033924691303128	0.000191334587806279	2.04019991567888e-05	0.0106573660685388	0.00362682131389262	-0.00703054475464622
0.000172055566317573	-0.000144012907148623	6.44512320803755e-05	0.000275424879736662	0.000210973647656286	1.4544014468291e-05	-5.13637711572498e-07	0.000322030739924693	1.23319410916435e-05	-0.000309698798833049
0.0122532806180355	0.00352514335708172	0.0869044944489116	0.0443134435603439	-0.0425910508885676	0.000435726434191198	5.43592234943889e-05	0.0347461497206748	0.0207699266597199	-0.0139762230609549
0.00781442047339453	0.00153218173620963	0.053647509824598	0.012240424961026	-0.041407084863572	0.00025341847669129	1.50151779229779e-05	0.0177349223897723	0.00207190394480006	-0.0156630184449722
0.0111382179985864	0.00262691171050276	0.0855927492099293	0.0272716445088774	-0.0583211047010519	0.000398066197785136	4.07341837648944e-05	0.0389847628601244	0.0125065410916927	-0.0264782217684317
0.0096871422586595	0.00229238005240023	0.0769642420850322	0.0284028926575091	-0.0485613494275231	0.000292557275413538	3.20967899703284e-05	0.0298198109218206	0.0113795266950477	-0.0184402842267729
0.00967355187011707	0.00247428687306392	0.0628763232484028	0.023285874335791	-0.0395904489126119	0.000310857428258632	3.62819287164758e-05	0.0232677252495418	0.0105187480719254	-0.0127489771776164
0.00907980251524384	0.00229980234223059	0.0517536296777454	0.0187440367336947	-0.0330095929440507	0.000214756229448185	2.70483468093048e-05	0.0113994995185511	0.00549802198378938	-0.00590147753476168
0.0113843060549225	0.00350116880064964	0.0933118304352608	0.0515863049046048	-0.0417255255306561	0.000424943661941255	6.26618246002037e-05	0.0477283033619184	0.0325823918008249	-0.0151459115610935
0.00978050094496967	0.00268493249937611	0.0695302223449934	0.0311978204813665	-0.0383324018636269	0.000239373227480533	2.86322728486185e-05	0.017515453111449	0.00780091971308134	-0.00971453339836763
0.00678519885948498	0.00268580577197304	0.0372620822555771	0.0268533145062436	-0.0104087677493334	0.000152564892776077	3.25485953322182e-05	0.00795040119972657	0.00691790107359899	-0.00103250012612758
0.0127286359851017	0.00366189645113967	0.133783123697302	0.0662254138956813	-0.0675577098016207	0.000502926505743407	6.45424617509267e-05	0.0697977744779401	0.0376864960962481	-0.032111278381692
0.0112602270594974	0.00302349537376692	0.086547636544227	0.0386967132387375	-0.0478509233054895	0.00037216666430003	4.50583668877625e-05	0.0333561130844231	0.0163522551817056	-0.0170038579027174
0.00856683643327433	0.00315997994742726	0.0538787002476506	0.046520714405241	-0.00735798584240962	0.000245326010949206	5.00770733520986e-05	0.0189437792232228	0.0232075812456972	0.00426380202247435
0.0136006381239392	0.00430271571334945	0.10018124424252	0.0668935864051567	-0.0332876578373628	0.00042308037735539	6.43350972407189e-05	0.0369190169278085	0.0312780309181793	-0.00564098600962917
0.0122864417672659	0.00409766678894935	0.094712685802353	0.0572314252618449	-0.037481260540508	0.000500757267812108	7.6477680852498e-05	0.0506886843828041	0.0339623976143962	-0.016726286768408
0.010898687134436	0.0032757211470869	0.0995825312907245	0.0528264255138277	-0.0467561057768968	0.000348666586329737	5.12965359968707e-05	0.0463574759402492	0.0262957881288812	-0.020061687811368
-0.000533065071626186	-0.000617028752474286	0.000477026870193344	0.0035116234543388	0.00303459658414546	-3.15358285608135e-05	-1.12949038970262e-05	0.00119088848766585	0.00391386713314365	0.0027229786454778
0.00946293148923709	0.00287107133764198	0.0633454303610236	0.0330675696121563	-0.0302778607488673	0.000340765876440199	4.29111982428269e-05	0.0295064694750335	0.0145627802260091	-0.0149436892490244
0.0100492005824731	0.00235457836035386	0.0681280239122392	0.021551845398154	-0.0465761785140852	0.000386023889704748	2.86839656164495e-05	0.0339833893386279	0.00564117103062855	-0.0283422183079993
-0.00197102728477867	-0.00103322962622497	0.00822042065503412	0.0121357113036691	0.00391529064863503	-8.51260250892255e-05	-1.66794795473444e-05	0.0112103974736272	0.0113467581541238	0.000136360680496557
0.0135670651978163	0.00307224753732718	0.117961124199371	0.0365641037582147	-0.0813970204411566	0.000486468128671655	4.23916740732913e-05	0.0491684230916519	0.013450670431815	-0.035717752659837
0.0112430934604722	0.00432536573467519	0.0872885800098165	0.0726306965840094	-0.0146578834258071	0.000302239388248344	6.61859043292402e-05	0.0270583639543293	0.0340098276624482	0.00695146370811897
-0.00216576252817825	-0.000985782678097681	0.00817952313914375	0.00937273283131627	0.00119320969217251	-8.80239484732593e-05	-1.30180052889569e-05	0.00927595582557812	0.00659005121083063	-0.00268590461474748
0.00775422200172493	0.00200757569069855	0.0543487694729445	0.020046137488906	-0.0343026319840385	0.000193444000632052	2.11747655928768e-05	0.0146810390823555	0.00480492829427001	-0.00987611078808545
0.0116219757620537	0.00252212955220161	0.0844004294624659	0.0224777186086654	-0.0619227108538005	0.000323274684712628	2.85446095765481e-05	0.0240845405256576	0.00515882435160994	-0.0189257161740477
0.0084593401870678	0.00269436883324562	0.0460409353771091	0.0243267104477813	-0.0217142249293278	0.000208135311045554	4.06308219216511e-05	0.0114565359884936	0.0105882393762293	-0.000868296612264372
-4.35861404800432e-05	9.20310288570808e-05	4.26166840343076e-06	0.000104864570299766	0.000100602901896335	1.47725903942945e-05	1.51993878784609e-06	0.000336293469163889	8.73977782154136e-05	-0.000248895690948475
0.00982171171265964	0.00313266937444816	0.07880811650395	0.0420277665526712	-0.0367803499512788	0.000261062790642795	4.02126284569558e-05	0.0241705229799365	0.0134811961521958	-0.0106893268277407
-0.00163364391984651	-0.000730379541731501	0.00490303054087387	0.00449377593722941	-0.000409254603644457	-4.56264716292817e-05	-9.43147004192164e-06	0.00301483572468682	0.00257800104164918	-0.000436834683037639
0.0117048524787198	0.00314372033873894	0.09540810379438	0.0415822799427132	-0.0538258238516669	0.000373174415687887	4.54661580866571e-05	0.0356751825341114	0.0168445017063302	-0.0188306808277812
0.00689569550109653	0.00232085693742362	0.0488588018341763	0.0278513249806948	-0.0210074768534815	0.000191880076784807	3.32995559650539e-05	0.0165584357286513	0.0117118356091835	-0.00484660011946776
-0.000673382319759763	-0.000188025772158675	0.000944978741994723	0.000394608520411045	-0.000550370221583678	-2.91315011061923e-05	-3.21466308576539e-06	0.0013804974413025	0.000490750142877777	-0.000889747298424721
0.00852478298317885	0.0022651933531909	0.0587776932428248	0.0207124021990553	-0.0380652910437695	0.000213048441929108	3.30527161530399e-05	0.0168122602124338	0.00866913735645686	-0.00814312285597695
0.0102723898713271	0.00308958191491964	0.0867860237934003	0.0494411995390126	-0.0373448242543876	0.000326765645925349	5.43055509245553e-05	0.034655377016708	0.0274559279639948	-0.0071994490527132
0.0075958867873294	0.00232827521215198	0.0368960110609676	0.0197438679351719	-0.0171521431257957	0.000167150317034703	3.22225663730792e-05	0.00757998803163474	0.00747866060034874	-0.000101327431285997
0.00757641189795046	0.0027752233192644	0.0576792046257643	0.0351998413280816	-0.0224793632976827	0.000197152529062449	3.57902874469188e-05	0.0169444898447681	0.0113309633759705	-0.00561352646879761
0.0120022102160223	0.00287690130097483	0.13647168159863	0.0463862765949751	-0.0900854050036544	0.000431928691262112	4.17185264777617e-05	0.068651891756655	0.019761485167924	-0.048890406588731
0.00860093165090527	0.00234167765244723	0.0550784429202031	0.0249961971159162	-0.0300822458042869	0.000227958815712676	3.09693058576037e-05	0.0139319492248791	0.00783084192598514	-0.00610110729889394
0.0107931362920628	0.00257259392015118	0.0775319511985372	0.0249085082294961	-0.0526234429690411	0.000402435646075989	3.7544267781669e-05	0.0386282855468616	0.00907957504016823	-0.0295487105066934
0.00866971465400798	0.0034540212469231	0.0654148682882418	0.056960729972804	-0.00845413831543773	0.000247706955476418	4.94472213707559e-05	0.0222113172713078	0.0208827124700621	-0.00132860480124566
0.0113523767380482	0.00338844649144866	0.104590163212359	0.0491655154421651	-0.0554246477701941	0.000381898623327539	5.88491632747698e-05	0.0440358515269514	0.0241506796577039	-0.0198851718692475
0.0133067999295546	0.00335720430493265	0.104153225279824	0.0386031528556747	-0.0655500724241491	0.0003699176493341	4.29227795826672e-05	0.0295193985109679	0.0136869733444481	-0.0158324251665197
0.0127603575871535	0.00279835447643869	0.101462128572555	0.0326845130445356	-0.0687776155280189	0.000419037646606194	3.5899758190895e-05	0.034451176777464	0.0102870976929584	-0.0241640790845057
0.00907263960735413	0.00242560963686867	0.0667887849248546	0.0257191989113601	-0.0410695860134945	0.000242134026821809	2.97718822828377e-05	0.0200018973633534	0.00769494761267389	-0.0123069497506795
-0.000269567094868039	-0.000150673466475995	0.000140622027643172	0.00023660483017541	9.59828025322382e-05	-1.20324141059015e-05	3.49299385863439e-08	0.000189488937714282	4.18604142175057e-08	-0.000189447077300065
0.00767730044764493	0.00286542321786465	0.040817999113225	0.0305638721007437	-0.0102541270124813	0.000229782367820772	3.86448126068033e-05	0.0139348017466904	0.0105612088968133	-0.00337359284987714
0.00838864604696551	0.00285063862571392	0.0516980795088798	0.0306828336364479	-0.0210152458724318	0.000225339455947249	3.59818293423691e-05	0.0155519768294338	0.0105445732216995	-0.00500740360773433
0.00783661968240131	0.00192015481349677	0.0370335234354283	0.0129473226339389	-0.0240862008014894	0.000210294893049397	2.28078370712081e-05	0.00967467377441859	0.00329267525348266	-0.00638199852093593
0.00944607659284269	0.00348990310754803	0.0717656466312162	0.052133461819151	-0.0196321848120652	0.000306570545318374	6.22083303315191e-05	0.027957903821436	0.0290396059986966	0.00108170217726065
0.000275915141015641	-0.000185411909468525	0.00014944288882786	0.000351935600154657	0.000202492711326797	1.94855155508221e-05	-3.45703491399543e-06	0.000480683688712799	0.000421646192126425	-5.90374965863742e-05
-0.00110284783910649	-0.000337570702661939	0.00242190246631206	0.00128203538914189	-0.00113986707717017	-4.68115002795294e-05	-6.00304679811694e-06	0.00362439181281339	0.00162017992320792	-0.00200421188960547
0.00787494470623397	0.00268819594824901	0.048649645096	0.0304614656303711	-0.0181881794656289	0.000198835594392912	3.47861473145639e-05	0.0138711841526055	0.0103274815339237	-0.00354370261868185
0.00789561545858381	0.00269954142259224	0.047554420037801	0.0300675739770319	-0.0174868460607691	0.00019757824396066	4.45701428298339e-05	0.013858046128644	0.0156710310812601	0.00181298495261607
0.00948077202484212	0.00323966346020967	0.0809392500419913	0.0530956558182673	-0.0278435942237241	0.0002913782064242	5.7092663082719e-05	0.0281527678605169	0.0302078853011934	0.00205511744067653
0.0119169330673675	0.0035256346772379	0.0968359410132294	0.0467881504762213	-0.0500477905370081	0.00040334920682633	4.5669247260436e-05	0.0452267266285882	0.0160955697423733	-0.0291311568862148
-0.000670543463407817	-0.000304702931836215	0.000851069012499212	0.000884055303835078	3.29862913358655e-05	-2.83023951241113e-05	-4.66691816279503e-06	0.001170506241828	0.000743947948907063	-0.000426558292920932
0.00947557337378871	0.00204227571148588	0.0655800291014712	0.0191438097854365	-0.0464362193160348	0.000350140039873847	3.00852695684625e-05	0.0322432213184287	0.00885305894560315	-0.0233901623728255
0.00887105978544786	0.00200323931107745	0.0545612294157027	0.0167655237277304	-0.0377957056879723	0.000220059065623207	3.30386842368045e-05	0.013946289157774	0.0100275988885724	-0.00391869026920154
0.0104274113438242	0.00455190005824199	0.0824163977214882	0.0943221225041425	0.0119057247826542	0.000460494844534171	8.78533689773533e-05	0.0477996908307128	0.0572040959056027	0.00940440507488993
0.0113550339325026	0.0031359949888549	0.0938508939943223	0.0386945192743609	-0.0551563747199614	0.000285822952832016	4.12504636096977e-05	0.0258159460857301	0.0129004017641607	-0.0129155443215694
0.00985738255363142	0.00248107923397017	0.0624629207592111	0.021508785291528	-0.0409541354676831	0.000319593395048435	4.02530706182334e-05	0.0227094675905818	0.0100489052343221	-0.0126605623562597
0.00917491076731584	0.00304970246255047	0.0714337803035283	0.040157769322052	-0.0312760109814764	0.000228113348807528	4.21286872269964e-05	0.0210195214048143	0.0148287633218479	-0.0061907580829664
0.0130564026522438	0.0031966755414785	0.0991291205952532	0.039712798410833	-0.0594163221844202	0.000411551070243599	5.32421132124905e-05	0.0378056490262227	0.0191463665676333	-0.0186592824585894
0.0113679207736846	0.0033583342856181	0.0894703367544258	0.0411195351357656	-0.0483508016186602	0.000336778921292107	4.97895500682365e-05	0.0317229337854727	0.0168987953989063	-0.0148241383865664
0.0104960980298535	0.00257297880304918	0.0686941210442194	0.0256326218500855	-0.0430614991941339	0.000325844890916193	3.73878926752275e-05	0.0249756630064417	0.0106061326849137	-0.0143695303215281
0.00831256954141458	0.00261752328270363	0.060390740826626	0.0300307894409529	-0.0303599513856731	0.000177977712128219	3.33260451164065e-05	0.0134729853467173	0.0102526026529298	-0.00322038269378744
0.0116317587625092	0.00320983424824003	0.113290572745187	0.0469744300425056	-0.0663161427026811	0.000363699967443779	3.92379899986973e-05	0.0440470119133217	0.0129281058719783	-0.0311189060413434
0.00982163815671806	0.00162447290239344	0.0639805546154289	0.0117048727282094	-0.0522756818872195	0.000287183764128727	1.93946126929061e-05	0.0186592392006456	0.00292579106307251	-0.0157334481375731
0.00805248794776403	0.00303507489135993	0.0433679855184116	0.0320274056457052	-0.0113405798727064	0.00020991471922096	4.31557007571449e-05	0.0123237877429433	0.012254197730435	-6.95900125083637e-05
0.0112368427667921	0.00296878474150091	0.0887615366355088	0.0374997737472176	-0.0512617628882912	0.000266705946194819	4.05398969322299e-05	0.0235941827832593	0.0138039285345174	-0.00979025424874186
0.00938449174017558	0.0017740685751947	0.0627418119459471	0.0127405968166365	-0.0500012151293106	0.000267961808894544	2.38700837192275e-05	0.0194453335097876	0.00426727251601397	-0.0151780609937737
0.0114916473337155	0.00283387134691856	0.0858984122364567	0.0360519720257122	-0.0498464402107445	0.000409576785836808	5.01947677610888e-05	0.0360755391682506	0.0220052310813481	-0.0140703080869025
0.00852387139109723	0.00333741831258708	0.0621153791400839	0.0493823245757563	-0.0127330545643276	0.000207166944026127	5.25176609392477e-05	0.0168600513161654	0.0238763321414667	0.00701628082530131
0.0100331914153803	0.00245513515448078	0.0704499269131689	0.0252165624438585	-0.0452333644693104	0.000264589335838921	3.7210926587345e-05	0.0189572505639068	0.010125037218058	-0.00883221334584889
0.0109928596950869	0.00301495629529147	0.069580821405692	0.0280212530145198	-0.0415595683911722	0.000381146204028994	4.35177970077488e-05	0.0317419344181992	0.0110296657206083	-0.0207122686975909
