LR1_coefficients_null_raster	LR1_coefficients_layer_C	LR1_R2_null_raster	LR1_R2_layer_C	LR1_Q_layer_C	LR2_coefficients_null_raster	LR2_coefficients_layer_C	LR2_R2_null_raster	LR2_R2_layer_C	LR2_Q_layer_C
0.00900567904249643	0.0256690677455894	0.0852539411500502	0.0952181235140674	0.00996418236401717	0.000249312213201075	0.00319263859083437	0.0318336213661083	0.0731248293102877	0.0412912079441794
0.00709261107629482	0.0182970687247976	0.0449666710408697	0.0542585486208643	0.00929187757999459	0.000224017770843076	0.00191276879648249	0.0165605544880432	0.0284116860634454	0.0118511315754021
0.00769847013371499	0.0222098607268151	0.0335535666281145	0.0460811009286859	0.0125275343005713	0.000196993991523941	0.00236674121790096	0.00738478822588077	0.0223912124410067	0.0150064242151259
0.0079298758932325	0.0205527247351563	0.055084576564951	0.0556872225285073	0.000602645963556393	0.000188869855617948	0.00220920879248238	0.012215939462694	0.0279975008051188	0.0157815613424249
0.0101198371814072	0.0237407188524563	0.06595186519419	0.0596555202595237	-0.00629634493466635	0.000253950686140568	0.00201883659490748	0.0153472086003539	0.0216588609592526	0.00631165235889877
0.0103815247285852	0.0208254781168042	0.102746853337434	0.0648705868025048	-0.0378762665349292	0.000359120810372496	0.00227023223076081	0.0473112432349294	0.0344370995521562	-0.0128741436827732
0.00913742416651822	0.0216035760449593	0.0841101821855359	0.0784163312457721	-0.00569385093976378	0.000246866085276892	0.0022946577438723	0.0239262214007748	0.0434052082197035	0.0194789868189287
0.00542119302342565	0.0175637663686904	0.0269398561823459	0.0462427121392702	0.0193028559569242	0.00017305460116603	0.00206329869778854	0.0112881689540197	0.0276021498175064	0.0163139808634867
0.01539722801696	0.0331707290639891	0.165467990766538	0.127345244739606	-0.0381227460269321	0.000652824867390547	0.00448213452071071	0.0927988747130182	0.10423208141113	0.0114332066981113
0.010737504343198	0.0209261693146429	0.0585023553875123	0.0401083747796359	-0.0183939806078764	0.000323571059226193	0.00206792056801297	0.0190144301448975	0.0189929609261682	-2.14692187292878e-05
0.00549878992216957	0.0179963389620166	0.0245849513592039	0.0318365465790378	0.00725159521983389	9.87359729298432e-05	0.002598026439063	0.00381890307275877	0.0239974540702251	0.0201785509974663
0.0115261337160456	0.0250078786905159	0.122926690580589	0.0756957288507685	-0.0472309617298206	0.000367525632975245	0.00333527508137957	0.055723259915491	0.0541938446388321	-0.0015294152766589
0.0127863386901262	0.031333070882591	0.0995359562127789	0.0979192081126797	-0.00161674810009924	0.000457433698441386	0.00382432036648473	0.0457991643310933	0.0631155407627625	0.0173163764316693
0.0100008336131982	0.0259334880190589	0.0844613490272275	0.0855372671454678	0.00107591811824033	0.000288374849994646	0.00280871381670648	0.0317780312418189	0.0491356895928061	0.0173576583509872
0.0111541222942896	0.0299607697420226	0.0743417296413102	0.0768571911278649	0.00251546148655468	0.000322477723366209	0.00341613365123542	0.0241370622302761	0.041094110174421	0.0169570479441449
0.000783351558969244	-0.0003354748021495	0.00116282351688106	1.77257709989631e-05	-0.0011450977458821	2.18234724131565e-05	-1.99720204841256e-05	0.000695173986111855	5.90219370806598e-06	-0.000689271792403789
0.00877267361114184	0.0272456388723704	0.0556724246546388	0.0867055976829845	0.0310331730283456	0.00025601475533184	0.00274952304856009	0.0159534394381643	0.0382705313159478	0.0223170918777835
0.0115574832127823	0.0326153130180341	0.0953785462426279	0.113681855349848	0.0183033091072201	0.00039216720633382	0.00408110429188444	0.0410470455932175	0.0757534105528287	0.0347063649596112
0.00874457227931466	0.0250195174587587	0.0616370359087082	0.0757805934171885	0.0141435575084803	0.000220282374965409	0.00289158796781623	0.0155137885765447	0.0409795027551343	0.0254657141785897
0.0138010025868565	0.0283168897748164	0.120164968680673	0.104086162763461	-0.0160788059172121	0.000457240538488876	0.00319443626651347	0.04707667355608	0.0721188641832276	0.0250421906271476
0.00732603451696526	0.0185741728913666	0.0340578194716023	0.035051492714369	0.000993673242766689	0.000175454073976617	0.00227562155518048	0.00651692443953273	0.0200264657190598	0.0135095412795271
0.00923983757470773	0.0301082921526655	0.0731552822760087	0.0943427665236639	0.0211874842476551	0.000233236234231444	0.00390845583378017	0.019593422121112	0.0538054828363562	0.0342120607152442
0.0115298829587093	0.0364984741583002	0.0967952936282223	0.140732726934535	0.0439374333063129	0.000384205908874961	0.00545701903903044	0.0463471263200099	0.144364748034039	0.0980176217140287
0.00950378985738997	0.0281768987372103	0.0647233213387936	0.0983720503141983	0.0336487289754047	0.000274852080694606	0.00379434552493142	0.0200303267275124	0.0797977518730384	0.059767425145526
0.00808775639550999	0.0213578174173725	0.0471747793510105	0.0484440973531394	0.00126931800212889	0.000191334587806279	0.00225340472200396	0.0106573660685388	0.0239030181413898	0.013245652072851
0.000172055566317573	0.000609138480613328	6.44512320803755e-05	9.01774275002648e-05	2.57261954198893e-05	1.4544014468291e-05	2.67248391425163e-05	0.000322030739924693	1.85655549836846e-05	-0.000303465184941008
0.0122532806180355	0.0317845843801668	0.0869044944489116	0.104783124644989	0.0178786301960776	0.000435726434191198	0.00354310121842986	0.0347461497206748	0.0559871640730206	0.0212410143523458
0.00781442047339453	0.0247163022957248	0.053647509824598	0.094050602202306	0.040403092377708	0.00025341847669129	0.00308373372994128	0.0177349223897723	0.0651598752738701	0.0474249528840978
0.0111382179985864	0.0249456688751772	0.0855927492099293	0.0615650932590647	-0.0240276559508645	0.000398066197785136	0.00304534770156458	0.0389847628601244	0.0361792418492341	-0.00280552101089035
0.0096871422586595	0.0248513346559798	0.0769642420850322	0.0796866967062684	0.00272245462123628	0.000292557275413538	0.00308261131667935	0.0298198109218206	0.0500199715604964	0.0202001606386759
0.00967355187011707	0.0269262313655573	0.0628763232484028	0.0886476933938966	0.0257713701454938	0.000310857428258632	0.00286241534264303	0.0232677252495418	0.0552852848062922	0.0320175595567504
0.00907980251524384	0.0251098447140105	0.0517536296777454	0.0667365322434718	0.0149829025657264	0.000214756229448185	0.00242171720999839	0.0113994995185511	0.0300820883085713	0.0186825887900202
0.0113843060549225	0.0234389001459014	0.0933118304352608	0.0670869071382638	-0.026224923296997	0.000424943661941255	0.00240891418116718	0.0477283033619184	0.0320744410765789	-0.0156538622853395
0.00978050094496967	0.0228138729958977	0.0695302223449934	0.0640925438330227	-0.0054376785119707	0.000239373227480533	0.00218399924939024	0.017515453111449	0.030784886285606	0.013269433174157
0.00678519885948498	0.0130675835545221	0.0372620822555771	0.0222538744943031	-0.0150082077612739	0.000152564892776077	0.00105700390542268	0.00795040119972657	0.00653869750457016	-0.00141170369515641
0.0127286359851017	0.0271434849116846	0.133783123697302	0.110704063211694	-0.0230790604856085	0.000502926505743407	0.0030155778277756	0.0697977744779401	0.0681960589486746	-0.00160171552926557
0.0112602270594974	0.0254522854349921	0.086547636544227	0.0770884545944798	-0.00945918194974721	0.00037216666430003	0.00264190988671751	0.0333561130844231	0.0409712506386785	0.0076151375542554
0.00856683643327433	0.0218786701715365	0.0538787002476506	0.0562854941869274	0.00240679393927676	0.000245326010949206	0.0022326709499846	0.0189437792232228	0.0286522018421816	0.00970842261895882
0.0136006381239392	0.0344546819442936	0.10018124424252	0.100040971094373	-0.000140273148146339	0.00042308037735539	0.00456249721350312	0.0369190169278085	0.0740075312987916	0.0370885143709832
0.0122864417672659	0.023399282178074	0.094712685802353	0.0617596633875415	-0.0329530224148114	0.000500757267812108	0.00263477246273766	0.0506886843828041	0.0352412803677542	-0.01544740401505
0.010898687134436	0.0227890842716222	0.0995825312907245	0.0590695520101366	-0.0405129792805879	0.000348666586329737	0.00302650067599819	0.0463574759402492	0.0390433166031857	-0.00731415933706348
-0.000533065071626186	-0.000736311558670496	0.000477026870193344	9.69012132892025e-05	-0.000380125656904142	-3.15358285608135e-05	4.42262521698067e-05	0.00119088848766585	3.34999368335168e-05	-0.00115738855083234
0.00946293148923709	0.0207756864991849	0.0633454303610236	0.0502346601967222	-0.0131107701643014	0.000340765876440199	0.00234924288013105	0.0295064694750335	0.0275166598547421	-0.0019898096202914
0.0100492005824731	0.0234126020331069	0.0681280239122392	0.0649692366266219	-0.00315878728561736	0.000386023889704748	0.00272560056648436	0.0339833893386279	0.0496608896878465	0.0156775003492186
-0.00197102728477867	-0.00255345704590099	0.00822042065503412	0.0012933792989142	-0.00692704135611992	-8.51260250892255e-05	-0.000200066419298294	0.0112103974736272	0.000867970544609044	-0.0103424269290182
0.0135670651978163	0.0364207103638672	0.117961124199371	0.146386383752126	0.028425259552755	0.000486468128671655	0.00502951017018636	0.0491684230916519	0.110233823379206	0.0610654002875538
0.0112430934604722	0.0256650722811537	0.0872885800098165	0.07877370769342	-0.00851487231639644	0.000302239388248344	0.00273386151092487	0.0270583639543293	0.0434587702583315	0.0164004063040022
-0.00216576252817825	-0.00155919668721219	0.00817952313914375	0.000498438570525835	-0.00768108456861792	-8.80239484732593e-05	-0.000157767114526181	0.00927595582557812	0.00059437286986623	-0.00868158295571188
0.00775422200172493	0.0243167255723289	0.0543487694729445	0.0831715726198666	0.0288228031469221	0.000193444000632052	0.002750499838254	0.0146810390823555	0.0564860505073945	0.0418050114250391
0.0116219757620537	0.0329141619840763	0.0844004294624659	0.102527061739338	0.0181266322768725	0.000323274684712628	0.00439522487681716	0.0240845405256576	0.0651623865324185	0.0410778460067609
0.0084593401870678	0.0270057309350227	0.0460409353771091	0.0682222321662216	0.0221812967891125	0.000208135311045554	0.00305309906603082	0.0114565359884936	0.0364134616449687	0.0249569256564751
-4.35861404800432e-05	-0.00022563863008716	4.26166840343076e-06	9.66138683229853e-06	5.39971842886777e-06	1.47725903942945e-05	-2.09716429248877e-05	0.000336293469163889	7.79016953966273e-06	-0.000328503299624226
0.00982171171265964	0.022961716139898	0.07880811650395	0.0629521050635246	-0.0158560114404254	0.000261062790642795	0.00277059059475045	0.0241705229799365	0.0420541838377035	0.017883660857767
-0.00163364391984651	-0.00892331261799634	0.00490303054087387	0.0112888495369432	0.00638581899606937	-4.56264716292817e-05	-0.000857849783747792	0.00301483572468682	0.00999096885374383	0.00697613312905701
0.0117048524787198	0.0269020647150661	0.09540810379438	0.0855670620440123	-0.00984104175036772	0.000373174415687887	0.00323464009470396	0.0356751825341114	0.0561977479265348	0.0205225653924234
0.00689569550109653	0.0178918430646472	0.0488588018341763	0.0494304947915056	0.000571692957329284	0.000191880076784807	0.00194961237370264	0.0165584357286513	0.0274343158769094	0.0108758801482581
-0.000673382319759763	-0.00132076081657824	0.000944978741994723	0.000364508960287798	-0.000580469781706924	-2.91315011061923e-05	-4.9469154426966e-05	0.0013804974413025	5.47080452166169e-05	-0.00132578939608588
0.00852478298317885	0.0246578685739294	0.0587776932428248	0.0680969622083194	0.00931926896549463	0.000213048441929108	0.00319011197563894	0.0168122602124338	0.0431346954188402	0.0263224352064064
0.0102723898713271	0.0228785472011609	0.0867860237934003	0.0671222853709904	-0.0196637384224098	0.000326765645925349	0.0030865232874547	0.034655377016708	0.0487687843260102	0.0141134073093022
0.0075958867873294	0.0188928811541408	0.0368960110609676	0.0404477690406231	0.00355175797965546	0.000167150317034703	0.00205168753847663	0.00757998803163474	0.0223147811987694	0.0147347931671347
0.00757641189795046	0.0237439239592183	0.0576792046257643	0.0788056219234464	0.0211264172976822	0.000197152529062449	0.00276130507659082	0.0169444898447681	0.0469457666334768	0.0300012767887087
0.0120022102160223	0.0327837630458386	0.13647168159863	0.1737390069793	0.0372673253806709	0.000431928691262112	0.00422678698299875	0.068651891756655	0.146644704747388	0.0779928129907329
0.00860093165090527	0.0245850368495993	0.0550784429202031	0.0735486023871744	0.0184701594669713	0.000227958815712676	0.00302439992491841	0.0139319492248791	0.0434979569075367	0.0295660076826576
0.0107931362920628	0.0269981541896637	0.0775319511985372	0.0827673270000612	0.00523537580152404	0.000402435646075989	0.00335253746412137	0.0386282855468616	0.0593835150962449	0.0207552295493832
0.00866971465400798	0.0195921838359471	0.0654148682882418	0.0513045507394202	-0.0141103175488216	0.000247706955476418	0.00252846732542355	0.0222113172713078	0.0357375329510333	0.0135262156797256
0.0113523767380482	0.0252023108539878	0.104590163212359	0.095136956102743	-0.00945320710961618	0.000381898623327539	0.0023879746379709	0.0440358515269514	0.0523095717863293	0.00827372025937787
0.0133067999295546	0.0361397032632746	0.104153225279824	0.132166584774643	0.0280133594948194	0.0003699176493341	0.00417843792750625	0.0295193985109679	0.0734721502855837	0.0439527517746158
0.0127603575871535	0.0310526219996139	0.101462128572555	0.0984356283798896	-0.00302650019266498	0.000419037646606194	0.00407697156296496	0.034451176777464	0.0696668162792688	0.0352156395018047
0.00907263960735413	0.0159684798259797	0.0667887849248546	0.0314406882129851	-0.0353480967118696	0.000242134026821809	0.00142898960045601	0.0200018973633534	0.0115568242695153	-0.00844507309383812
-0.000269567094868039	-0.00456931185509734	0.000140622027643172	0.00394845899037427	0.00380783696273109	-1.20324141059015e-05	-0.000622658767581842	0.000189488937714282	0.00714060157400846	0.00695111263629418
0.00767730044764493	0.0201454812554102	0.040817999113225	0.0384680274597744	-0.00234997165345056	0.000229782367820772	0.00212786530000567	0.0139348017466904	0.0175212536071342	0.00358645186044384
0.00838864604696551	0.025722468478596	0.0516980795088798	0.0773984358058734	0.0257003562969936	0.000225339455947249	0.0026871350202299	0.0155519768294338	0.044919940958675	0.0293679641292412
0.00783661968240131	0.0190735097426322	0.0370335234354283	0.0392969666026532	0.00226344316722486	0.000210294893049397	0.00224870523335389	0.00967467377441859	0.0238460611004047	0.0141713873259861
0.00944607659284269	0.0250205855580781	0.0717656466312162	0.0761269890535532	0.00436134242233703	0.000306570545318374	0.00297296881079116	0.027957903821436	0.0405837757040778	0.0126258718826418
0.000275915141015641	0.000110261342044134	0.00014944288882786	2.5103278179376e-06	-0.000146932561009923	1.94855155508221e-05	-7.92401582457731e-05	0.000480683688712799	0.00013588261433324	-0.000344801074379559
-0.00110284783910649	-0.0122256705426538	0.00242190246631206	0.0200166490408268	0.0175947465745148	-4.68115002795294e-05	-0.00120729954356697	0.00362439181281339	0.0197104787757315	0.0160860869629181
0.00787494470623397	0.0252843715896981	0.048649645096	0.0655651701490264	0.0169155250530264	0.000198835594392912	0.00324441016517306	0.0138711841526055	0.0389812469671887	0.0251100628145832
0.00789561545858381	0.025813928943122	0.047554420037801	0.0686826562745325	0.0211282362367315	0.00019757824396066	0.00348968286700265	0.013858046128644	0.0471337672734416	0.0332757211447976
0.00948077202484212	0.0237595618573685	0.0809392500419913	0.0785729001309287	-0.00236634991106265	0.0002913782064242	0.00282152304848239	0.0281527678605169	0.0474040256582817	0.0192512577977648
0.0119169330673675	0.0320048731902865	0.0968359410132294	0.0836878459391972	-0.0131480950740323	0.00040334920682633	0.00414516226908462	0.0452267266285882	0.0517264205031194	0.00649969387453125
-0.000670543463407817	-0.00720937045988208	0.000851069012499212	0.00933237630094313	0.00848130728844392	-2.83023951241113e-05	-0.000755462898298066	0.001170506241828	0.00981516930796588	0.00864466306613788
0.00947557337378871	0.0233696918808082	0.0655800291014712	0.0743218647915337	0.00874183569006245	0.000350140039873847	0.0023533225397619	0.0322432213184287	0.0371245815444861	0.00488136022605745
0.00887105978544786	0.0242064920102407	0.0545612294157027	0.0729354616549374	0.0183742322392347	0.000220059065623207	0.00270569374922879	0.013946289157774	0.0438308201909217	0.0298845310331477
0.0104274113438242	0.0207820307230309	0.0824163977214882	0.0573434671526426	-0.0250729305688457	0.000460494844534171	0.00266980842175259	0.0477996908307128	0.0415075552826443	-0.00629213554806853
0.0113550339325026	0.030699819108482	0.0938508939943223	0.096276514972078	0.00242562097775569	0.000285822952832016	0.00332760552599639	0.0258159460857301	0.0529353518926957	0.0271194058069655
0.00985738255363142	0.0277075733786036	0.0624629207592111	0.0836794773312197	0.0212165565720086	0.000319593395048435	0.00315543121909192	0.0227094675905818	0.0454399098693147	0.0227304422787329
0.00917491076731584	0.0271194457455442	0.0714337803035283	0.0950440360995315	0.0236102557960032	0.000228113348807528	0.00299646709037541	0.0210195214048143	0.0547014484911314	0.0336819270863171
0.0130564026522438	0.0314749557415653	0.0991291205952532	0.10006435066086	0.000935230065606793	0.000411551070243599	0.00370558244454226	0.0378056490262227	0.0615926210345722	0.0237869720083495
0.0113679207736846	0.027728870526764	0.0894703367544258	0.0925299826759676	0.00305964592154183	0.000336778921292107	0.00270026322553046	0.0317229337854727	0.0481524202367143	0.0164294864512416
0.0104960980298535	0.0224199150908241	0.0686941210442194	0.0603425452904934	-0.00835157575372599	0.000325844890916193	0.00314785237700006	0.0249756630064417	0.0565884381000433	0.0316127750936016
0.00831256954141458	0.0248183679956712	0.060390740826626	0.0776050953696844	0.0172143545430584	0.000177977712128219	0.00320603135661277	0.0134729853467173	0.0514505893688496	0.0379776040221323
0.0116317587625092	0.027397495907021	0.113290572745187	0.089875301435701	-0.0234152713094856	0.000363699967443779	0.00374254732013965	0.0440470119133217	0.0622448982845384	0.0181978863712167
0.00982163815671806	0.0208311368237089	0.0639805546154289	0.0484585045308223	-0.0155220500846066	0.000287183764128727	0.00275819743034779	0.0186592392006456	0.0342860615273386	0.015626822326693
0.00805248794776403	0.0266219173143977	0.0433679855184116	0.0652284786204431	0.0218604931020315	0.00020991471922096	0.00368020616408598	0.0123237877429433	0.0484719859106275	0.0361481981676841
0.0112368427667921	0.0334899043428211	0.0887615366355088	0.124277525691746	0.0355159890562375	0.000266705946194819	0.00409767925826641	0.0235941827832593	0.0852355701196842	0.0616413873364249
0.00938449174017558	0.0232095798487611	0.0627418119459471	0.0698461294052481	0.00710431745930101	0.000267961808894544	0.00280126681183401	0.0194453335097876	0.0466573374114048	0.0272120039016172
0.0114916473337155	0.0242583126315469	0.0858984122364567	0.0606842343045806	-0.0252141779318762	0.000409576785836808	0.00337650681362048	0.0360755391682506	0.0394077585946586	0.00333221942640804
0.00852387139109723	0.0217918320135828	0.0621153791400839	0.0606150328175521	-0.00150034632253176	0.000207166944026127	0.00245590619313568	0.0168600513161654	0.0320578766313818	0.0151978253152164
0.0100331914153803	0.0367551866538441	0.0704499269131689	0.143451839292971	0.0730019123798019	0.000264589335838921	0.00568516016170317	0.0189572505639068	0.135090673138569	0.116133422574662
0.0109928596950869	0.0197798728144652	0.069580821405692	0.0360290520549952	-0.0335517693506969	0.000381146204028994	0.00263176894690291	0.0317419344181992	0.0250816431926523	-0.00666029122554694
