LR1_coefficients_null_raster	LR1_coefficients_layer_C	LR1_R2_null_raster	LR1_R2_layer_C	LR1_Q_layer_C	LR2_coefficients_null_raster	LR2_coefficients_layer_C	LR2_R2_null_raster	LR2_R2_layer_C	LR2_Q_layer_C
0.00900567904249643	0.0278638787427802	0.0852539411500502	0.0701878493333404	-0.0150660918167098	0.000249312213201075	0.00446160883551077	0.0318336213661083	0.0589218122000604	0.0270881908339521
0.00709261107629482	0.0208550899239155	0.0449666710408697	0.0464202178586368	0.0014535468177671	0.000224017770843076	0.00264742407524344	0.0165605544880432	0.0253543491574749	0.00879379466943166
0.00769847013371499	0.0257351525326582	0.0335535666281145	0.038232686328737	0.00467911970062243	0.000196993991523941	0.00383351501800031	0.00738478822588077	0.0234120708194708	0.01602728259359
0.0079298758932325	0.0165955196073292	0.055084576564951	0.0232377915231544	-0.0318467850417966	0.000188869855617948	0.00216312136121014	0.012215939462694	0.0111077211332359	-0.00110821832945801
0.0101198371814072	0.020075629855052	0.06595186519419	0.0318475983953917	-0.0341042667987984	0.000253950686140568	0.00207966327667416	0.0153472086003539	0.0123453212309619	-0.00300188736939197
0.0103815247285852	0.0201080207031943	0.102746853337434	0.0371213965417493	-0.0656254567956847	0.000359120810372496	0.00272384142110208	0.0473112432349294	0.0188563392224596	-0.0284549040124698
0.00913742416651822	0.0218452453593681	0.0841101821855359	0.0498749504664995	-0.0342352317190364	0.000246866085276892	0.00320299129709818	0.0239262214007748	0.0331958661951098	0.00926964479433492
0.00542119302342565	0.0211952344661108	0.0269398561823459	0.046019067462163	0.0190792112798171	0.00017305460116603	0.00315515979315641	0.0112881689540197	0.0308692101735947	0.0195810412195751
0.01539722801696	0.0308365522015983	0.165467990766538	0.0728469083066356	-0.0926210824599027	0.000652824867390547	0.00507957129094821	0.0927988747130182	0.0608257234358031	-0.0319731512772151
0.010737504343198	0.0183894969349411	0.0585023553875123	0.0218210490928263	-0.036681306294686	0.000323571059226193	0.00230715228147278	0.0190144301448975	0.0115876320669254	-0.00742679807797217
0.00549878992216957	0.0178686591332284	0.0245849513592039	0.0191210699232543	-0.00546388143594955	9.87359729298432e-05	0.00330311419113199	0.00381890307275877	0.0153540229937535	0.0115351199209947
0.0115261337160456	0.0220181980952876	0.122926690580589	0.0373796397297546	-0.0855470508508345	0.000367525632975245	0.0044437622012501	0.055723259915491	0.0352290249186708	-0.0204942349968202
0.0127863386901262	0.0289849009897909	0.0995359562127789	0.060958695454154	-0.038577260758625	0.000457433698441386	0.00471028171535197	0.0457991643310933	0.0495585354531107	0.00375937112201742
0.0100008336131982	0.0224086495906993	0.0844613490272275	0.0450071875323198	-0.0394541614949077	0.000288374849994646	0.00299726806306439	0.0317780312418189	0.0260597038191913	-0.00571832742262766
0.0111541222942896	0.0284676366663955	0.0743417296413102	0.0490578198176942	-0.025283909823616	0.000322477723366209	0.00440040715288156	0.0241370622302761	0.0303889215268093	0.00625185929653328
0.000783351558969244	-0.00176162507315922	0.00116282351688106	0.000353864007265468	-0.000808959509615595	2.18234724131565e-05	-2.40204687964886e-05	0.000695173986111855	3.4045141660801e-06	-0.000691769471945775
0.00877267361114184	0.031232980686891	0.0556724246546388	0.0741681315269022	0.0184957068722634	0.00025601475533184	0.00399776080791229	0.0159534394381643	0.03480726452156	0.0188538250833957
0.0115574832127823	0.0367690963443249	0.0953785462426279	0.0899672069139154	-0.00541133932871253	0.00039216720633382	0.00571348788858642	0.0410470455932175	0.06089023631094	0.0198431907177226
0.00874457227931466	0.0233970582704875	0.0616370359087082	0.0461828068644115	-0.0154542290442967	0.000220282374965409	0.00309649298632115	0.0155137885765447	0.0229139308892002	0.00740014231265556
0.0138010025868565	0.0271598154721625	0.120164968680673	0.0662301683469144	-0.0539348003337583	0.000457240538488876	0.003975736692469	0.04707667355608	0.0510212163246443	0.00394454276856424
0.00732603451696526	0.0184422142247324	0.0340578194716023	0.0225231756558952	-0.0115346438157071	0.000175454073976617	0.00315333796276611	0.00651692443953273	0.0161537043685125	0.0096367799289798
0.00923983757470773	0.0297062793631689	0.0731552822760087	0.0594675902813297	-0.0136876919946791	0.000233236234231444	0.00385419305868128	0.019593422121112	0.0248855380450088	0.00529211592389675
0.0115298829587093	0.044624833703714	0.0967952936282223	0.12628139304696	0.0294860994187377	0.000384205908874961	0.00858438256796592	0.0463471263200099	0.136509044804848	0.0901619184848383
0.00950378985738997	0.0314762521866965	0.0647233213387936	0.0787261617948283	0.0140028404560347	0.000274852080694606	0.0059013225879389	0.0200303267275124	0.078156783414201	0.0581264566866886
0.00808775639550999	0.018822239446555	0.0471747793510105	0.0253005968076421	-0.0218741825433684	0.000191334587806279	0.0029779593033275	0.0106573660685388	0.0180998566801407	0.00744249061160187
0.000172055566317573	0.00389132338689346	6.44512320803755e-05	0.00258386003714124	0.00251940880506087	1.4544014468291e-05	0.000449002020414547	0.000322030739924693	0.00233047821997835	0.00200844748005366
0.0122532806180355	0.0309315404963255	0.0869044944489116	0.0721548090698073	-0.0147496853791043	0.000435726434191198	0.00391195709509534	0.0347461497206748	0.036497512031738	0.0017513623110632
0.00781442047339453	0.0283983445186027	0.053647509824598	0.0837139311203043	0.0300664212957063	0.00025341847669129	0.00460137289103668	0.0177349223897723	0.0680158678708892	0.0502809454811169
0.0111382179985864	0.0214824399549031	0.0855927492099293	0.0312171724377111	-0.0543755767722182	0.000398066197785136	0.0029024643050125	0.0389847628601244	0.0172620782375366	-0.0217226846225878
0.0096871422586595	0.0248266237533872	0.0769642420850322	0.0538430020975201	-0.0231212399875121	0.000292557275413538	0.00361955963294256	0.0298198109218206	0.0309482943658487	0.00112848344402816
0.00967355187011707	0.0301035519291049	0.0628763232484028	0.0807594683612918	0.017883145112889	0.000310857428258632	0.00401558214440197	0.0232677252495418	0.0599284659108404	0.0366607406612986
0.00907980251524384	0.0269952062501732	0.0517536296777454	0.0523852353346053	0.000631605656859872	0.000214756229448185	0.00319938651811506	0.0113994995185511	0.0246506372480947	0.0132511377295436
0.0113843060549225	0.0226305499931275	0.0933118304352608	0.0436113726748025	-0.0497004577604584	0.000424943661941255	0.0029829773671269	0.0477283033619184	0.0245128172020326	-0.0232154861598858
0.00978050094496967	0.0212926314326412	0.0695302223449934	0.039570689039871	-0.0299595333051225	0.000239373227480533	0.0022579949721934	0.017515453111449	0.0179959426579524	0.000480489546503406
0.00678519885948498	0.0129814401187595	0.0372620822555771	0.0138928968287559	-0.0233691854268212	0.000152564892776077	0.00131602664795673	0.00795040119972657	0.004072316332443	-0.00387808486728357
0.0127286359851017	0.0247224767884877	0.133783123697302	0.0640671245678743	-0.0697159991294278	0.000502926505743407	0.00311934707407386	0.0697977744779401	0.0365511335851599	-0.0332466408927803
0.0112602270594974	0.0248998763092269	0.086547636544227	0.0502682079912513	-0.0362794285529757	0.00037216666430003	0.00341403571650232	0.0333561130844231	0.0305391520761456	-0.00281696100827744
0.00856683643327433	0.0212323187159961	0.0538787002476506	0.0390651666303412	-0.0148135336173094	0.000245326010949206	0.00264612647358857	0.0189437792232228	0.0222933728660479	0.00334959364282513
0.0136006381239392	0.0306964930893446	0.10018124424252	0.0547592670356604	-0.0454219772068591	0.00042308037735539	0.00550836034829748	0.0369190169278085	0.0504505810223005	0.0135315640944921
0.0122864417672659	0.019863187173018	0.094712685802353	0.0310624159274583	-0.0636502698748947	0.000500757267812108	0.00290464281109211	0.0506886843828041	0.0194331945566951	-0.0312554898261091
0.010898687134436	0.0166882549982197	0.0995825312907245	0.0222569434416463	-0.0773255878490782	0.000348666586329737	0.00269480902989637	0.0463574759402492	0.0145482731327083	-0.0318092028075408
-0.000533065071626186	0.000147843626949506	0.000477026870193344	2.77236638916931e-06	-0.000474254503804175	-3.15358285608135e-05	3.32761713895839e-05	0.00119088848766585	7.54579876830553e-06	-0.00118334268889755
0.00946293148923709	0.0175182005792553	0.0633454303610236	0.0245047002835524	-0.0388407300774712	0.000340765876440199	0.00229173479625257	0.0295064694750335	0.013035485619784	-0.0164709838552495
0.0100492005824731	0.0273856128032689	0.0681280239122392	0.0555878767409225	-0.0125401471713167	0.000386023889704748	0.00450763904271014	0.0339833893386279	0.0517917954292964	0.0178084060906685
-0.00197102728477867	-0.00248327060331824	0.00822042065503412	0.000897169040470172	-0.00732325161456395	-8.51260250892255e-05	-0.000235388965933958	0.0112103974736272	0.000536177213588681	-0.0106742202600386
0.0135670651978163	0.0389654112382947	0.117961124199371	0.109759126127108	-0.00820199807226307	0.000486468128671655	0.0067240829119301	0.0491684230916519	0.0866824851545475	0.0375140620628956
0.0112430934604722	0.0267609698544929	0.0872885800098165	0.0581256677539944	-0.0291629122558221	0.000302239388248344	0.00372356328127823	0.0270583639543293	0.0386089321340242	0.0115505681796949
-0.00216576252817825	-0.000212452813408898	0.00817952313914375	6.64293407260988e-06	-0.00817288020507114	-8.80239484732593e-05	-8.28902670648124e-05	0.00927595582557812	6.69872400359084e-05	-0.00920896858554221
0.00775422200172493	0.0273773348780408	0.0543487694729445	0.0632311975243817	0.00888242805143724	0.000193444000632052	0.0041891377661228	0.0146810390823555	0.0478501907132332	0.0331691516308777
0.0116219757620537	0.0290719049161536	0.0844004294624659	0.058335580210365	-0.0260648492521009	0.000323274684712628	0.00421319675613199	0.0240845405256576	0.0329449097566093	0.00886036923095166
0.0084593401870678	0.0306527852993613	0.0460409353771091	0.0567591817398898	0.0107182463627807	0.000208135311045554	0.00464163813010083	0.0114565359884936	0.0334106880035426	0.021954152015049
-4.35861404800432e-05	0.00351746601479694	4.26166840343076e-06	0.0015104431159999	0.00150618144759647	1.47725903942945e-05	0.000453846470372347	0.000336293469163889	0.00125827365776284	0.000921980188598947
0.00982171171265964	0.0209167043003681	0.07880811650395	0.0350900616500612	-0.0437180548538887	0.000261062790642795	0.00342976270341877	0.0241705229799365	0.0295325963723698	0.00536207339243332
-0.00163364391984651	-0.00762523797461024	0.00490303054087387	0.00512592508739023	0.000222894546516364	-4.56264716292817e-05	-0.00100366862388501	0.00301483572468682	0.00444627274503926	0.00143143702035244
0.0117048524787198	0.0243337071335543	0.09540810379438	0.0481607243969181	-0.047247379397462	0.000373174415687887	0.00390116739585094	0.0356751825341114	0.0359048178189723	0.000229635284860939
0.00689569550109653	0.0149580834570295	0.0488588018341763	0.0232032726199725	-0.0256555292142038	0.000191880076784807	0.00182839920377975	0.0165584357286513	0.0117687693088754	-0.00478966641977584
-0.000673382319759763	-0.00102570847683983	0.000944978741994723	0.000162909329406714	-0.000782069412588009	-2.91315011061923e-05	-9.95758562761896e-05	0.0013804974413025	9.36092642988828e-05	-0.00128688817700362
0.00852478298317885	0.0220229257352648	0.0587776932428248	0.0378636887990972	-0.0209140044437276	0.000213048441929108	0.00318186568633866	0.0168122602124338	0.0231951008000725	0.00638284058763872
0.0102723898713271	0.0223056824442352	0.0867860237934003	0.0425977697351451	-0.0441882540582552	0.000326765645925349	0.00382987701111617	0.034655377016708	0.0348038659972741	0.000148488980566089
0.0075958867873294	0.0201021171253083	0.0368960110609676	0.0304897900081272	-0.00640622105284036	0.000167150317034703	0.00314138063808999	0.00757998803163474	0.0228463114631269	0.0152663234314921
0.00757641189795046	0.0281648845044599	0.0576792046257643	0.068968663969253	0.0112894593434887	0.000197152529062449	0.00421987458377599	0.0169444898447681	0.0463982186383996	0.0294537287936315
0.0120022102160223	0.0374367829366115	0.13647168159863	0.145575618226903	0.00910393662827383	0.000431928691262112	0.00612252791913211	0.068651891756655	0.132058477107533	0.0634065853508783
0.00860093165090527	0.0262459578120553	0.0550784429202031	0.0564668212127073	0.0013883782925042	0.000227958815712676	0.00405195980955919	0.0139319492248791	0.0374381170783883	0.0235061678535092
0.0107931362920628	0.0266333509097543	0.0775319511985372	0.0537825343254837	-0.0237494168730535	0.000402435646075989	0.00392561479465959	0.0386282855468616	0.0365167773226533	-0.00211150822420838
0.00866971465400798	0.0206334354377011	0.0654148682882418	0.0378483442109209	-0.0275665240773208	0.000247706955476418	0.0038737848665714	0.0222113172713078	0.0340850892155319	0.0118737719442241
0.0113523767380482	0.0245053688633028	0.104590163212359	0.0606771062259891	-0.04391305698637	0.000381898623327539	0.00281511212298721	0.0440358515269514	0.0342215661672812	-0.00981428535967019
0.0133067999295546	0.040975745983157	0.104153225279824	0.107438476190955	0.0032852509111312	0.0003699176493341	0.00601212141570037	0.0295193985109679	0.0639043933875435	0.0343849948765756
0.0127603575871535	0.0276270872138947	0.101462128572555	0.0526911515222386	-0.048770977050316	0.000419037646606194	0.00485520080831598	0.034451176777464	0.0451546195038225	0.0107034427263584
0.00907263960735413	0.0142330736123293	0.0667887849248546	0.0164465627405708	-0.0503422221842838	0.000242134026821809	0.00175778860448414	0.0200018973633534	0.00715479767630248	-0.0128470996870509
-0.000269567094868039	-0.00658293917072539	0.000140622027643172	0.00565413467363437	0.0055135126459912	-1.20324141059015e-05	-0.00111461735740157	0.000189488937714282	0.00897280455078725	0.00878331561307297
0.00767730044764493	0.0219291464556355	0.040817999113225	0.0272374394690381	-0.0135805596441869	0.000229782367820772	0.0026902145368271	0.0139348017466904	0.0106050176873758	-0.00332978405931461
0.00838864604696551	0.0286349080084491	0.0516980795088798	0.0635591510887821	0.0118610715799024	0.000225339455947249	0.00405679569469067	0.0155519768294338	0.045052310346829	0.0295003335173952
0.00783661968240131	0.0190466669179972	0.0370335234354283	0.0244222901083199	-0.0126112333271084	0.000210294893049397	0.0028305273268939	0.00967467377441859	0.0146814919067805	0.00500681813236194
0.00944607659284269	0.0239316283250233	0.0717656466312162	0.0452388440861506	-0.0265268025450656	0.000306570545318374	0.00342923981521419	0.027957903821436	0.0250087003195526	-0.00294920350188339
0.000275915141015641	-0.00202151113179389	0.00014944288882786	0.000555289031550649	0.000405846142722789	1.94855155508221e-05	-0.000441080277089373	0.000480683688712799	0.00168318436613684	0.00120250067742405
-0.00110284783910649	-0.0134869913085101	0.00242190246631206	0.0180852509882688	0.0156633485219567	-4.68115002795294e-05	-0.00167946846801001	0.00362439181281339	0.0162378641286573	0.0126134723158439
0.00787494470623397	0.0308540580137099	0.048649645096	0.0623439285026643	0.0136942834066643	0.000198835594392912	0.00543632353788017	0.0138711841526055	0.0483625658839762	0.0344913817313707
0.00789561545858381	0.022774250473561	0.047554420037801	0.0372844803902597	-0.0102699396475414	0.00019757824396066	0.00319169811645918	0.013858046128644	0.0201072443874295	0.00624919825878551
0.00948077202484212	0.0236641776596483	0.0809392500419913	0.0488789947342055	-0.0320602553077858	0.0002913782064242	0.00370924345646981	0.0281527678605169	0.0338047553681112	0.00565198750759436
0.0119169330673675	0.0280156738412329	0.0968359410132294	0.0437629781424685	-0.0530729628707609	0.00040334920682633	0.0051089769606943	0.0452267266285882	0.0358239801971784	-0.0094027464314098
-0.000670543463407817	-0.00985570872314464	0.000851069012499212	0.0110055756206258	0.0101545066081266	-2.83023951241113e-05	-0.00130095448500415	0.001170506241828	0.0108825339666293	0.00971202772480127
0.00947557337378871	0.0259384993828428	0.0655800291014712	0.0652747349784243	-0.000305294123046931	0.000350140039873847	0.00312289138774158	0.0322432213184287	0.0349676564543922	0.00272443513596358
0.00887105978544786	0.0244239501174301	0.0545612294157027	0.052894197075483	-0.0016670323402197	0.000220059065623207	0.00329244627513579	0.013946289157774	0.0334437803103465	0.0194974911525726
0.0104274113438242	0.0183309456794328	0.0824163977214882	0.0297349474524813	-0.0526814502690069	0.000460494844534171	0.00269278136668235	0.0477996908307128	0.0204934300306152	-0.0273062608000976
0.0113550339325026	0.0264645114959932	0.0938508939943223	0.0520548610456786	-0.0417960329486438	0.000285822952832016	0.00348090289828949	0.0258159460857301	0.030119772010867	0.0043038259251369
0.00985738255363142	0.0302871444212583	0.0624629207592111	0.063385845124784	0.000922924365572883	0.000319593395048435	0.00379183003672736	0.0227094675905818	0.0282099447565196	0.00550047716593778
0.00917491076731584	0.0280628997892547	0.0714337803035283	0.0654352174751279	-0.00599856282840046	0.000228113348807528	0.00419518512380678	0.0210195214048143	0.0423769477745022	0.0213574263696879
0.0130564026522438	0.0247828032445235	0.0991291205952532	0.0452760869228831	-0.0538530336723701	0.000411551070243599	0.00286401549178651	0.0378056490262227	0.0202847425304214	-0.0175209064958013
0.0113679207736846	0.0304248771264903	0.0894703367544258	0.0733583749358173	-0.0161119618186085	0.000336778921292107	0.00419550227124086	0.0317229337854727	0.0480111717080963	0.0162882379226236
0.0104960980298535	0.02139359764317	0.0686941210442194	0.0367959342295969	-0.0318981868146225	0.000325844890916193	0.00384103130310001	0.0249756630064417	0.0382270012671007	0.013251338260659
0.00831256954141458	0.0253238505355292	0.060390740826626	0.0517621799872153	-0.0086285608394107	0.000177977712128219	0.00398371220968509	0.0134729853467173	0.0355087698027369	0.0220357844560196
0.0116317587625092	0.0245876615909514	0.113290572745187	0.0528224782773903	-0.0604680944677964	0.000363699967443779	0.00451131617113198	0.0440470119133217	0.0469704003639771	0.00292338845065538
0.00982163815671806	0.020264859036248	0.0639805546154289	0.0318745032166135	-0.0321060513988154	0.000287183764128727	0.00370880039457783	0.0186592392006456	0.031031631977277	0.0123723927766315
0.00805248794776403	0.0311384856428405	0.0433679855184116	0.057019680693335	0.0136516951749234	0.00020991471922096	0.00524394324735339	0.0123237877429433	0.0460739294928659	0.0337501417499226
0.0112368427667921	0.0357375805290799	0.0887615366355088	0.0931736949889964	0.00441215835348761	0.000266705946194819	0.0055841498526009	0.0235941827832593	0.0692054185643312	0.0456112357810719
0.00938449174017558	0.023751308057942	0.0627418119459471	0.0487938023780176	-0.0139480095679295	0.000267961808894544	0.00356354665344664	0.0194453335097876	0.0342935476450899	0.0148482141353023
0.0114916473337155	0.0189466585795814	0.0858984122364567	0.0257991635636034	-0.0600992486728533	0.000409576785836808	0.00330285764750315	0.0360755391682506	0.0189853071387211	-0.0170902320295295
0.00852387139109723	0.0240069562982833	0.0621153791400839	0.0469856797576634	-0.0151296993824205	0.000207166944026127	0.0035406218394945	0.0168600513161654	0.0285397514655499	0.0116797001493845
0.0100331914153803	0.042286446742012	0.0704499269131689	0.126683181220184	0.0562332543070148	0.000264589335838921	0.00861002924299333	0.0189572505639068	0.150781502568894	0.131824252004987
0.0109928596950869	0.0140111504054984	0.069580821405692	0.0120877227450432	-0.0574930986606489	0.000381146204028994	0.00211862477323838	0.0317419344181992	0.00740136200842861	-0.0243405724097706
