LR1_coefficients_null_raster	LR1_coefficients_per_pop_2025_CN_100m_R2025A_v1_C	LR1_R2_null_raster	LR1_R2_per_pop_2025_CN_100m_R2025A_v1_C	LR1_Q_per_pop_2025_CN_100m_R2025A_v1_C	LR2_coefficients_null_raster	LR2_coefficients_per_pop_2025_CN_100m_R2025A_v1_C	LR2_R2_null_raster	LR2_R2_per_pop_2025_CN_100m_R2025A_v1_C	LR2_Q_per_pop_2025_CN_100m_R2025A_v1_C
0.00808319879766488	0.365793887990047	0.0680460808636331	0.051834132848225	-0.0162119480154081	0.000212659239937081	0.451649583330759	0.023627947097201	0.0134029081596318	-0.0102250389375692
0.00608534727201069	0.268372469750639	0.0381397077429607	0.0305825730522208	-0.00755713469073998	0.000192609715445078	0.132605958281048	0.0148145802383847	0.00180806717196307	-0.0130065130664216
0.00738076768061965	0.349351598834931	0.0321266303103642	0.0313982235809322	-0.000728406729432023	0.000189280336941092	0.370439230538599	0.00750242136300959	0.00695074577160475	-0.000551675591404842
0.00811271045593552	0.444514132493971	0.0578309119084697	0.0634876614986709	0.00565674959020121	0.000205016856727856	0.776360035469147	0.0144653076724984	0.0223284189858203	0.00786311131332195
0.0104634706960162	0.405570998638293	0.0711128838404799	0.0503540365294776	-0.0207588473110023	0.000268420950403798	0.257430821839934	0.0160358134840423	0.00448269445299192	-0.0115531190310503
0.00907119670998722	0.455788060904986	0.0813669899309473	0.0715981672445182	-0.00976882268642905	0.00029139597136192	0.86498846424803	0.0311639434100819	0.0274079251119194	-0.0037560182981625
0.0091724832664205	0.478330094086006	0.0855684691929471	0.0852137825484139	-0.000354686644533211	0.000246446098959038	0.788563510007658	0.0247088366031376	0.0260374193677184	0.00132858276458083
0.00548105516758877	0.218816954206005	0.028289211343838	0.0194409232634938	-0.00884828808034426	0.000183575923260575	0.292268318245102	0.0133337110212833	0.00632153908284701	-0.00701217193843627
0.0151899597263702	0.607988173721949	0.190302431507655	0.148533501307494	-0.0417689302001608	0.00064139182321414	1.03810098549725	0.109963256428143	0.0686668881482528	-0.04129636827989
0.0104909344365721	0.435964554618628	0.0663964975044658	0.050409556526163	-0.0159869409783028	0.000338134391604518	0.468112811802877	0.0251356525280022	0.0118462666675491	-0.0132893858604531
0.00674856291572191	0.320494245358381	0.0294649055518642	0.0296531668687282	0.000188261316863982	0.000163540866379258	0.25568166764746	0.00721958452587491	0.00478311627434378	-0.00243646825153113
0.0106212300000533	0.401047306129501	0.10377234325391	0.067501461451054	-0.0362708818028555	0.000414800959400155	0.776237464172137	0.0578918339026447	0.037030637911793	-0.0208611959908516
0.0124770287553981	0.53041617961274	0.109291478751312	0.0854611580692942	-0.0238303206820176	0.000447393740039111	0.595928848688557	0.0529820767374041	0.0288282756044932	-0.024153801132911
0.00898934727558691	0.548394005964179	0.0864728902716362	0.114266542628867	0.0277936523572312	0.000242956554699919	0.976062745185278	0.0308885281883874	0.0526720828044484	0.021783554616061
0.0120477258849348	0.566007340844386	0.0909727244137373	0.074405303874444	-0.0165674205392933	0.000372199377137748	1.10292594710331	0.0346029745464403	0.0372567082986432	0.00265373375220288
0.000849417140460153	0.0572952100330244	0.0012238240092659	0.00242495672332354	0.00120113271405764	2.58298906885388e-05	0.0717879536642124	0.000825886549563927	0.00182359619838334	0.000997709648819415
0.00810870144926852	0.338668842560972	0.051688771346754	0.0437176322388981	-0.00797113910785585	0.000226607395678859	0.365445008579529	0.014084661362641	0.010420029480623	-0.00366463188201799
0.0119020108333866	0.54041306503241	0.117666396210233	0.091924266148085	-0.0257421300621476	0.000410395317127778	1.25405287900466	0.0507852444403236	0.0533238384135686	0.00253859397324495
0.00922739307723027	0.433206981895948	0.072124097839926	0.0619910648528223	-0.0101330329871037	0.000232356403148085	0.581472995210882	0.0185953226176453	0.015687526915812	-0.00290779570183333
0.0146048560465441	0.609312238349734	0.12865255829806	0.0995621231496617	-0.0290904351483981	0.000534515642754631	1.02519607609222	0.0587306517637898	0.0375537249970402	-0.0211769267667496
0.00729126988219223	0.353815209502258	0.0355694551422681	0.03253351560933	-0.00303593953293812	0.000185509457902966	0.576163804886317	0.00791171498395932	0.0114279581739822	0.00351624319002291
0.00905536804078099	0.416016557755246	0.0782448878904037	0.06839519968524	-0.0098496882051637	0.000226084276552859	0.3785346253019	0.0212363049999869	0.0114103952391089	-0.00982590976087801
0.0110824247547033	0.500345392361741	0.0971841583181063	0.0760996543812143	-0.021084503936892	0.000395179979909362	0.997941989251783	0.0523728037671781	0.0384261346099026	-0.0139466691572756
0.00911080241145539	0.424482208838595	0.0682823840617667	0.0640582399059307	-0.00422414415583602	0.000274805408521151	0.499396777392128	0.0232750341106697	0.0194082755582238	-0.00386675855244596
0.00973938085207329	0.594120384123007	0.0560644332921603	0.0633234929961644	0.00725905970400416	0.000303477327100822	1.29044928788876	0.0179924368921741	0.0224830179868163	0.00449058109464222
0.00176763958696843	0.0770865314816985	0.005704352822913	0.00512292903966121	-0.000581423783251793	9.54392757150417e-05	0.124615289233664	0.0101220623756911	0.0055288961356513	-0.00459316624003981
0.0121148627056104	0.508975929255127	0.118230133156309	0.096120934777017	-0.0221091983792919	0.000445499125423884	0.804477470462948	0.053265232982112	0.0360549587239792	-0.0172102742581328
0.00777234978902806	0.313662029426059	0.0612357521240559	0.0480525672453136	-0.0131831848787423	0.000261611805448135	0.252278655219761	0.0223827167455275	0.00781306214604465	-0.0145696545994829
0.00841906308984085	0.32723843669488	0.0630533410389613	0.0418433188160203	-0.0212100222229409	0.000298396083265777	0.324018124293802	0.0304623160533562	0.0106145533491572	-0.019847762704199
0.00891883224183054	0.364432961132142	0.0740671730939548	0.054139007781649	-0.0199281653123058	0.000259726803362717	0.243286397307262	0.0276613928019114	0.00640968589023478	-0.0212517069116766
0.0077276673810341	0.45517570484948	0.0578803602025668	0.073423696126245	0.0155433359236783	0.000280293268582797	1.05281889320725	0.0285787439158372	0.0493282347868614	0.0207494908710242
0.00899310012607233	0.529664659872861	0.0549851393882843	0.0716738698012591	0.0166887304129748	0.000226022223901048	1.02478487776258	0.0143015393562317	0.0283222960181374	0.0140207566619056
0.00909539549240461	0.34822383602567	0.0705975913024227	0.0535541709285666	-0.017043420373856	0.000316130809337202	0.270290680591328	0.032607491870879	0.00810883222170947	-0.0244986596491695
0.0103926239965121	0.629059805310023	0.0739803823607957	0.0962944707957052	0.0223140884349095	0.000273239900601852	1.26294469018938	0.0216476058966981	0.0460274229718512	0.0243798170751531
0.00869585502563007	0.385629825630245	0.0555657695907458	0.053347976798016	-0.00221779279272978	0.000243887618264107	0.53550090448652	0.016922394990903	0.022800194652539	0.00587779966163597
0.0129771410690972	0.492720905024256	0.156871610882886	0.109979008933426	-0.0468926019494601	0.000532886081715131	0.665080914898558	0.0896499619477636	0.0425797872087264	-0.0470701747390373
0.0122049906571413	0.611109302020895	0.105783564550157	0.0910559090503201	-0.0147276554998364	0.000395891481138955	1.18807299520509	0.0410631480859069	0.0379128579528542	-0.00315029013305267
0.00749551602197983	0.416429426267333	0.0422004525325503	0.0458977189918084	0.00369726645925812	0.00020602373336434	0.810632246946366	0.013069324831657	0.019455599622698	0.00638627479104102
0.0140470292638846	0.664692471151374	0.119062835036048	0.096421840210733	-0.0226409948253146	0.000442310857194323	1.07798555765489	0.0462042988864782	0.0324583570244575	-0.0137459418620207
0.0122105934804595	0.45408004246784	0.108356470194089	0.0685230317642334	-0.0398334384298561	0.000532555384403222	0.747544644602592	0.0668076289561346	0.0281155459597662	-0.0386920829963684
0.0113966378091184	0.546673674441318	0.091341336737547	0.0714869193104557	-0.0198544174270913	0.000481270976447416	1.33483824784365	0.0529844625555628	0.0424804071616667	-0.0105040553938961
-1.83204741307825e-05	0.00481928412614776	6.80804587233387e-07	2.3624341427282e-05	2.29435368400486e-05	-3.30864310616364e-06	-0.0306547689882952	1.5759442808415e-05	0.000619779087006765	0.00060401964419835
0.00974989352488891	0.404959808389647	0.0702844627353214	0.0583703038893485	-0.011914158845973	0.000343173738570676	0.438575271754029	0.0318782643236223	0.0170067147148878	-0.0148715496087346
0.00995091803830717	0.481128128586762	0.0728535631479411	0.0781608917489671	0.00530732860102599	0.00038617753676602	0.92180949419334	0.0377807085679262	0.0501015587137883	0.0123208501458621
-0.00248882609854583	-0.114802515878503	0.0137728743654279	0.0125513259363587	-0.00122154842906922	-0.000104836094521765	-0.16586486073458	0.0183565155175902	0.0118734017003589	-0.00648311381723136
0.0128169762112479	0.658736637250616	0.106926946338701	0.101910055939296	-0.00501689039940477	0.000446266747477008	1.29522177528646	0.0445086131574559	0.0398639429779573	-0.00464467017949861
0.0122290543805319	0.427083600248368	0.0984821521018224	0.0654236707208885	-0.0330584813809338	0.000354465759275995	0.314997927226827	0.033826316223596	0.0101788374607789	-0.023647478762817
-0.00266244927945198	-0.154330913426058	0.0116639184556101	0.0169528402067401	0.00528892175112996	-0.000104046708753365	-0.219044753672923	0.0123777727322174	0.0130451286316743	0.000667355899456934
0.0061877926549838	0.27431560960735	0.041671268186806	0.0329789851308764	-0.00869228305592955	0.000153781696492903	0.202046884560736	0.0114880342185546	0.00367118693016839	-0.00781684728838619
0.012171409222494	0.56269901156216	0.0858181596065079	0.0708358144039964	-0.0149823452025115	0.000421515936197734	1.16422865246815	0.033612631404007	0.0314067559005841	-0.00220587550342296
0.00743710301771084	0.363112589813218	0.038872226198698	0.0403242015557524	0.00145197535705442	0.00016742933272127	0.22129724355812	0.00844374204244917	0.003998332282208	-0.00444540976024117
0.000122491253288412	0.019552464838104	3.53656457615048e-05	0.000343299243993431	0.000307933598231926	1.40722383743701e-05	0.0270186238601491	0.000321034188847423	0.000248552538687392	-7.24816501600315e-05
0.00916092790768477	0.415010233103768	0.0761992963307234	0.0698419379895981	-0.00635735834112525	0.000248671639972594	0.411902256978552	0.0253891805512286	0.0149809528932457	-0.0104082276579829
-0.00212844452578336	-0.122424754630134	0.00774706168650815	0.0103752717762424	0.00262821008973429	-6.38740188855871e-05	-0.184434236682341	0.00542693697189994	0.0101429974371687	0.00471606046526872
0.0118221771952007	0.470957334771614	0.096777924959855	0.0831967518250549	-0.0135811731348	0.000409646994465805	0.453289633817861	0.0384880551822905	0.0220893475958318	-0.0163987075864587
0.00646100417435214	0.280258220702383	0.0437399569386635	0.0380550308749019	-0.0056849260637616	0.00016715349946893	0.251097885496373	0.0130251524921239	0.00756098148343679	-0.00546417100868713
-0.000625734635571243	0.0146735890992822	0.000792479563568948	0.000183422323915482	-0.000609057239653466	-2.13373603398623e-05	0.04219351989131	0.000711785214649998	0.000664636352106117	-4.71488625438807e-05
0.0114926124032532	0.556258881469719	0.0842345359087791	0.0706359793017406	-0.0135985566070385	0.000437640590540707	1.30291935712556	0.0430610284892685	0.0379886444274457	-0.00507238406182281
0.00954894719688331	0.377965351561054	0.0821723836858866	0.056968561065893	-0.0252038226199936	0.00030155355458674	0.529442195354906	0.0333498687408516	0.0195402750358837	-0.0138095937049679
0.00970702457546499	0.508058342101887	0.050700939866604	0.055519194886355	0.00481825501975103	0.000327524634318328	1.01646234917628	0.0176139177085535	0.0197358743437855	0.00212195663523198
0.0071625349659591	0.369073767456506	0.0485183984171076	0.0522145951512816	0.00369619673417407	0.000167674074441032	0.429629166775491	0.0112048204226086	0.0115150836866529	0.000310263264044276
0.0111518049146826	0.465406584109147	0.133233077256312	0.0923161804175743	-0.040916896838738	0.000404515963077826	0.628508206535637	0.0683124785500409	0.030451014718418	-0.037861463831623
0.00925895996362577	0.539369758475721	0.0631238156325194	0.0755898726088274	0.012466056976308	0.000251125694905506	1.02266733594962	0.0171276038356457	0.0272089723581031	0.0100813685224574
0.0104676735898049	0.524546889666386	0.080339099405435	0.0771179950240341	-0.0032211043814009	0.000407506235276048	1.19523313237166	0.0454593358692779	0.0495937801429106	0.00413444427363271
0.00680859700771559	0.308362311835866	0.0457711854516237	0.0370733913364476	-0.00869779411517606	0.000197825103318003	0.297368885728079	0.0165307794768864	0.00698197103483742	-0.00954880844204897
0.0111339717537502	0.462356240325907	0.105457529510758	0.0748692674742008	-0.0305882620365569	0.000371648016632997	0.881288077738804	0.044180910182871	0.0366139065223693	-0.00756700366050169
0.0134594645303448	0.593673533662093	0.127121829347271	0.10826146174791	-0.0188603675993603	0.000374047359223209	0.553116375079133	0.0375759752299163	0.018865535300905	-0.0187104399290113
0.0140270307723822	0.5226185631888	0.115845052506748	0.0730520322727807	-0.0427930202339669	0.000455360349884189	0.408329723263047	0.039661991609681	0.0105623072165701	-0.029099684393111
0.00744910311742497	0.399167618567901	0.0515164093111981	0.0538874737004422	0.00237106438924409	0.000190768780459525	0.656388221560858	0.0151222835392194	0.0184493570800385	0.00332707354081916
-0.000200005544347831	0.00241311116865293	7.32752237132147e-05	5.87684083364945e-06	-6.73983828795652e-05	-1.26397324893124e-05	0.0327636570660768	0.000193265902019556	0.000557585042832812	0.000364319140813256
0.00797376987633409	0.307103064939535	0.0465818630418354	0.0351170237775752	-0.0114648392642602	0.000268046710369645	0.250880201133275	0.0204755684667193	0.00618517455620341	-0.0142903939105159
0.00793408168426602	0.420195643843285	0.055455361508689	0.0553554593191909	-9.9902189498173e-05	0.000212659555492087	0.664727477182815	0.0178742685996937	0.0180973034200521	0.000223034820358407
0.00696675768782596	0.342963317409742	0.0277515779787294	0.0307264485719732	0.00297487059324375	0.000163281811688316	0.331826440528354	0.00512966291069603	0.00665681458046829	0.00152715166977226
0.0106303286440139	0.427969428133109	0.0823384257183222	0.0636465630459824	-0.0186918626723398	0.000476725862720966	0.409012113299782	0.0456829820961902	0.0131223404796987	-0.0325606416164915
0.000752607063115396	0.0855151341980656	0.00111776164221832	0.00640303688307614	0.00528527524085782	4.25844500787703e-05	0.142017673892091	0.00236305467934488	0.00945122375590703	0.00708816907656215
-0.000862345972615528	-0.0651548405992923	0.00153010875290658	0.00382036820847304	0.00229025945556646	-3.54933003575674e-05	-0.129255041112237	0.00222900799088392	0.00734104367878662	0.0051120356879027
0.00750076707775139	0.330463008298686	0.0533548202381558	0.0364766258779899	-0.0168781943601659	0.000198472095231141	0.440339920793407	0.0169932897195026	0.00902892394462432	-0.00796436577487828
0.0069697259117383	0.403629293490779	0.0440246748695855	0.0559982863691983	0.0119736114996128	0.000172262097499592	0.673228436269895	0.0132317703802497	0.0214131372355252	0.00818136685527546
0.00898381629492993	0.377767479647078	0.0810745661049197	0.0656272051906028	-0.0154473609143169	0.000265437739544932	0.296323188991961	0.0281450817267349	0.0112391998005271	-0.0169058819262078
0.0116418683593353	0.461199283570265	0.0970288175218136	0.0636656907424913	-0.0333631267793223	0.000394848723867561	0.532264837305848	0.0461174933219576	0.0201735186181815	-0.0259439747037761
-0.000589104784676292	0.0136636164486687	0.00061332343013274	0.000176529180750762	-0.000436794249381978	-1.75661602299458e-05	0.0688108471990073	0.000437075668243114	0.00229979149262559	0.00186271582438248
0.0101457266442576	0.441666243071669	0.0819171101408872	0.0683997715730369	-0.0135173385678503	0.000379452733864593	0.443788553764616	0.0429642320583021	0.0150336084278479	-0.0279306236304542
0.00860918632066396	0.333032372921725	0.0573956706045077	0.0380799121259543	-0.0193157584785534	0.000232272298427077	0.290689138320352	0.0168629473827999	0.00582680708540475	-0.0110361402973951
0.0101610692663302	0.321115100446748	0.0787043712414774	0.0366419569604897	-0.0420624142809877	0.000439990831002151	0.562506356394348	0.0459008475848414	0.0153642575025975	-0.0305365900822439
0.0117968728137654	0.5771765518319	0.100306872898947	0.0937610591838997	-0.00654581371504763	0.000299236465658096	0.889824680228464	0.0293066800487066	0.034672244862063	0.00536556481335641
0.00928249465043537	0.313662713710851	0.0556555254575931	0.0293092714773704	-0.0263462539802227	0.000296813096782009	0.140151688704854	0.0198488480295213	0.00143600031620592	-0.0184128477133154
0.0113755964284547	0.475045057363412	0.101315585033484	0.0833319470963044	-0.0179836379371795	0.000337928961171072	0.441818776143202	0.0365864240889586	0.0189768390406681	-0.0176095850482906
0.0118125354333274	0.586014852765027	0.0926876694731401	0.100829389395928	0.00814171992278832	0.000374005209584313	0.696799169364213	0.037119372077405	0.0275803547884878	-0.00953901728891713
0.0131266414844746	0.455682928824544	0.114346459459989	0.0691591506060048	-0.0451873088539841	0.000519919644348342	0.37304714719425	0.0609035227134427	0.0129553302589986	-0.0479481924544441
0.00989859606549801	0.500473145059196	0.0666342155173138	0.0657395397738063	-0.000894675743507461	0.000325307617844312	0.986536721562285	0.0272184946334255	0.0284843320321052	0.00126583739867963
0.00842284840934624	0.419075377765301	0.0651616232769522	0.0592929169321709	-0.00586870634478128	0.000174831540237579	0.600395027559923	0.0144391474243797	0.0186036768638778	0.00416452943949812
0.012455312939981	0.720614359049486	0.127302966759978	0.129311610941274	0.0020086441812962	0.000363514498301838	1.4433700528365	0.0441353214125203	0.0533166603825838	0.00918133897006351
0.00870394650178218	0.32513606875458	0.0515214211203514	0.0359827044549113	-0.0155387166654401	0.000208661576850086	0.151886608441455	0.0103929716447819	0.00187738691695647	-0.00851558472782545
0.00736764984299453	0.292193000886103	0.0399824630865549	0.029465470233755	-0.0105169928527999	0.000198639975268756	0.147689910545	0.0124457524792129	0.00199954705611044	-0.0104462054231024
0.0117677610831733	0.455365908723854	0.101447029268386	0.0701519241725951	-0.0312951050957906	0.000285137448525655	0.370753449561331	0.0281677677226571	0.0120123204954274	-0.0161554472272297
0.00918053344895188	0.453854636971974	0.0659077637999089	0.0631351889541971	-0.00277257484571179	0.000253922919622402	0.931202342737491	0.020368738482897	0.0325884949254945	0.0122197564425975
0.0110128188563529	0.488173548102956	0.0774242622157878	0.0641313698797484	-0.0132928923360394	0.000372999611253414	1.0480906631693	0.0299293652619581	0.0333706630245962	0.00344129776263804
0.00897537757783492	0.420042704395389	0.0718097911709263	0.0685890826470701	-0.00322070852385614	0.000239153968703429	0.512002105282872	0.0225949400549958	0.024530481624934	0.0019355415699382
0.00962890929960915	0.501353126250512	0.0703135125619845	0.0623237914455903	-0.00798972111639414	0.000254524305062956	0.772288600657172	0.0194245209942453	0.0187839242188541	-0.000640596775391168
0.0101757505297318	0.340891801307467	0.0632132868802292	0.0361979141554005	-0.0270153727248287	0.00039587201127593	0.303548294099831	0.0324725563872376	0.00754348351445893	-0.0249290728727787
