LR1_coefficients_null_raster	LR1_coefficients_per_pop_2025_CN_100m_R2025A_v1_R	LR1_R2_null_raster	LR1_R2_per_pop_2025_CN_100m_R2025A_v1_R	LR1_Q_per_pop_2025_CN_100m_R2025A_v1_R	LR2_coefficients_null_raster	LR2_coefficients_per_pop_2025_CN_100m_R2025A_v1_R	LR2_R2_null_raster	LR2_R2_per_pop_2025_CN_100m_R2025A_v1_R	LR2_Q_per_pop_2025_CN_100m_R2025A_v1_R
0.00808319879766488	2.98984559762002e-05	0.0680460808636331	0.0824899623629035	0.0144438814992704	0.000212659239937081	3.78538584066971e-09	0.023627947097201	0.0446621861903646	0.0210342390931637
0.00608534727201069	2.0756505284177e-05	0.0381397077429607	0.0429634362750715	0.00482372853211072	0.000192609715445078	2.81577727925647e-09	0.0148145802383847	0.0262681633381916	0.0114535830998069
0.00738076768061965	2.35614300540632e-05	0.0321266303103642	0.0335103276648023	0.00138369735443811	0.000189280336941092	2.48197274958589e-09	0.00750242136300959	0.0121794876976268	0.00467706633461718
0.00811271045593552	2.49049990392698e-05	0.0578309119084697	0.0539730736446797	-0.00385783826378997	0.000205016856727856	2.6258359459883e-09	0.0144653076724984	0.0202209258393646	0.00575561816686625
0.0104634706960162	3.56698174303552e-05	0.0711128838404799	0.079452824254398	0.00833994041391817	0.000268420950403798	3.59865908273779e-09	0.0160358134840423	0.025868156264777	0.00983234278073472
0.00907119670998722	3.0176908764604e-05	0.0813669899309473	0.0911060688301952	0.00973907889924795	0.00029139597136192	4.29698508366723e-09	0.0311639434100819	0.0569684295464308	0.0258044861363489
0.0091724832664205	2.80928087616265e-05	0.0855684691929471	0.0754193900713061	-0.010149079121641	0.000246446098959038	3.85030586158465e-09	0.0247088366031376	0.0410815500225426	0.016372713419405
0.00548105516758877	1.66407709972952e-05	0.028289211343838	0.0248929598446067	-0.00339625149923139	0.000183575923260575	2.10554791208477e-09	0.0133337110212833	0.0136192375263426	0.000285526505059325
0.0151899597263702	4.83000167935815e-05	0.190302431507655	0.178920791070321	-0.0113816404373339	0.00064139182321414	8.13101731467291e-09	0.109963256428143	0.139757350471209	0.0297940940430665
0.0104909344365721	3.37062790198472e-05	0.0663964975044658	0.0630722249490108	-0.00332427255545498	0.000338134391604518	4.64102094693021e-09	0.0251356525280022	0.0370762323924537	0.0119405798644515
0.00674856291572191	1.92818478074535e-05	0.0294649055518642	0.0238934962775876	-0.00557140927427658	0.000163540866379258	2.40410028085235e-09	0.00721958452587491	0.0124093336617048	0.00518974913582989
0.0106212300000533	3.46792992708231e-05	0.10377234325391	0.105991502853538	0.00221915959962829	0.000414800959400155	4.91678085243156e-09	0.0578918339026447	0.070934450474246	0.0130426165716013
0.0124770287553981	3.80990483385088e-05	0.109291478751312	0.106093533348756	-0.00319794540255557	0.000447393740039111	5.05849855394445e-09	0.0529820767374041	0.0619941605189005	0.00901208378149634
0.00898934727558691	2.44020160643364e-05	0.0864728902716362	0.0621862244333811	-0.0242866658382551	0.000242956554699919	2.82988943680966e-09	0.0308885281883874	0.0327979522412249	0.00190942405283748
0.0120477258849348	3.90397914704223e-05	0.0909727244137373	0.0925923974858571	0.00161967307211981	0.000372199377137748	4.58148385431504e-09	0.0346029745464403	0.0439293193425922	0.00932634479615191
0.000849417140460153	-8.11065462009582e-08	0.0012238240092659	8.95679584639357e-07	-0.00122292832968126	2.58298906885388e-05	-2.67987615150427e-10	0.000825886549563927	0.000630817006006248	-0.000195069543557679
0.00810870144926852	2.83347892856631e-05	0.051688771346754	0.0582850056515095	0.0065962343047555	0.000226607395678859	3.28128678122232e-09	0.014084661362641	0.0216934958075866	0.00760883444494559
0.0119020108333866	3.49413645042041e-05	0.117666396210233	0.105752957926023	-0.0119134382842095	0.000410395317127778	3.79005113873952e-09	0.0507852444403236	0.0428494209655025	-0.00793582347482113
0.00922739307723027	3.09006790298599e-05	0.072124097839926	0.0750175895118757	0.00289349167194965	0.000232356403148085	3.671757091381e-09	0.0185953226176453	0.034799083325154	0.0162037607075086
0.0146048560465441	4.2709262819823e-05	0.12865255829806	0.109605919928589	-0.0190466383694708	0.000534515642754631	6.62155985907229e-09	0.0587306517637898	0.0765733661900778	0.017842714426288
0.00729126988219223	2.0652963727574e-05	0.0355694551422681	0.0290611136277542	-0.00650834151451393	0.000185509457902966	1.72628733177613e-09	0.00791171498395932	0.0070334813386457	-0.000878233645313616
0.00905536804078099	3.26993507398823e-05	0.0782448878904037	0.0929036552699103	0.0146587673795065	0.000226084276552859	4.15246023679048e-09	0.0212363049999869	0.0466576247457237	0.0254213197457368
0.0110824247547033	3.46113344764485e-05	0.0971841583181063	0.0913896591051604	-0.00579449921294584	0.000395179979909362	5.07712026441509e-09	0.0523728037671781	0.0664248831681807	0.0140520794010026
0.00911080241145539	2.73232538829898e-05	0.0682823840617667	0.0662798465135193	-0.00200253754824742	0.000274805408521151	3.35928706024231e-09	0.0232750341106697	0.0382011758946875	0.0149261417840177
0.00973938085207329	2.54599923750801e-05	0.0560644332921603	0.0437011419207961	-0.0123632913713642	0.000303477327100822	3.10773756477194e-09	0.0179924368921741	0.0201848415308368	0.00219240463866268
0.00176763958696843	5.64433499576742e-06	0.005704352822913	0.00537651362348666	-0.000327839199426343	9.54392757150417e-05	7.38576152420468e-10	0.0101220623756911	0.00561166849415922	-0.00451039388153189
0.0121148627056104	3.82508019483356e-05	0.118230133156309	0.115964741276881	-0.00226539187942838	0.000445499125423884	5.62826626463069e-09	0.053265232982112	0.0680013667514303	0.0147361337693183
0.00777234978902806	2.49529347496426e-05	0.0612357521240559	0.065786859159319	0.00455110703526312	0.000261611805448135	2.98899290785068e-09	0.0223827167455275	0.0299729774725293	0.00759026072700174
0.00841906308984085	2.47758050953333e-05	0.0630533410389613	0.0547850806258057	-0.00826826041315554	0.000298396083265777	3.67201842514331e-09	0.0304623160533562	0.0371117784503995	0.00664946239704333
0.00891883224183054	3.0695951425147e-05	0.0740671730939548	0.0789213627571869	0.00485418966323209	0.000259726803362717	4.24834486381061e-09	0.0276613928019114	0.0493187139037808	0.0216573211018694
0.0077276673810341	2.18303729447954e-05	0.0578803602025668	0.0475261332646192	-0.0103542269379476	0.000280293268582797	3.24385705282316e-09	0.0285787439158372	0.0365773370964283	0.00799859318059108
0.00899310012607233	2.6001691161847e-05	0.0549851393882843	0.0426679347559064	-0.0123172046323779	0.000226022223901048	2.9828626915767e-09	0.0143015393562317	0.0182842608930079	0.00398272153677615
0.00909539549240461	2.70864906670211e-05	0.0705975913024227	0.0575110507626786	-0.0130865405397441	0.000316130809337202	3.96385266606772e-09	0.032607491870879	0.0339026698995863	0.00129517802870735
0.0103926239965121	2.85103872443182e-05	0.0739803823607957	0.0554659533128799	-0.0185144290479158	0.000273239900601852	3.1772860332119e-09	0.0216476058966981	0.0212611317730189	-0.000386474123679249
0.00869585502563007	2.74762888970996e-05	0.0555657695907458	0.0552363461876943	-0.000329423403051497	0.000243887618264107	3.15110686091292e-09	0.016922394990903	0.0236727352322304	0.00675034024132739
0.0129771410690972	3.92337696742928e-05	0.156871610882886	0.140683411321895	-0.0161881995609909	0.000532886081715131	5.91050343078256e-09	0.0896499619477636	0.0970656802761196	0.00741571832835594
0.0122049906571413	3.60193656012528e-05	0.105783564550157	0.0999280676631884	-0.00585549688696811	0.000395891481138955	4.82090271543957e-09	0.0410631480859069	0.0534789439999088	0.0124157959140019
0.00749551602197983	2.73311309131703e-05	0.0422004525325503	0.0545222422013667	0.0123217896688165	0.00020602373336434	4.18979493323562e-09	0.013069324831657	0.0388914936496869	0.02582216881803
0.0140470292638846	4.5387934987839e-05	0.119062835036048	0.120300884032175	0.00123804899612708	0.000442310857194323	6.10269745134926e-09	0.0462042988864782	0.0726254172478989	0.0264211183614207
0.0122105934804595	3.5703933706439e-05	0.108356470194089	0.0977437661117725	-0.0106127040823169	0.000532555384403222	5.16936514263263e-09	0.0668076289561346	0.0673876816053745	0.000580052649239896
0.0113966378091184	3.37395217007892e-05	0.091341336737547	0.0853392591134103	-0.0060020776241367	0.000481270976447416	5.08909014210006e-09	0.0529844625555628	0.0614863759043078	0.00850191334874502
-1.83204741307825e-05	-4.45715060663262e-06	6.80804587233387e-07	0.00280209539406594	0.0028014145894787	-3.30864310616364e-06	-5.71674165292571e-10	1.5759442808415e-05	0.00250256537924505	0.00248680593643664
0.00974989352488891	2.93816110719139e-05	0.0702844627353214	0.0653179387869233	-0.00496652394839811	0.000343173738570676	3.59392479924447e-09	0.0318782643236223	0.0333271280718106	0.00144886374818829
0.00995091803830717	3.27115434766469e-05	0.0728535631479411	0.0722643398944451	-0.000589223253496071	0.00038617753676602	4.74302775707096e-09	0.0377807085679262	0.0435478046676303	0.00576709609970417
-0.00248882609854583	-7.99674889477412e-06	0.0137728743654279	0.0105949967057037	-0.00317787765972426	-0.000104836094521765	-1.11070071724142e-09	0.0183565155175902	0.0134865599281603	-0.00486995558942997
0.0128169762112479	3.80193546805756e-05	0.106926946338701	0.0960234498515275	-0.010903496487173	0.000446266747477008	5.28100583133035e-09	0.0445086131574559	0.0546517310124436	0.0101431178549877
0.0122290543805319	3.57354263804352e-05	0.0984821521018224	0.0873331955691243	-0.0111489565326981	0.000354465759275995	4.33945633305126e-09	0.033826316223596	0.0400031322245315	0.00617681600093559
-0.00266244927945198	-3.91456092406068e-06	0.0116639184556101	0.00194698678814575	-0.00971693166746437	-0.000104046708753365	-3.93558692787879e-10	0.0123777727322174	0.00116609183782859	-0.0112116808943888
0.0061877926549838	2.13155044857757e-05	0.041671268186806	0.0425663804418514	0.000895112255045405	0.000153781696492903	2.38829730501107e-09	0.0114880342185546	0.0168442482566602	0.00535621403810563
0.012171409222494	3.77552611937763e-05	0.0858181596065079	0.0859480340389927	0.000129874432484758	0.000421515936197734	4.81055384209115e-09	0.033612631404007	0.0433126123427318	0.0096999809387248
0.00743710301771084	2.52134039612657e-05	0.038872226198698	0.0409463888725452	0.00207416267384721	0.00016742933272127	2.8654004617266e-09	0.00844374204244917	0.0166540899386123	0.00821034789616313
0.000122491253288412	-1.27319605789135e-06	3.53656457615048e-05	0.00034412725625326	0.000308761610491755	1.40722383743701e-05	-2.79693085489554e-10	0.000321034188847423	0.00108220550677416	0.000761171317926739
0.00916092790768477	3.08997480608472e-05	0.0761992963307234	0.0723970964333204	-0.00380219989740292	0.000248671639972594	4.1470669414414e-09	0.0253891805512286	0.0384738090050742	0.0130846284538457
-0.00212844452578336	-7.53354175342053e-06	0.00774706168650815	0.0075608506752658	-0.000186211011242356	-6.38740188855871e-05	-7.69244345903001e-10	0.00542693697189994	0.00542189845528229	-5.03851661764945e-06
0.0118221771952007	2.87952459876071e-05	0.096777924959855	0.0573830316332343	-0.0393948933266207	0.000409646994465805	3.39621780470158e-09	0.0384880551822905	0.0238593361623764	-0.0146287190199141
0.00646100417435214	2.31325242509841e-05	0.0437399569386635	0.0489603289021206	0.00522037196345707	0.00016715349946893	3.31235107393198e-09	0.0130251524921239	0.0299764838430909	0.016951331350967
-0.000625734635571243	-3.89162313596144e-06	0.000792479563568948	0.00247347747991958	0.00168099791635063	-2.13373603398623e-05	-4.78326153608006e-10	0.000711785214649998	0.00236715434851006	0.00165536913386006
0.0114926124032532	3.09240146946296e-05	0.0842345359087791	0.0649706787304341	-0.0192638571783451	0.000437640590540707	3.79570106251704e-09	0.0430610284892685	0.0351989539326962	-0.00786207455657231
0.00954894719688331	3.30316045582058e-05	0.0821723836858866	0.0972989642865444	0.0151265806006578	0.00030155355458674	4.38051221795794e-09	0.0333498687408516	0.0556815019680636	0.022331633227212
0.00970702457546499	2.75865364442889e-05	0.050700939866604	0.0442295658508464	-0.00647137401575761	0.000327524634318328	3.89208156239994e-09	0.0176139177085535	0.0247575795828055	0.00714366187425195
0.0071625349659591	2.22566053266236e-05	0.0485183984171076	0.0436821218312093	-0.00483627658589821	0.000167674074441032	2.37604896834676e-09	0.0112048204226086	0.0176194482196408	0.00641462779703219
0.0111518049146826	3.60869766104089e-05	0.133233077256312	0.136508014111115	0.00327493685480282	0.000404515963077826	5.07084011793311e-09	0.0683124785500409	0.0938711767071141	0.0255586981570732
0.00925895996362577	2.93748973935556e-05	0.0631238156325194	0.0617295667289899	-0.0013942489035295	0.000251125694905506	3.23203834537278e-09	0.0171276038356457	0.0228357436306714	0.00570813979502569
0.0104676735898049	3.15572242979939e-05	0.080339099405435	0.0709620531000959	-0.00937704630533913	0.000407506235276048	4.8559861995143e-09	0.0454593358692779	0.0495822500918095	0.00412291422253161
0.00680859700771559	2.19668851104585e-05	0.0457711854516237	0.0450307118124107	-0.000740473639212959	0.000197825103318003	2.53854181091642e-09	0.0165307794768864	0.0213658364719563	0.00483505699506993
0.0111339717537502	3.6523944471794e-05	0.105457529510758	0.120945318025654	0.0154877885148963	0.000371648016632997	4.77489602099182e-09	0.044180910182871	0.0732794192910231	0.0290985091081521
0.0134594645303448	4.44726962085816e-05	0.127121829347271	0.135578192736485	0.00845636338921385	0.000374047359223209	5.44552644175353e-09	0.0375759752299163	0.0619627080797958	0.0243867328498795
0.0140270307723822	3.90450644141028e-05	0.115845052506748	0.102618663489101	-0.0132263890176463	0.000455360349884189	4.29695891116047e-09	0.039661991609681	0.0437515783462973	0.00408958673661624
0.00744910311742497	2.52780182810136e-05	0.0515164093111981	0.0540571126963682	0.00254070338517001	0.000190768780459525	3.07338884363999e-09	0.0151222835392194	0.0253202008378837	0.0101979172986643
-0.000200005544347831	-4.94047033484633e-08	7.32752237132147e-05	3.29728803658301e-07	-7.29454949095564e-05	-1.26397324893124e-05	-7.36822379032361e-11	0.000193265902019556	4.02687574219968e-05	-0.000152997144597559
0.00797376987633409	2.75677404283455e-05	0.0465818630418354	0.0495914738678312	0.00300961082599585	0.000268046710369645	4.0852053004637e-09	0.0204755684667193	0.0338116900924473	0.0133361216257279
0.00793408168426602	2.86171288721253e-05	0.055455361508689	0.0648836984284425	0.00942833691975349	0.000212659555492087	3.39075152739224e-09	0.0178742685996937	0.0334180533188536	0.0155437847191599
0.00696675768782596	2.03591427772767e-05	0.0277515779787294	0.0242014360729978	-0.00355014190573159	0.000163281811688316	2.25941551120487e-09	0.00512966291069603	0.00838457912743334	0.00325491621673732
0.0106303286440139	2.76110658364106e-05	0.0823384257183222	0.0644518594826176	-0.0178865662357046	0.000476725862720966	3.93618686784167e-09	0.0456829820961902	0.0380213880008468	-0.00766159409534344
0.000752607063115396	-3.66923686780262e-07	0.00111776164221832	2.22471794777365e-05	-0.00109551446274058	4.25844500787703e-05	-2.796177897505e-11	0.00236305467934488	8.02074576179493e-06	-0.00235503393358309
-0.000862345972615528	1.93146345388937e-06	0.00153010875290658	0.000521394219401724	-0.00100871453350485	-3.54933003575674e-05	4.30088789074368e-10	0.00222900799088392	0.00172400052242356	-0.000505007468460362
0.00750076707775139	2.81782147568244e-05	0.0533548202381558	0.0716404040927034	0.0182855838545477	0.000198472095231141	3.30161651338227e-09	0.0169932897195026	0.0346876107397646	0.017694321020262
0.0069697259117383	2.31249797251545e-05	0.0440246748695855	0.0397566608803792	-0.00426801398920625	0.000172262097499592	2.92802258619065e-09	0.0132317703802497	0.0204974078311742	0.00726563745092444
0.00898381629492993	3.13293856029126e-05	0.0810745661049197	0.0914819504424387	0.010407384337519	0.000265437739544932	4.26906613936171e-09	0.0281450817267349	0.0509021604933981	0.0227570787666632
0.0116418683593353	4.19025106862632e-05	0.0970288175218136	0.114046372766374	0.0170175552445608	0.000394848723867561	5.76172628553933e-09	0.0461174933219576	0.0637693741651709	0.0176518808432133
-0.000589104784676292	-2.70235670171615e-06	0.00061332343013274	0.000826062387072502	0.000212738956939762	-1.75661602299458e-05	-3.03038056448526e-10	0.000437075668243114	0.000587521752650519	0.000150446084407405
0.0101457266442576	2.85651089107298e-05	0.0819171101408872	0.0664568128164084	-0.0154602973244788	0.000379452733864593	3.79634827456668e-09	0.0429642320583021	0.0395332762368458	-0.00343095582145629
0.00860918632066396	3.21822634328185e-05	0.0573956706045077	0.078326549450023	0.0209308788455153	0.000232272298427077	5.11800051047158e-09	0.0168629473827999	0.0533075489731905	0.0364446015903907
0.0101610692663302	3.62828411922107e-05	0.0787043712414774	0.101446796601967	0.0227424253604893	0.000439990831002151	5.37504116793852e-09	0.0459008475848414	0.070603848575685	0.0247030009908436
0.0117968728137654	3.97674936679003e-05	0.100306872898947	0.10187706286686	0.00157018996791228	0.000299236465658096	5.06354302176132e-09	0.0293066800487066	0.0482719281238397	0.0189652480751331
0.00928249465043537	2.87298514121313e-05	0.0556555254575931	0.0534335183688478	-0.00222200708874531	0.000296813096782009	3.28933859608178e-09	0.0198488480295213	0.02275054568935	0.00290169765982874
0.0113755964284547	3.56565542666961e-05	0.101315585033484	0.0968958775115407	-0.00441970752194326	0.000337928961171072	4.56443507254785e-09	0.0365864240889586	0.0481177246548359	0.0115313005658773
0.0118125354333274	3.37692949387668e-05	0.0926876694731401	0.073838820165726	-0.0188488493074141	0.000374005209584313	4.48113663643788e-09	0.037119372077405	0.0430388620362937	0.00591948995888877
0.0131266414844746	4.39147119125237e-05	0.114346459459989	0.128629834428028	0.0142833749680393	0.000519919644348342	5.90615603928743e-09	0.0609035227134427	0.0800228225579842	0.0191192998445415
0.00989859606549801	2.70529984002916e-05	0.0666342155173138	0.0505306170720778	-0.016103598445236	0.000325307617844312	3.72555220556455e-09	0.0272184946334255	0.0322717801432762	0.00505328550985064
0.00842284840934624	3.05490632276934e-05	0.0651616232769522	0.076929651972828	0.0117680286958758	0.000174831540237579	3.49077106671583e-09	0.0144391474243797	0.0335969973204603	0.0191578498960805
0.012455312939981	3.75739030259286e-05	0.127302966759978	0.123638828922341	-0.00366413783763699	0.000363514498301838	4.49819562252312e-09	0.0441353214125203	0.0642964848898323	0.020161163477312
0.00870394650178218	2.14866944138252e-05	0.0515214211203514	0.0318391279882013	-0.0196822931321502	0.000208661576850086	2.23410274537937e-09	0.0103929716447819	0.0100351344364974	-0.000357837208284566
0.00736764984299453	2.34476666684244e-05	0.0399824630865549	0.0350921544462412	-0.00489030864031369	0.000198639975268756	3.09427867098465e-09	0.0124457524792129	0.0173105548669782	0.0048648023877653
0.0117677610831733	4.29785212912385e-05	0.101447029268386	0.125279942240588	0.0238329129722027	0.000285137448525655	5.83553762392498e-09	0.0281677677226571	0.0680934136462561	0.039925645923599
0.00918053344895188	2.85701383799302e-05	0.0659077637999089	0.0647388500385903	-0.00116891376131853	0.000253922919622402	3.18376880563929e-09	0.020368738482897	0.0273404945906701	0.00697175610777312
0.0110128188563529	3.290033054473e-05	0.0774242622157878	0.0756418021633213	-0.00178246005246642	0.000372999611253414	4.26637637973014e-09	0.0299293652619581	0.0400410991410162	0.0101117338790581
0.00897537757783492	3.20237778490907e-05	0.0718097911709263	0.0779300735455675	0.00612028237464125	0.000239153968703429	4.41853303522843e-09	0.0225949400549958	0.0426595597350628	0.020064619680067
0.00962890929960915	3.12526670577942e-05	0.0703135125619845	0.079130169521601	0.00881665695961652	0.000254524305062956	3.50550206190927e-09	0.0194245209942453	0.0351181533311322	0.0156936323368868
0.0101757505297318	2.96168442587988e-05	0.0632132868802292	0.0536615953039969	-0.00955169157623236	0.00039587201127593	4.19459914543888e-09	0.0324725563872376	0.0331928231072331	0.000720266719995449
