LR1_coefficients_null_raster	LR1_coefficients_layer_C	LR1_R2_null_raster	LR1_R2_layer_C	LR1_Q_layer_C	LR2_coefficients_null_raster	LR2_coefficients_layer_C	LR2_R2_null_raster	LR2_R2_layer_C	LR2_Q_layer_C
0.00900567904249643	0.03071139655233	0.0852539411500502	0.0430329783988836	-0.0422209627511667	0.000249312213201075	0.00418141520947521	0.0318336213661083	0.0153902686131147	-0.0164433527529936
0.00709261107629482	0.0318639889883048	0.0449666710408697	0.0401635237042788	-0.00480314733659084	0.000224017770843076	0.0043834906557941	0.0165605544880432	0.0116704147187236	-0.00489013976931959
0.00769847013371499	0.0419112210951313	0.0335535666281145	0.0471821231381396	0.013628556510025	0.000196993991523941	0.00608977586975593	0.00738478822588077	0.0165749598003903	0.00919017157450957
0.0079298758932325	0.0369261762064577	0.055084576564951	0.0549365371068848	-0.000148039458066102	0.000188869855617948	0.00441446832652844	0.012215939462694	0.0149089986046975	0.0026930591420035
0.0101198371814072	0.0486570053378755	0.06595186519419	0.0765481775051751	0.010596312310985	0.000253950686140568	0.00498449752832274	0.0153472086003539	0.0167528362105628	0.00140562761020895
0.0103815247285852	0.0398995902226599	0.102746853337434	0.0714657304688322	-0.0312811228686018	0.000359120810372496	0.00492401537432755	0.0473112432349294	0.0207137727227395	-0.0265974705121899
0.00913742416651822	0.0326786089354129	0.0841101821855359	0.0600903939764936	-0.0240197882090423	0.000246866085276892	0.00408656695912819	0.0239262214007748	0.0193700754535273	-0.00455614594724757
0.00542119302342565	0.0169582572379039	0.0269398561823459	0.011983486225923	-0.014956369956423	0.00017305460116603	0.000775965340206222	0.0112881689540197	0.000529432294907377	-0.0107587366591123
0.01539722801696	0.0415834257880102	0.165467990766538	0.0767439922536904	-0.088723998512848	0.000652824867390547	0.00745808125267662	0.0927988747130182	0.0517108965400044	-0.0410879781730138
0.010737504343198	0.0402605535573592	0.0585023553875123	0.0432960280203221	-0.0152063273671902	0.000323571059226193	0.00555664419595129	0.0190144301448975	0.0157885850358244	-0.00322584510907315
0.00549878992216957	0.0292141037070328	0.0245849513592039	0.0312156344482027	0.00663068308899882	9.87359729298432e-05	0.00279316515083755	0.00381890307275877	0.00648274627218071	0.00266384319942194
0.0115261337160456	0.0366708788993889	0.122926690580589	0.0646328407066612	-0.0582938498739279	0.000367525632975245	0.0064282723493478	0.055723259915491	0.0443589508547671	-0.0113643090607239
0.0127863386901262	0.0462629856607138	0.0995359562127789	0.06461437589821	-0.0349215803145689	0.000457433698441386	0.00602289387443021	0.0457991643310933	0.0218040393080457	-0.0239951250230475
0.0100008336131982	0.0440516553833932	0.0844613490272275	0.0732902216095391	-0.0111711274176884	0.000288374849994646	0.00620598945140874	0.0317780312418189	0.0302659490261472	-0.00151208221567169
0.0111541222942896	0.0394116783929452	0.0743417296413102	0.0463907716110103	-0.0279509580303	0.000322477723366209	0.00480816977061821	0.0241370622302761	0.0127629525893968	-0.0113741096408793
0.000783351558969244	-0.000831726882247549	0.00116282351688106	4.87743078530136e-05	-0.00111404920902805	2.18234724131565e-05	-0.000871750565621957	0.000695173986111855	0.00155341006530696	0.0008582360791951
0.00877267361114184	0.0379608964299284	0.0556724246546388	0.0618151473334507	0.00614272267881187	0.00025601475533184	0.00580787876899142	0.0159534394381643	0.0263692567229252	0.0104158172847608
0.0115574832127823	0.0522287019177793	0.0953785462426279	0.0973025389060694	0.00192399266344148	0.00039216720633382	0.00806396687553257	0.0410470455932175	0.0473154720223581	0.0062684264291406
0.00874457227931466	0.031724442439195	0.0616370359087082	0.0439217437595539	-0.0177152921491543	0.000220282374965409	0.00324540970498059	0.0155137885765447	0.00972325918679996	-0.00579052938974469
0.0138010025868565	0.0496276429205797	0.120164968680673	0.0765718732358684	-0.0435930954448042	0.000457240538488876	0.00538507050600245	0.04707667355608	0.0174288952714637	-0.0296477782846164
0.00732603451696526	0.0342858593134656	0.0340578194716023	0.0412607143554754	0.0072028948838731	0.000175454073976617	0.00333310742010303	0.00651692443953273	0.00760034238323854	0.00108341794370581
0.00923983757470773	0.0374597281279293	0.0731552822760087	0.0580877910288182	-0.0150674912471906	0.000233236234231444	0.00385934282071048	0.019593422121112	0.0132406418723294	-0.00635278024878263
0.0115298829587093	0.0471977096405958	0.0967952936282223	0.074270642181259	-0.0225246514469633	0.000384205908874961	0.00662458898988815	0.0463471263200099	0.0287364214360326	-0.0176107048839773
0.00950378985738997	0.0439484438961484	0.0647233213387936	0.0601407128940546	-0.00458260844473904	0.000274852080694606	0.00726696681808533	0.0200303267275124	0.023281467912861	0.00325114118534859
0.00808775639550999	0.043197864018137	0.0471747793510105	0.0586680682674211	0.0114932889164106	0.000191334587806279	0.00845288908763089	0.0106573660685388	0.0333715058467461	0.0227141397782072
0.000172055566317573	-0.00145722855649373	6.44512320803755e-05	0.000163964543179422	9.95133110990465e-05	1.4544014468291e-05	-0.000345376646730234	0.000322030739924693	0.000247123691279685	-7.4907048645008e-05
0.0122532806180355	0.0386055113532746	0.0869044944489116	0.0511652743490924	-0.0357392200998192	0.000435726434191198	0.0050994348527688	0.0347461497206748	0.0157785639722454	-0.0189675857484295
0.00781442047339453	0.0292885868911729	0.053647509824598	0.0461533282035266	-0.00749418162107146	0.00025341847669129	0.00343136055454041	0.0177349223897723	0.0142293349191011	-0.00350558747067121
0.0111382179985864	0.0377600412148136	0.0855927492099293	0.0509228178513495	-0.0346699313585798	0.000398066197785136	0.00655536608036554	0.0389847628601244	0.028810666982901	-0.0101740958772235
0.0096871422586595	0.0409137081401639	0.0769642420850322	0.0657873163502221	-0.01117692573481	0.000292557275413538	0.00692666513979493	0.0298198109218206	0.0340303462417589	0.00421053531993832
0.00967355187011707	0.0396895976304464	0.0628763232484028	0.0550751178609412	-0.00780120538746162	0.000310857428258632	0.00504286476532421	0.0232677252495418	0.0174512749180506	-0.00581645033149117
0.00907980251524384	0.0345814405409985	0.0517536296777454	0.0394427410722161	-0.0123108886055293	0.000214756229448185	0.00353100929906646	0.0113994995185511	0.00810759867044126	-0.0032919008481098
0.0113843060549225	0.0397943497051675	0.0933118304352608	0.0652948198781906	-0.0280170105570702	0.000424943661941255	0.00589457373345463	0.0477283033619184	0.0288553410538695	-0.0188729623080488
0.00978050094496967	0.0461961008579353	0.0695302223449934	0.0705372620501434	0.00100703970514998	0.000239373227480533	0.00622405639597648	0.017515453111449	0.0238401490458108	0.00632469593436181
0.00678519885948498	0.0246628759089341	0.0372620822555771	0.0257791766012338	-0.0114829056543433	0.000152564892776077	0.00229003151742962	0.00795040119972657	0.00450060493605183	-0.00344979626367474
0.0127286359851017	0.0446521442504947	0.133783123697302	0.0871563712550601	-0.0466267524422419	0.000502926505743407	0.00703502566604898	0.0697977744779401	0.0392379442446258	-0.0305598302333143
0.0112602270594974	0.0331360506376596	0.086547636544227	0.0377061587406325	-0.0488414778035945	0.00037216666430003	0.00438370792378089	0.0333561130844231	0.0136846057899567	-0.0196715072944664
0.00856683643327433	0.0226891805287441	0.0538787002476506	0.0200429649114406	-0.03383573533621	0.000245326010949206	0.00270642750683462	0.0189437792232228	0.00572025813477301	-0.0132235210884498
0.0136006381239392	0.0443536527390505	0.10018124424252	0.0531204461543671	-0.0470607980881524	0.00042308037735539	0.0052178959177533	0.0369190169278085	0.0134230381344895	-0.023495978793319
0.0122864417672659	0.0365617474908373	0.094712685802353	0.0461643747349564	-0.0485483110673966	0.000500757267812108	0.00468344726095673	0.0506886843828041	0.0154063725704054	-0.0352823118123988
0.010898687134436	0.0478570334963173	0.0995825312907245	0.0875918370931358	-0.0119906941975887	0.000348666586329737	0.00978992817492513	0.0463574759402492	0.0531261971259824	0.00676872118573327
-0.000533065071626186	0.00566720186320345	0.000477026870193344	0.00259856044696137	0.00212153357676802	-3.15358285608135e-05	0.000615936335693668	0.00119088848766585	0.000899766695202948	-0.000291121792462906
0.00946293148923709	0.0333991515452296	0.0633454303610236	0.0413364942931885	-0.0220089360678351	0.000340765876440199	0.00447641002936193	0.0295064694750335	0.0159673485033826	-0.0135391209716509
0.0100492005824731	0.0428195600827969	0.0681280239122392	0.0621373013396594	-0.00599072257257979	0.000386023889704748	0.00775916719253509	0.0339833893386279	0.034375323270866	0.000391933932238145
-0.00197102728477867	-0.000560235181075762	0.00822042065503412	2.28746072323063e-05	-0.00819754604780181	-8.51260250892255e-05	-0.000608717274643788	0.0112103974736272	0.000847221603366346	-0.0103631758702609
0.0135670651978163	0.0490713561590985	0.117961124199371	0.0809860889023855	-0.0369750352969857	0.000486468128671655	0.00674049060531018	0.0491684230916519	0.0286423834636144	-0.0205260396280375
0.0112430934604722	0.0421778510962641	0.0872885800098165	0.0542457198533363	-0.0330428601564802	0.000302239388248344	0.00584160377925777	0.0270583639543293	0.0184974202072542	-0.00856094374707508
-0.00216576252817825	-0.00797919531731037	0.00817952313914375	0.00488850840816494	-0.00329101473097882	-8.80239484732593e-05	-0.00113770427616712	0.00927595582557812	0.00303139062508546	-0.00624456520049265
0.00775422200172493	0.0448672702803463	0.0543487694729445	0.0806634558667416	0.0263146863937971	0.000193444000632052	0.00671672401266943	0.0146810390823555	0.0378638412558976	0.0231828021735422
0.0116219757620537	0.0482091827660962	0.0844004294624659	0.0775702292752055	-0.00683020018726034	0.000323274684712628	0.00646010380049956	0.0240845405256576	0.0257175366165689	0.00163299609091131
0.0084593401870678	0.046574181811989	0.0460409353771091	0.0589793401066157	0.0129384047295067	0.000208135311045554	0.00623444998445153	0.0114565359884936	0.0171633382226266	0.00570680223413297
-4.35861404800432e-05	-0.00128826037701072	4.26166840343076e-06	0.000140905563349257	0.000136643894945826	1.47725903942945e-05	-0.000212691725666294	0.000336293469163889	0.000102736352862478	-0.000233557116301411
0.00982171171265964	0.0372465017496902	0.07880811650395	0.0605519074838267	-0.0182562090201233	0.000261062790642795	0.00546629699816275	0.0241705229799365	0.0267893719992308	0.00261884901929431
-0.00163364391984651	0.00256308294182635	0.00490303054087387	0.000569376326612149	-0.00433365421426172	-4.56264716292817e-05	0.000678073288258797	0.00301483572468682	0.00135341817550207	-0.00166141754918475
0.0117048524787198	0.052890639930404	0.09540810379438	0.0990072673844828	0.00359916359010277	0.000373174415687887	0.00822813610742197	0.0356751825341114	0.0423592432499907	0.00668406071587927
0.00689569550109653	0.0266591947435111	0.0488588018341763	0.0335032731500589	-0.0153555286841174	0.000191880076784807	0.00297013748713738	0.0165584357286513	0.00873711575508088	-0.0078213199735704
-0.000673382319759763	0.00268799061325749	0.000944978741994723	0.000529007016528329	-0.000415971725466393	-2.91315011061923e-05	0.000619599807088384	0.0013804974413025	0.000739316717990626	-0.000641180723311873
0.00852478298317885	0.0330339776627083	0.0587776932428248	0.0464654955299632	-0.0123121977128616	0.000213048441929108	0.00321681110341728	0.0168122602124338	0.0104501606167557	-0.00636209959567807
0.0102723898713271	0.0325259324200774	0.0867860237934003	0.0425768847704274	-0.0442091390229729	0.000326765645925349	0.00435871793579111	0.034655377016708	0.0136619756196576	-0.0209934013970504
0.0075958867873294	0.025589001251722	0.0368960110609676	0.0209348591459405	-0.0159611519150271	0.000167150317034703	0.00194740889268778	0.00757998803163474	0.00205505485436131	-0.00552493317727344
0.00757641189795046	0.0304280883154828	0.0576792046257643	0.04443636088196	-0.0132428437438043	0.000197152529062449	0.00430330480108976	0.0169444898447681	0.0189253917986357	0.00198090195386758
0.0120022102160223	0.04499932292064	0.13647168159863	0.088402884355001	-0.0480687972436285	0.000431928691262112	0.0068663091227888	0.068651891756655	0.0381586203780935	-0.0304932713785616
0.00860093165090527	0.0394454208749326	0.0550784429202031	0.0577265069278007	0.00264806400759765	0.000227958815712676	0.00483231065412376	0.0139319492248791	0.0157847751887776	0.00185282596389855
0.0107931362920628	0.0495736540094334	0.0775319511985372	0.089878123507544	0.0123461723090068	0.000402435646075989	0.00726878265749859	0.0386282855468616	0.0446082330491742	0.00597994750231259
0.00866971465400798	0.0411355721212474	0.0654148682882418	0.0658318295966797	0.000416961308437963	0.000247706955476418	0.00468768524299391	0.0222113172713078	0.0182531759312834	-0.00395814134002439
0.0113523767380482	0.036070987913696	0.104590163212359	0.0540947048809856	-0.0504954583313736	0.000381898623327539	0.0054783377539272	0.0440358515269514	0.0247654933816267	-0.0192703581453247
0.0133067999295546	0.0468114298538315	0.104153225279824	0.0733786444606968	-0.0307745808191269	0.0003699176493341	0.0066093595124517	0.0295193985109679	0.0267256255575385	-0.00279377295342936
0.0127603575871535	0.0584764049596416	0.101462128572555	0.102174758812695	0.000712630240140705	0.000419037646606194	0.00777448506548132	0.034451176777464	0.0320935456871635	-0.00235763109030057
0.00907263960735413	0.0322058276305305	0.0667887849248546	0.0449864811984947	-0.02180230372636	0.000242134026821809	0.00610336404444155	0.0200018973633534	0.031633892758146	0.0116319953947927
-0.000269567094868039	-0.000709697582002102	0.000140622027643172	3.51047145061921e-05	-0.00010551731313698	-1.20324141059015e-05	-0.000578453886813856	0.000189488937714282	0.000659534592748295	0.000470045655034013
0.00767730044764493	0.0407124669687529	0.040817999113225	0.0498987177524603	0.00908071863923533	0.000229782367820772	0.00554527509782594	0.0139348017466904	0.0166805133002449	0.00274571155355449
0.00838864604696551	0.0479278721436045	0.0516980795088798	0.0712324989496458	0.019534419440766	0.000225339455947249	0.00600882211711742	0.0155519768294338	0.0230419813337383	0.0074900045043045
0.00783661968240131	0.045841538529512	0.0370335234354283	0.0561771932627798	0.0191436698273515	0.000210294893049397	0.00774563776218359	0.00967467377441859	0.0258354951509759	0.0161608213765573
0.00944607659284269	0.0355538691883745	0.0717656466312162	0.0512419340344467	-0.0205237125967695	0.000306570545318374	0.00570080079445295	0.027957903821436	0.023146262766874	-0.004811641054562
0.000275915141015641	0.0055588762249763	0.00014944288882786	0.00247735773713265	0.00232791484830479	1.94855155508221e-05	0.00138503028854021	0.000480683688712799	0.00432594528884698	0.00384526160013418
-0.00110284783910649	0.00409220315256993	0.00242190246631206	0.0010413093145521	-0.00138059315175996	-4.68115002795294e-05	0.000628671461703613	0.00362439181281339	0.000734696610850431	-0.00288969520196296
0.00787494470623397	0.0355728566114449	0.048649645096	0.0425482013141719	-0.00610144378182815	0.000198835594392912	0.00429664173967166	0.0138711841526055	0.012834791656182	-0.00103639249642353
0.00789561545858381	0.0266823354338519	0.047554420037801	0.0276350939714685	-0.0199193260663325	0.00019757824396066	0.00293179607260701	0.013858046128644	0.0070962120915159	-0.00676183403712811
0.00948077202484212	0.0294821366029164	0.0809392500419913	0.0446785060375221	-0.0362607440044692	0.0002913782064242	0.00339159161205231	0.0281527678605169	0.0121393345072479	-0.016013433353269
0.0119169330673675	0.0429935457761029	0.0968359410132294	0.0589005328812333	-0.0379354081319962	0.00040334920682633	0.00617914830826068	0.0452267266285882	0.0231756306512391	-0.0220510959773491
-0.000670543463407817	0.00507430244687193	0.000851069012499212	0.00224069519272861	0.0013896261802294	-2.83023951241113e-05	0.000865042371183068	0.001170506241828	0.00244673499202146	0.00127622875019347
0.00947557337378871	0.0384140616255553	0.0655800291014712	0.0498522220479449	-0.0157278070535263	0.000350140039873847	0.00514808773508939	0.0322432213184287	0.0164074646548327	-0.015835756663596
0.00887105978544786	0.0426169494420642	0.0545612294157027	0.057218666197684	0.00265743678198137	0.000220059065623207	0.00621864461552706	0.013946289157774	0.0210664952982652	0.00712020614049119
0.0104274113438242	0.0290429527184946	0.0824163977214882	0.0375913463581497	-0.0448250513633385	0.000460494844534171	0.00285011426072829	0.0477996908307128	0.00770399466654502	-0.0400956961641678
0.0113550339325026	0.053851099541144	0.0938508939943223	0.0961073748042306	0.00225648080990824	0.000285822952832016	0.00794559739767431	0.0258159460857301	0.0393892543023512	0.0135733082166211
0.00985738255363142	0.0442209836619601	0.0624629207592111	0.0612190328399161	-0.00124388791929502	0.000319593395048435	0.0080478791114125	0.0227094675905818	0.0326171222814407	0.00990765469085896
0.00917491076731584	0.0432462088089879	0.0714337803035283	0.0789825905201991	0.00754881021667075	0.000228113348807528	0.00653180694024222	0.0210195214048143	0.0373482025188203	0.016328681114006
0.0130564026522438	0.0549267789413272	0.0991291205952532	0.0846268737626325	-0.0145022468326206	0.000411551070243599	0.00890353507159233	0.0378056490262227	0.0406618665836191	0.00285621755739644
0.0113679207736846	0.0487968685327886	0.0894703367544258	0.0838495973205522	-0.00562073943387363	0.000336778921292107	0.00990795990231845	0.0317229337854727	0.0505450266556036	0.0188220928701308
0.0104960980298535	0.0358541894018663	0.0686941210442194	0.0422417614494505	-0.026452359594769	0.000325844890916193	0.00423924994729485	0.0249756630064417	0.0126574943415409	-0.0123181686649008
0.00831256954141458	0.034753864083245	0.060390740826626	0.0541287480659061	-0.00626199276071986	0.000177977712128219	0.00503452945169865	0.0134729853467173	0.0230386739077141	0.00956568856099687
0.0116317587625092	0.0551272072350411	0.113290572745187	0.100676261786045	-0.0126143109591415	0.000363699967443779	0.0116155063105587	0.0440470119133217	0.063396036633727	0.0193490247204053
0.00982163815671806	0.0408186893207121	0.0639805546154289	0.0652194724415895	0.00123891782616062	0.000287183764128727	0.00526483685933374	0.0186592392006456	0.0232533481646292	0.00459410896398368
0.00805248794776403	0.0295533876280548	0.0433679855184116	0.0330128752217899	-0.0103551102966217	0.00020991471922096	0.00293794238439995	0.0123237877429433	0.007171335094036	-0.00515245264890735
0.0112368427667921	0.0456417506879016	0.0887615366355088	0.0757963668263494	-0.0129651698091594	0.000266705946194819	0.00628431460978562	0.0235941827832593	0.0287014190579874	0.00510723627472814
0.00938449174017558	0.0392358765599748	0.0627418119459471	0.0626772789538766	-6.45329920705567e-05	0.000267961808894544	0.00665611682382361	0.0194453335097876	0.0315971432433761	0.0121518097335885
0.0114916473337155	0.0408759032202765	0.0858984122364567	0.058420395982814	-0.0274780162536427	0.000409576785836808	0.00624684836764727	0.0360755391682506	0.0248333724127743	-0.0112421667554763
0.00852387139109723	0.0284471355695316	0.0621153791400839	0.0352450822870255	-0.0268702968530584	0.000207166944026127	0.00293370320223873	0.0168600513161654	0.0077441118886235	-0.0091159394275419
0.0100331914153803	0.0342182847302488	0.0704499269131689	0.0383992697001426	-0.0320506572130263	0.000264589335838921	0.00260245014000439	0.0189572505639068	0.00428306598350415	-0.0146741845804027
0.0109928596950869	0.0476759516873313	0.069580821405692	0.0621788553969378	-0.00740196600875426	0.000381146204028994	0.0070335986855254	0.0317419344181992	0.0243348526560665	-0.00740708176213272
