LR1_coefficients_null_raster	LR1_coefficients_layer_R	LR1_R2_null_raster	LR1_R2_layer_R	LR1_Q_layer_R	LR2_coefficients_null_raster	LR2_coefficients_layer_R	LR2_R2_null_raster	LR2_R2_layer_R	LR2_Q_layer_R
0.00900567904249643	8.6175127392502e-05	0.0852539411500502	0.0561227726385893	-0.029131168511461	0.000249312213201075	2.85640540000926e-08	0.0318336213661083	0.0209133014976597	-0.0109203198684486
0.00709261107629482	5.14725051848837e-05	0.0449666710408697	0.0156562790113598	-0.0293103920295099	0.000224017770843076	2.20100585303538e-08	0.0165605544880432	0.00748539963170256	-0.00907515485634066
0.00769847013371499	4.72875698960329e-05	0.0335535666281145	0.0084308707671231	-0.0251226958609914	0.000196993991523941	2.36412722690066e-08	0.00738478822588077	0.00415897466625442	-0.00322581355962636
0.0079298758932325	6.22729063771146e-05	0.055084576564951	0.0237222639882553	-0.0313623125766957	0.000188869855617948	3.21220558707943e-08	0.012215939462694	0.0125203195644886	0.000304380101794691
0.0101198371814072	5.9977885955629e-05	0.06595186519419	0.0163123326543777	-0.0496395325398124	0.000253950686140568	2.92918601712492e-08	0.0153472086003539	0.00849304891946564	-0.00685415968088822
0.0103815247285852	0.000110269300387857	0.102746853337434	0.0708277414723361	-0.0319191118650979	0.000359120810372496	6.96849490468528e-08	0.0473112432349294	0.0566503028857181	0.00933905965078871
0.00913742416651822	7.19940625770009e-05	0.0841101821855359	0.0349414203582791	-0.0491687618272568	0.000246866085276892	3.52043074404782e-08	0.0239262214007748	0.0168711082768144	-0.00705511312396049
0.00542119302342565	5.61875556916629e-05	0.0269398561823459	0.018913775739859	-0.00802608044248689	0.00017305460116603	2.72644454869627e-08	0.0112881689540197	0.0132228553928353	0.00193468643881566
0.01539722801696	0.000147993768768652	0.165467990766538	0.102711848294181	-0.0627561424723576	0.000652824867390547	9.93711216698091e-08	0.0927988747130182	0.0735875206033175	-0.0192113541097006
0.010737504343198	9.22977598434592e-05	0.0585023553875123	0.0327676474989249	-0.0257347078885874	0.000323571059226193	4.8870630531074e-08	0.0190144301448975	0.0197293220196267	0.000714891874729187
0.00549878992216957	4.11224995592721e-05	0.0245849513592039	0.00943311615274181	-0.0151518352064621	9.87359729298432e-05	7.98132887530222e-09	0.00381890307275877	0.0012796951627532	-0.00253920791000557
0.0115261337160456	0.000105922397174409	0.122926690580589	0.0674549551231992	-0.0554717354573899	0.000367525632975245	2.87016912181591e-08	0.055723259915491	0.0175434076303899	-0.038179852285101
0.0127863386901262	0.000100133519381261	0.0995359562127789	0.047361673046433	-0.0521742831663459	0.000457433698441386	4.74109173705843e-08	0.0457991643310933	0.0367633341094374	-0.00903583022165588
0.0100008336131982	8.39562402488784e-05	0.0844613490272275	0.0398745388833982	-0.0445868101438293	0.000288374849994646	3.72518587022587e-08	0.0317780312418189	0.0190637777907546	-0.0127142534510644
0.0111541222942896	0.000116109260592378	0.0743417296413102	0.0533533649618154	-0.0209883646794948	0.000322477723366209	6.37440057615902e-08	0.0241370622302761	0.0335544603633299	0.00941739813305386
0.000783351558969244	8.33645302291795e-06	0.00116282351688106	0.00129130436475613	0.000128480847875064	2.18234724131565e-05	6.9655053525441e-09	0.000695173986111855	0.00400829331073738	0.00331311932462552
0.00877267361114184	5.36739052680892e-05	0.0556724246546388	0.0133967424599952	-0.0422756821946436	0.00025601475533184	2.65016110042177e-08	0.0159534394381643	0.00675546659512483	-0.0091979728430395
0.0115574832127823	5.47346886485348e-05	0.0953785462426279	0.0152611555676415	-0.0801173906749865	0.00039216720633382	2.91011237319014e-08	0.0410470455932175	0.00857059553020229	-0.0324764500630152
0.00874457227931466	5.59463559159408e-05	0.0616370359087082	0.0184892557183159	-0.0431477801903923	0.000220282374965409	2.62092909890786e-08	0.0155137885765447	0.0101002232678569	-0.00541356530868771
0.0138010025868565	0.000126980063345467	0.120164968680673	0.0791389487457128	-0.0410260199349599	0.000457240538488876	6.32750870970901e-08	0.04707667355608	0.0449485871523368	-0.00212808640374325
0.00732603451696526	4.89467836985538e-05	0.0340578194716023	0.0110707473454684	-0.0229870721261339	0.000175454073976617	2.27077264059863e-08	0.00651692443953273	0.00728370354350488	0.00076677910397215
0.00923983757470773	8.27610682912637e-05	0.0731552822760087	0.0371733561657965	-0.0359819261102122	0.000233236234231444	3.23957595295728e-08	0.019593422121112	0.014812228837089	-0.00478119328402302
0.0115298829587093	0.000112193580476849	0.0967952936282223	0.0526249659075433	-0.044170327720679	0.000384205908874961	6.4705866098706e-08	0.0463471263200099	0.0402827105128444	-0.0060644158071655
0.00950378985738997	8.97073023284833e-05	0.0647233213387936	0.0386825770286276	-0.026040744310166	0.000274852080694606	4.74016815143796e-08	0.0200303267275124	0.0237575275086591	0.0037272007811467
0.00808775639550999	6.62392154481567e-05	0.0471747793510105	0.0202845695372031	-0.0268902098138074	0.000191334587806279	1.91428217431973e-08	0.0106573660685388	0.00425247984618303	-0.00640488622235581
0.000172055566317573	8.57740820523863e-06	6.44512320803755e-05	0.00155193151980036	0.00148748028771998	1.4544014468291e-05	4.26943340018077e-09	0.000322030739924693	0.00158627276842194	0.00126424202849724
0.0122532806180355	0.000125966751568496	0.0869044944489116	0.0605464817820078	-0.0263580126669037	0.000435726434191198	8.50022701795194e-08	0.0347461497206748	0.0509902661028592	0.0162441163821844
0.00781442047339453	6.9132970219074e-05	0.053647509824598	0.0270847945028128	-0.0265627153217852	0.00025341847669129	3.09984094103617e-08	0.0177349223897723	0.0114619468348813	-0.00627297555489095
0.0111382179985864	0.000114677626775383	0.0855927492099293	0.0630213698016846	-0.0225713794082447	0.000398066197785136	5.82376197850127e-08	0.0389847628601244	0.0323225321054578	-0.0066622307546666
0.0096871422586595	9.1456034530707e-05	0.0769642420850322	0.0487910717827417	-0.0281731703022905	0.000292557275413538	4.08796997864308e-08	0.0298198109218206	0.0230934167888041	-0.00672639413301651
0.00967355187011707	6.2461332451436e-05	0.0628763232484028	0.0181666766174689	-0.044709646630934	0.000310857428258632	2.98221243518415e-08	0.0232677252495418	0.0102548319264517	-0.0130128933230901
0.00907980251524384	6.52487981431802e-05	0.0517536296777454	0.0206410552286935	-0.0311125744490519	0.000214756229448185	3.50073111929184e-08	0.0113994995185511	0.0128292775048414	0.0014297779862903
0.0113843060549225	8.04154716262082e-05	0.0933118304352608	0.0330667358636964	-0.0602450945715644	0.000424943661941255	3.87470431665733e-08	0.0477283033619184	0.0210462928257628	-0.0266820105361556
0.00978050094496967	9.13672992239964e-05	0.0695302223449934	0.0390614777793497	-0.0304687445656438	0.000239373227480533	4.48593693217901e-08	0.017515453111449	0.0219180782416145	0.0044026251301655
0.00678519885948498	5.15119041990994e-05	0.0372620822555771	0.0126323314781325	-0.0246297507774446	0.000152564892776077	2.28822737505368e-08	0.00795040119972657	0.00595085257705254	-0.00199954862267403
0.0127286359851017	0.000110669941025143	0.133783123697302	0.0643578758432012	-0.0694252478541009	0.000502926505743407	7.25853283944689e-08	0.0697977744779401	0.0520241502204653	-0.0177736242574749
0.0112602270594974	0.00012781928105968	0.086547636544227	0.0758387471853323	-0.0107088893588947	0.00037216666430003	6.89115675418851e-08	0.0333561130844231	0.044649434310651	0.0112933212262279
0.00856683643327433	8.33750711885311e-05	0.0538787002476506	0.0383166482116559	-0.0155620520359947	0.000245326010949206	4.6004402264255e-08	0.0189437792232228	0.0240436884499972	0.00509990922677434
0.0136006381239392	0.000109873780078975	0.10018124424252	0.0531227924882508	-0.0470584517542687	0.00042308037735539	4.55775475315146e-08	0.0369190169278085	0.025087167519545	-0.0118318494082635
0.0122864417672659	0.000105974573978772	0.094712685802353	0.052735031602351	-0.041977654200002	0.000500757267812108	5.61289363456562e-08	0.0506886843828041	0.0327883675361633	-0.0179003168466409
0.010898687134436	8.42419844615901e-05	0.0995825312907245	0.041048009420183	-0.0585345218705415	0.000348666586329737	3.6470055883269e-08	0.0463574759402492	0.0226449341072619	-0.0237125418329872
-0.000533065071626186	-5.24102676953468e-06	0.000477026870193344	0.000406284757956046	-7.07421122372989e-05	-3.15358285608135e-05	-1.29861918588861e-09	0.00119088848766585	0.000103632564999479	-0.00108725592266637
0.00946293148923709	8.82797861476052e-05	0.0633454303610236	0.0400644250639009	-0.0232810052971227	0.000340765876440199	4.4189676013349e-08	0.0295064694750335	0.0219608770912229	-0.00754559238381056
0.0100492005824731	9.32910383445283e-05	0.0681280239122392	0.0432647331758364	-0.0248632907364028	0.000386023889704748	5.68683845069953e-08	0.0339833893386279	0.0331538134791734	-0.000829575859454486
-0.00197102728477867	-2.58739524526303e-05	0.00822042065503412	0.0126281935794722	0.00440777292443808	-8.51260250892255e-05	-1.284360903572e-08	0.0112103974736272	0.013571781827459	0.00236138435383174
0.0135670651978163	0.000113587042175698	0.117961124199371	0.0565332466136919	-0.0614278775856794	0.000486468128671655	6.46290056658128e-08	0.0491684230916519	0.0334733882429619	-0.01569503484869
0.0112430934604722	0.000105997144218038	0.0872885800098165	0.0505778761389426	-0.0367107038708739	0.000302239388248344	5.12707983162458e-08	0.0270583639543293	0.0264288878376726	-0.000629476116656671
-0.00216576252817825	-2.07912454042348e-05	0.00817952313914375	0.0071853418991659	-0.000994181239977856	-8.80239484732593e-05	-1.19514405568466e-08	0.00927595582557812	0.0106492096213626	0.00137325379578452
0.00775422200172493	4.33486439205622e-05	0.0543487694729445	0.0118862946940993	-0.0424624747788452	0.000193444000632052	1.62962336250184e-08	0.0146810390823555	0.00432025296677426	-0.0103607861155812
0.0116219757620537	7.72413368538479e-05	0.0844004294624659	0.0282096906569818	-0.056190738805484	0.000323274684712628	3.85719719520356e-08	0.0240845405256576	0.0151219720224858	-0.00896256850317186
0.0084593401870678	6.63489420542924e-05	0.0460409353771091	0.01686212127508	-0.0291788141020291	0.000208135311045554	3.04392803488801e-08	0.0114565359884936	0.00768056552556905	-0.00377597046292459
-4.35861404800432e-05	6.95451683058963e-06	4.26166840343076e-06	0.000959972128031265	0.000955710459627835	1.47725903942945e-05	5.56609105902316e-09	0.000336293469163889	0.00246996983670638	0.0021336763675425
0.00982171171265964	8.50957554160071e-05	0.07880811650395	0.0376889572060723	-0.0411191592978776	0.000261062790642795	3.65503637284565e-08	0.0241705229799365	0.0152571882104003	-0.00891333476953617
-0.00163364391984651	-2.25348773519982e-05	0.00490303054087387	0.00812924786558441	0.00322621732471054	-4.56264716292817e-05	-7.83788238476527e-09	0.00301483572468682	0.00426548052070141	0.00125064479601458
0.0117048524787198	8.59555310210619e-05	0.09540810379438	0.0279825582234283	-0.0674255455709517	0.000373174415687887	3.63530910686159e-08	0.0356751825341114	0.0100124839368114	-0.0256626985973
0.00689569550109653	5.98757549588151e-05	0.0488588018341763	0.0227719560650492	-0.0260868457691271	0.000191880076784807	2.75327167881517e-08	0.0165584357286513	0.0132836453850697	-0.00327479034358154
-0.000673382319759763	-1.33573379410741e-05	0.000944978741994723	0.00318970962448072	0.002244730882486	-2.91315011061923e-05	-6.72575999377007e-09	0.0013804974413025	0.00356913593900265	0.00218863849770015
0.00852478298317885	7.57940031068224e-05	0.0587776932428248	0.0261188466836926	-0.0326588465591322	0.000213048441929108	3.34462854024641e-08	0.0168122602124338	0.0129586592823104	-0.0038536009301234
0.0102723898713271	0.000102540519131468	0.0867860237934003	0.0561917069960122	-0.0305943167973881	0.000326765645925349	5.85322842684791e-08	0.034655377016708	0.0369622755494636	0.00230689853275556
0.0075958867873294	5.59275697847819e-05	0.0368960110609676	0.0147539331650089	-0.0221420778959587	0.000167150317034703	2.60543771459662e-08	0.00757998803163474	0.0069347865268879	-0.000645201504746843
0.00757641189795046	7.85580487620249e-05	0.0576792046257643	0.0467396610293858	-0.0109395435963785	0.000197152529062449	2.89089119389857e-08	0.0169444898447681	0.0206762632429791	0.00373177339821091
0.0120022102160223	0.000121317789767473	0.13647168159863	0.0890368207398258	-0.0474348608588037	0.000431928691262112	6.70934826104986e-08	0.068651891756655	0.0550177645928999	-0.0136341271637551
0.00860093165090527	5.57062185270158e-05	0.0550784429202031	0.0161963078899761	-0.038882135030227	0.000227958815712676	1.71590269021616e-08	0.0139319492248791	0.00377851099172599	-0.0101534382331531
0.0107931362920628	8.2854197470312e-05	0.0775319511985372	0.0279519577101413	-0.0495799934883959	0.000402435646075989	4.86631962974199e-08	0.0386282855468616	0.0173846866776699	-0.0212435988691917
0.00866971465400798	6.62650228594927e-05	0.0654148682882418	0.0233891218871759	-0.0420257464010658	0.000247706955476418	3.41264982758657e-08	0.0222113172713078	0.0135582722259762	-0.00865304504533155
0.0113523767380482	0.000104419020876801	0.104590163212359	0.0582055368040961	-0.046384626408263	0.000381898623327539	5.11917475345673e-08	0.0440358515269514	0.0326090217278576	-0.0114268297990938
0.0133067999295546	0.000150985493172953	0.104153225279824	0.0969855451737653	-0.00716768010605844	0.0003699176493341	7.61714534927899e-08	0.0295193985109679	0.0511867867014629	0.021667388190495
0.0127603575871535	8.48574249043619e-05	0.101462128572555	0.034645325802565	-0.0668168027699896	0.000419037646606194	3.88765136329119e-08	0.034451176777464	0.0169824815440488	-0.0174686952334153
0.00907263960735413	8.05283013673534e-05	0.0667887849248546	0.0339730471230077	-0.032815737801847	0.000242134026821809	2.80595674599984e-08	0.0200018973633534	0.0101884732310451	-0.00981342413230824
-0.000269567094868039	-8.96816076135073e-06	0.000140622027643172	0.00156550820904362	0.00142488618140045	-1.20324141059015e-05	-2.92192642010425e-09	0.000189488937714282	0.000887546488412193	0.000698057550697911
0.00767730044764493	6.41763925122389e-05	0.040817999113225	0.0182936963867083	-0.0225243027265168	0.000229782367820772	3.92425092739891e-08	0.0139348017466904	0.0138886643341932	-4.61374124972134e-05
0.00838864604696551	6.89667382836506e-05	0.0516980795088798	0.0223879475039702	-0.0293101320049096	0.000225339455947249	2.49672492913165e-08	0.0155519768294338	0.0073824620783021	-0.00816951475113175
0.00783661968240131	2.15850823391401e-05	0.0370335234354283	0.00186930165702418	-0.0351642217784041	0.000210294893049397	3.69102189237537e-09	0.00967467377441859	0.000134755044660643	-0.00953991872975795
0.00944607659284269	9.74869653673063e-05	0.0717656466312162	0.0516360464046701	-0.0201296002265461	0.000306570545318374	5.53995107993984e-08	0.027957903821436	0.035573621369099	0.007615717547663
0.000275915141015641	-5.17632535254524e-06	0.00014944288882786	0.000468025752693459	0.000318582863865598	1.94855155508221e-05	-4.04183387017583e-09	0.000480683688712799	0.00114335491363982	0.00066267122492702
-0.00110284783910649	-1.7742242266124e-05	0.00242190246631206	0.00571816881464369	0.00329626634833163	-4.68115002795294e-05	-9.28893284829274e-09	0.00362439181281339	0.0075577784309913	0.00393338661817792
0.00787494470623397	6.26388630610974e-05	0.048649645096	0.0214969548828591	-0.027152690213141	0.000198835594392912	2.15690800130378e-08	0.0138711841526055	0.00694226361722599	-0.00692892053537953
0.00789561545858381	8.92211318291945e-05	0.047554420037801	0.0392800263484638	-0.00827439368933727	0.00019757824396066	3.93908599864986e-08	0.013858046128644	0.0177015079821357	0.00384346185349169
0.00948077202484212	0.000113187685943941	0.0809392500419913	0.0726831113805601	-0.00825613866143118	0.0002913782064242	6.67029000374953e-08	0.0281527678605169	0.0504217574913517	0.0222689896308348
0.0119169330673675	0.000125265605247064	0.0968359410132294	0.0663081812710774	-0.030527759742152	0.00040334920682633	7.86786062400301e-08	0.0452267266285882	0.0519325266841631	0.00670580005557488
-0.000670543463407817	-2.53353145470102e-05	0.000851069012499212	0.00958357926712437	0.00873251025462516	-2.83023951241113e-05	-1.14479000463302e-08	0.001170506241828	0.0072641377871983	0.00609363154537031
0.00947557337378871	7.50529108153712e-05	0.0655800291014712	0.0290570429744397	-0.0365229861270316	0.000350140039873847	4.73633664007023e-08	0.0322432213184287	0.0246651541893854	-0.00757806712904326
0.00887105978544786	5.43135357218923e-05	0.0545612294157027	0.0144996240244463	-0.0400616053912564	0.000220059065623207	1.89946978772993e-08	0.013946289157774	0.00477872917181563	-0.00916755998595833
0.0104274113438242	8.75695901827583e-05	0.0824163977214882	0.045711315512275	-0.0367050822092133	0.000460494844534171	5.93144550394308e-08	0.0477996908307128	0.0416134377565995	-0.00618625307411332
0.0113550339325026	8.68134762272966e-05	0.0938508939943223	0.0436527961622469	-0.0501980978320754	0.000285822952832016	3.30673370100676e-08	0.0258159460857301	0.0197339245888471	-0.00608202149688303
0.00985738255363142	6.50479354993612e-05	0.0624629207592111	0.0194656455249452	-0.0429972752342659	0.000319593395048435	2.84066116133202e-08	0.0227094675905818	0.0101569444296129	-0.0125525231609688
0.00917491076731584	7.05243565982951e-05	0.0714337803035283	0.0267992535083448	-0.0446345267951836	0.000228113348807528	2.97244399632819e-08	0.0210195214048143	0.0121899332360555	-0.00882958816875876
0.0130564026522438	9.69472728218487e-05	0.0991291205952532	0.0365319246793761	-0.0625971959158771	0.000411551070243599	4.26475882723135e-08	0.0378056490262227	0.0141393923117683	-0.0236662567144544
0.0113679207736846	9.48428119112808e-05	0.0894703367544258	0.0441971504070805	-0.0452731863473453	0.000336778921292107	3.58061580824435e-08	0.0317229337854727	0.0173187988289897	-0.0144041349564831
0.0104960980298535	0.000113733334150601	0.0686941210442194	0.050528749609184	-0.0181653714350354	0.000325844890916193	6.32815506762313e-08	0.0249756630064417	0.030432095491701	0.00545643248525923
0.00831256954141458	7.12514724166564e-05	0.060390740826626	0.0273103128528829	-0.0330804279737431	0.000177977712128219	3.15661984818258e-08	0.0134729853467173	0.0137309317752625	0.000257946428545255
0.0116317587625092	0.000105677893041468	0.113290572745187	0.0557762832275534	-0.0575142895176333	0.000363699967443779	4.43381283339049e-08	0.0440470119133217	0.0255569447401288	-0.0184900671731929
0.00982163815671806	5.70737556988673e-05	0.0639805546154289	0.01404329760119	-0.0499372570142389	0.000287183764128727	4.16220800314066e-08	0.0186592392006456	0.0113005056642845	-0.00735873353636107
0.00805248794776403	6.99716935955701e-05	0.0433679855184116	0.0179897270108192	-0.0253782585075924	0.00020991471922096	3.47123648611726e-08	0.0123237877429433	0.00960990467631785	-0.0027138830666255
0.0112368427667921	0.000104686329206882	0.0887615366355088	0.0492203922889189	-0.0395411443465899	0.000266705946194819	4.24095017196982e-08	0.0235941827832593	0.0187182836178335	-0.00487589916542581
0.00938449174017558	7.04863243834838e-05	0.0627418119459471	0.0250665575486852	-0.0376752543972619	0.000267961808894544	3.77822479538148e-08	0.0194453335097876	0.0167154457539777	-0.00272988775580992
0.0114916473337155	0.000106474094897358	0.0858984122364567	0.0522838272925062	-0.0336145849439505	0.000409576785836808	5.89957787713967e-08	0.0360755391682506	0.0313068337755971	-0.00476870539265351
0.00852387139109723	7.28772081723047e-05	0.0621153791400839	0.0314846370066156	-0.0306307421334683	0.000207166944026127	2.35920543460413e-08	0.0168600513161654	0.00891905681434083	-0.00794099450182457
0.0100331914153803	9.26959369827501e-05	0.0704499269131689	0.0394199591637569	-0.031029967749412	0.000264589335838921	4.31436767707818e-08	0.0189572505639068	0.0169578941998064	-0.00199935636410047
0.0109928596950869	8.7056126533755e-05	0.069580821405692	0.0303131173832088	-0.0392677040224832	0.000381146204028994	4.73142020054462e-08	0.0317419344181992	0.0199113367838007	-0.0118305976343985
