LR1_coefficients_null_raster	LR1_coefficients_layer_R	LR1_R2_null_raster	LR1_R2_layer_R	LR1_Q_layer_R	LR2_coefficients_null_raster	LR2_coefficients_layer_R	LR2_R2_null_raster	LR2_R2_layer_R	LR2_Q_layer_R
0.00900567904249643	0.00478414103293723	0.0852539411500502	0.0779364797385478	-0.00731746141150243	0.000249312213201075	6.65779989673096e-05	0.0318336213661083	0.0257712073603198	-0.00606241400578848
0.00709261107629482	0.00343285066077062	0.0449666710408697	0.0329697703696265	-0.0119969006712432	0.000224017770843076	5.9355780099485e-05	0.0165605544880432	0.0128207877303257	-0.00373976675771752
0.00769847013371499	0.00356731975177515	0.0335535666281145	0.0222210211691032	-0.0113325454590113	0.000196993991523941	5.59928672265885e-05	0.00738478822588077	0.00571669936560382	-0.00166808886027695
0.0079298758932325	0.00392515927693658	0.055084576564951	0.0427634295159978	-0.0123211470489532	0.000188869855617948	6.11846262307926e-05	0.012215939462694	0.0120749106142141	-0.000141028848479816
0.0101198371814072	0.00467733294806258	0.06595186519419	0.0432735889132282	-0.0226782762809618	0.000253950686140568	7.2569780811341e-05	0.0153472086003539	0.0115377609813871	-0.00380944761896675
0.0103815247285852	0.0059352978775626	0.102746853337434	0.0974181710168115	-0.00532868232062249	0.000359120810372496	0.000135907345875215	0.0473112432349294	0.0552261987422435	0.0079149555073141
0.00913742416651822	0.00467555942586681	0.0841101821855359	0.0671257101723792	-0.0169844720131567	0.000246866085276892	8.12567219588634e-05	0.0239262214007748	0.0223820771121522	-0.00154414428862269
0.00542119302342565	0.00298871335993149	0.0269398561823459	0.0256696009151522	-0.00127025526719376	0.00017305460116603	5.81246584716231e-05	0.0112881689540197	0.014004832389701	0.0027166634356813
0.01539722801696	0.00883116463405193	0.165467990766538	0.159994207791693	-0.00547378297484491	0.000652824867390547	0.000243082858876477	0.0927988747130182	0.0993928042441591	0.00659392953114095
0.010737504343198	0.00570392053142523	0.0585023553875123	0.0524336922900041	-0.00606866309750819	0.000323571059226193	0.000111893762207226	0.0190144301448975	0.021365183953695	0.0023507538087975
0.00549878992216957	0.00263464742154464	0.0245849513592039	0.0180251821988888	-0.00655976916031508	9.87359729298432e-05	2.29058810278579e-05	0.00381890307275877	0.0023287118955174	-0.00149019117724138
0.0115261337160456	0.00611604057417325	0.122926690580589	0.105710568590865	-0.0172161219897246	0.000367525632975245	8.46730714403119e-05	0.055723259915491	0.033434269402972	-0.022288990512519
0.0127863386901262	0.00635835432875536	0.0995359562127789	0.0806654384758946	-0.0188705177368843	0.000457433698441386	0.000134823018812017	0.0457991643310933	0.046039460346835	0.000240296015741701
0.0100008336131982	0.00494389276988864	0.0844613490272275	0.0656275321114263	-0.0188338169158011	0.000288374849994646	8.15690327810521e-05	0.0317780312418189	0.0244767067169427	-0.00730132452487628
0.0111541222942896	0.00618889427789832	0.0743417296413102	0.0698315049287191	-0.00451022471259108	0.000322477723366209	0.000123653558311838	0.0241370622302761	0.0299979825723677	0.00586092034209169
0.000783351558969244	0.000435101339947797	0.00116282351688106	0.00139448634739221	0.000231662830511146	2.18234724131565e-05	1.16396083572562e-05	0.000695173986111855	0.00244559079203993	0.00175041680592808
0.00877267361114184	0.0041336599697045	0.0556724246546388	0.0369486716991386	-0.0187237529555003	0.00025601475533184	6.97877714006235e-05	0.0159534394381643	0.0110211146521544	-0.0049323247860099
0.0115574832127823	0.00505538585814521	0.0953785462426279	0.0575377039728175	-0.0378408422698105	0.00039216720633382	0.000100995525585031	0.0410470455932175	0.0248673624158653	-0.0161796831773522
0.00874457227931466	0.00414814185111441	0.0616370359087082	0.0440474531263872	-0.017589582782321	0.000220282374965409	6.81981912205643e-05	0.0155137885765447	0.0147814339399145	-0.000732354636630194
0.0138010025868565	0.00726664635598817	0.120164968680673	0.109411695291512	-0.0107532733891606	0.000457240538488876	0.000142866199612666	0.04707667355608	0.0479465356396827	0.0008698620836027
0.00732603451696526	0.00338841133024513	0.0340578194716023	0.0238924463501064	-0.0101653731214959	0.000175454073976617	5.25832735142995e-05	0.00651692443953273	0.00707302283374087	0.000556098394208143
0.00923983757470773	0.00486016609549836	0.0731552822760087	0.0612675853123349	-0.0118876969636738	0.000233236234231444	7.45283690339684e-05	0.019593422121112	0.0190269272053935	-0.00056649491571854
0.0115298829587093	0.0062005432163512	0.0967952936282223	0.0820454108589456	-0.0147498827692767	0.000384205908874961	0.000127242473381947	0.0463471263200099	0.0446870203325799	-0.00166010598742999
0.00950378985738997	0.00508907159104299	0.0647233213387936	0.057623091970814	-0.00710022936797964	0.000274852080694606	9.55979893153682e-05	0.0200303267275124	0.0228511767811311	0.00282085005361875
0.00808775639550999	0.00402995764049386	0.0471747793510105	0.0361140580089063	-0.0110607213421042	0.000191334587806279	4.54681880890464e-05	0.0106573660685388	0.00611697855638047	-0.00454038751215837
0.000172055566317573	0.000267315712644941	6.44512320803755e-05	0.00060399532330674	0.000539544091226365	1.4544014468291e-05	7.53442228837796e-06	0.000322030739924693	0.00108837838226428	0.000766347642339584
0.0122532806180355	0.00709604182626787	0.0869044944489116	0.0853187909184838	-0.00158570353042775	0.000435726434191198	0.000172634493357547	0.0347461497206748	0.0461239467587813	0.0113777970381064
0.00781442047339453	0.0041828930201058	0.053647509824598	0.0458054967087295	-0.00784201311586852	0.00025341847669129	7.31942690244176e-05	0.0177349223897723	0.0146290266069391	-0.00310589578283318
0.0111382179985864	0.00635486278812062	0.0855927492099293	0.086662266690729	0.0010695174807997	0.000398066197785136	0.000128439514929205	0.0389847628601244	0.0382590157081665	-0.000725747151957959
0.0096871422586595	0.00513146678882729	0.0769642420850322	0.0693106556536401	-0.00765358643139205	0.000292557275413538	8.8615990194745e-05	0.0298198109218206	0.0269420227353686	-0.00287778818645199
0.00967355187011707	0.00446428017338805	0.0628763232484028	0.0425931524883878	-0.020283170760015	0.000310857428258632	7.8430230268498e-05	0.0232677252495418	0.0158422675518558	-0.00742545769768603
0.00907980251524384	0.00441178128593728	0.0517536296777454	0.0397323658105387	-0.0120212638672068	0.000214756229448185	7.6896242232931e-05	0.0113994995185511	0.0137376098974067	0.00233811037885564
0.0113843060549225	0.00547771333261741	0.0933118304352608	0.068178777935372	-0.0251330524998888	0.000424943661941255	0.000108453320736149	0.0477283033619184	0.0345468718719268	-0.0131814314899916
0.00978050094496967	0.00514825911647745	0.0695302223449934	0.0594212697458176	-0.0101089525991759	0.000239373227480533	8.2200974203885e-05	0.017515453111449	0.0185465711735925	0.00103111806214351
0.00678519885948498	0.00338444009402966	0.0372620822555771	0.0273636180078484	-0.00989846424772867	0.000152564892776077	4.79595113913307e-05	0.00795040119972657	0.00689397632792983	-0.00105642487179674
0.0127286359851017	0.00678816933287015	0.133783123697302	0.1124494235398	-0.0213337001575016	0.000502926505743407	0.0001649267788205	0.0697977744779401	0.0664827108183374	-0.00331506365960271
0.0112602270594974	0.00660153804534951	0.086547636544227	0.0920568813021685	0.0055092447579415	0.00037216666430003	0.000135590925393899	0.0333561130844231	0.0410249482307328	0.00766883514630974
0.00856683643327433	0.00478465137586188	0.0538787002476506	0.0531250267536687	-0.000753673493981893	0.000245326010949206	9.44795173025989e-05	0.0189437792232228	0.0237107999037218	0.00476702068049896
0.0136006381239392	0.00693215678570225	0.10018124424252	0.0859618552654711	-0.0142193889770484	0.00042308037735539	0.000122455424362276	0.0369190169278085	0.0345575830125938	-0.00236143391521462
0.0122864417672659	0.00635108489708501	0.094712685802353	0.0835977281554768	-0.0111149576468762	0.000500757267812108	0.000134715072082817	0.0506886843828041	0.0438009249532782	-0.00688775942952599
0.010898687134436	0.00539443618786949	0.0995825312907245	0.0766622382559702	-0.0229202930347543	0.000348666586329737	9.14883063926333e-05	0.0463574759402492	0.0335790005777044	-0.0127784753625447
-0.000533065071626186	-0.000302976632345355	0.000477026870193344	0.000545666265407013	6.86393952136688e-05	-3.15358285608135e-05	-7.30573220724282e-06	0.00119088848766585	0.000723261725618458	-0.000467626762047396
0.00946293148923709	0.00506652093897586	0.0633454303610236	0.0575842773615318	-0.00576115299949179	0.000340765876440199	0.000100074898486622	0.0295064694750335	0.0260550648758423	-0.00345140459919118
0.0100492005824731	0.00543385282887171	0.0681280239122392	0.0624532568149517	-0.00567476709728755	0.000386023889704748	0.000131567001833744	0.0339833893386279	0.0359479935438411	0.00196460420521321
-0.00197102728477867	-0.00119813991998019	0.00822042065503412	0.0111087928912144	0.00288837223618025	-8.51260250892255e-05	-2.7886049667131e-05	0.0112103974736272	0.0135761481233608	0.00236575064973356
0.0135670651978163	0.00699271412339113	0.117961124199371	0.0970009879274076	-0.0209601362719637	0.000486468128671655	0.000148942654634422	0.0491684230916519	0.0433643635353953	-0.00580405955625668
0.0112430934604722	0.00618012618167055	0.0872885800098165	0.0798362092630006	-0.00745237074681589	0.000302239388248344	0.000107861028452071	0.0270583639543293	0.0302420251611526	0.00318366120682332
-0.00216576252817825	-0.00110031351292884	0.00817952313914375	0.00787510350241083	-0.000304419636732927	-8.80239484732593e-05	-2.59628736785581e-05	0.00927595582557812	0.0100550457666884	0.000779089941110318
0.00775422200172493	0.00342639293442396	0.0543487694729445	0.0336690345907628	-0.0206797348821817	0.000193444000632052	4.755500624156e-05	0.0146810390823555	0.00870481172086244	-0.00597622736149303
0.0116219757620537	0.00555200638158742	0.0844004294624659	0.0614060948725993	-0.0229943345898666	0.000323274684712628	9.22532412357774e-05	0.0240845405256576	0.0195174725021077	-0.00456706802354992
0.0084593401870678	0.00426076747057126	0.0460409353771091	0.0346175399336165	-0.0114233954434926	0.000208135311045554	6.46963186641428e-05	0.0114565359884936	0.00963508274688291	-0.00182145324161073
-4.35861404800432e-05	0.000151560633655682	4.26166840343076e-06	0.000191639857217353	0.000187378188813923	1.47725903942945e-05	8.76915459184939e-06	0.000336293469163889	0.0013997741260602	0.00106348065689631
0.00982171171265964	0.00524166412442621	0.07880811650395	0.0657575023152524	-0.0130506141886976	0.000261062790642795	8.20095710655421e-05	0.0241705229799365	0.0200201962899157	-0.00415032669002075
-0.00163364391984651	-0.00102040407861895	0.00490303054087387	0.00691184206159488	0.00200881152072101	-4.56264716292817e-05	-1.60474888767598e-05	0.00301483572468682	0.00410181282162111	0.00108697709693428
0.0117048524787198	0.006031523775448	0.09540810379438	0.0690412975105202	-0.0263668062838599	0.000373174415687887	9.96780073315049e-05	0.0356751825341114	0.0209749980656165	-0.0147001844684949
0.00689569550109653	0.00357204694514961	0.0488588018341763	0.0398588249276322	-0.0089999769065441	0.000191880076784807	5.96924297170251e-05	0.0165584357286513	0.015870120079744	-0.000688315648907287
-0.000673382319759763	-0.000515316628640965	0.000944978741994723	0.00201199877228623	0.00106702003029151	-2.91315011061923e-05	-1.19443144496099e-05	0.0013804974413025	0.0026881243796623	0.0013076269383598
0.00852478298317885	0.00450074985967102	0.0587776932428248	0.0469913265216024	-0.0117863667212224	0.000213048441929108	6.88518790794155e-05	0.0168122602124338	0.0152241195180696	-0.00158814069436422
0.0102723898713271	0.00566947436428041	0.0867860237934003	0.0813703110967098	-0.00541571269669046	0.000326765645925349	0.000114551541282616	0.034655377016708	0.0388143006517978	0.00415892363508975
0.0075958867873294	0.00388759049044992	0.0368960110609676	0.0301881760643565	-0.00670783499661109	0.000167150317034703	5.95766166269575e-05	0.00757998803163474	0.00875560306508147	0.00117561503344673
0.00757641189795046	0.00408388809044288	0.0576792046257643	0.0559688298103499	-0.00171037481541438	0.000197152529062449	5.79536000153032e-05	0.0169444898447681	0.017298190139107	0.000353700294338812
0.0120022102160223	0.0065844998493372	0.13647168159863	0.124073550748306	-0.0123981308503232	0.000431928691262112	0.000139329679752581	0.068651891756655	0.0639194420872939	-0.00473244966936109
0.00860093165090527	0.00397860986786283	0.0550784429202031	0.0372776426817874	-0.0178008002384157	0.000227958815712676	5.15703792395009e-05	0.0139319492248791	0.00772413035033148	-0.0062078188745476
0.0107931362920628	0.00537522662268795	0.0775319511985372	0.0569099649622044	-0.0206219862363328	0.000402435646075989	0.000120568741366947	0.0386282855468616	0.029076940184675	-0.00955134536218667
0.00866971465400798	0.00429887148395362	0.0654148682882418	0.0482134324773958	-0.017201435810846	0.000247706955476418	7.57167115935255e-05	0.0222113172713078	0.0186104809224716	-0.00360083634883621
0.0113523767380482	0.00600344954578189	0.104590163212359	0.090152438863201	-0.0144377243491581	0.000381898623327539	0.000115791953921731	0.0440358515269514	0.0393914514931997	-0.00464440003375169
0.0133067999295546	0.00783207623281825	0.104153225279824	0.112137436219595	0.00798421093977147	0.0003699176493341	0.000132016872244174	0.0295193985109679	0.0356726740846449	0.00615327557367703
0.0127603575871535	0.00594278185541578	0.101462128572555	0.0731487424456635	-0.0283133861268911	0.000419037646606194	0.000105355936986542	0.034451176777464	0.0257232646267691	-0.00872791215069496
0.00907263960735413	0.00490489519758661	0.0667887849248546	0.0586536678299833	-0.00813511709487132	0.000242134026821809	7.25899900346815e-05	0.0200018973633534	0.0163772736881233	-0.00362462367523012
-0.000269567094868039	-0.000315590933900432	0.000140622027643172	0.000735231545951097	0.000594609518307925	-1.20324141059015e-05	-5.52933586941674e-06	0.000189488937714282	0.000530454298737181	0.000340965361022899
0.00767730044764493	0.00382422324553626	0.040817999113225	0.0318655223562666	-0.00895247675695843	0.000229782367820772	7.31183470409688e-05	0.0139348017466904	0.013761115501376	-0.00017368624531436
0.00838864604696551	0.00419917176763975	0.0516980795088798	0.039654411016549	-0.0120436684923308	0.000225339455947249	6.1430367388815e-05	0.0155519768294338	0.0112018510484558	-0.00435012578097807
0.00783661968240131	0.00303480914159656	0.0370335234354283	0.0171356241261825	-0.0198978993092458	0.000210294893049397	3.69460809138648e-05	0.00967467377441859	0.00308309013262989	-0.0065915836417887
0.00944607659284269	0.00528237138025838	0.0717656466312162	0.0686739712564571	-0.0030916753747591	0.000306570545318374	0.000111519705268361	0.027957903821436	0.0328066106683798	0.00484870684694384
0.000275915141015641	-7.81646033043352e-05	0.00014944288882786	4.43347906402972e-05	-0.000105108098187563	1.94855155508221e-05	-2.92075553513351e-06	0.000480683688712799	0.000128041622074795	-0.000352642066638004
-0.00110284783910649	-0.000747224407227138	0.00242190246631206	0.00416909590985831	0.00174719344354625	-4.68115002795294e-05	-1.78329515517692e-05	0.00362439181281339	0.00615021531452991	0.00252582350171652
0.00787494470623397	0.00385796377414706	0.048649645096	0.0374089932977325	-0.0112406517982675	0.000198835594392912	5.31132464760805e-05	0.0138711841526055	0.0100995699651873	-0.00377161418741818
0.00789561545858381	0.00461396232211068	0.047554420037801	0.0491024440566181	0.00154802401881705	0.00019757824396066	7.14316311362537e-05	0.013858046128644	0.0161051150159947	0.00224706888735068
0.00948077202484212	0.00581781638258381	0.0809392500419913	0.0890716020307105	0.00813235198871913	0.0002913782064242	0.000124305358817705	0.0281527678605169	0.0423709878165987	0.0142182199560818
0.0119169330673675	0.0067840838757516	0.0968359410132294	0.0930107867887203	-0.00382515422450912	0.00040334920682633	0.000150276442108991	0.0452267266285882	0.0522220182562443	0.00699529162765612
-0.000670543463407817	-0.000776936181462012	0.000851069012499212	0.00392978436355846	0.00307871535105924	-2.83023951241113e-05	-1.65468942270092e-05	0.001170506241828	0.00392346215815023	0.00275295591632224
0.00947557337378871	0.00469162619625252	0.0655800291014712	0.051392948623043	-0.0141870804784282	0.000350140039873847	0.000107573270064777	0.0322432213184287	0.0304965419038609	-0.0017466794145678
0.00887105978544786	0.00406083947215469	0.0545612294157027	0.0360559626673298	-0.0185052667483729	0.000220059065623207	5.55582608787365e-05	0.013946289157774	0.00913546012704039	-0.00481082903073357
0.0104274113438242	0.00541818649351716	0.0824163977214882	0.0725679194297421	-0.00984847829174612	0.000460494844534171	0.000137991340049985	0.0477996908307128	0.0481920327456331	0.000392341914920283
0.0113550339325026	0.00555115762668914	0.0938508939943223	0.0743458264277629	-0.0195050675665595	0.000285822952832016	7.9602593590156e-05	0.0258159460857301	0.0217629345625644	-0.00405301152316577
0.00985738255363142	0.00463451134363994	0.0624629207592111	0.043885858262839	-0.0185770624963721	0.000319593395048435	8.04249562743918e-05	0.0227094675905818	0.0162150600010812	-0.00649440758950061
0.00917491076731584	0.00460602791136147	0.0714337803035283	0.053898844294488	-0.0175349360090403	0.000228113348807528	6.88328414324975e-05	0.0210195214048143	0.0167865137742848	-0.00423300763052945
0.0130564026522438	0.00644033557310782	0.0991291205952532	0.074278906984365	-0.0248502136108881	0.000411551070243599	0.000110058317679856	0.0378056490262227	0.0250828237621978	-0.0127228252640249
0.0113679207736846	0.00572946968961996	0.0894703367544258	0.0728310186430847	-0.0166393181113411	0.000336778921292107	8.6262317259677e-05	0.0317229337854727	0.0236236680345221	-0.00809926575095065
0.0104960980298535	0.0060305453851921	0.0686941210442194	0.0675687312181252	-0.0011253898260942	0.000325844890916193	0.000121386163847038	0.0249756630064417	0.0297165677268274	0.00474090472038564
0.00831256954141458	0.00437531981552368	0.060390740826626	0.0489694240816445	-0.0114213167449815	0.000177977712128219	6.0205208410142e-05	0.0134729853467173	0.013258033983274	-0.000214951363443254
0.0116317587625092	0.0061119450361251	0.113290572745187	0.0937738817674271	-0.0195166909777596	0.000363699967443779	0.000102568880833554	0.0440470119133217	0.0347435025597847	-0.00930350935353703
0.00982163815671806	0.0045559707750114	0.0639805546154289	0.0414262850969935	-0.0225542695184354	0.000287183764128727	9.41653322025703e-05	0.0186592392006456	0.0160591757217909	-0.00260006347885468
0.00805248794776403	0.00431502463715528	0.0433679855184116	0.0349176440694504	-0.0084503414489612	0.00020991471922096	7.28398262504222e-05	0.0123237877429433	0.0120358092112539	-0.000287978531689447
0.0112368427667921	0.00602686647072662	0.0887615366355088	0.0768407238312248	-0.011920812804284	0.000266705946194819	8.71903445736047e-05	0.0235941827832593	0.0219154598961622	-0.00167872288709711
0.00938449174017558	0.0046642542672629	0.0627418119459471	0.0487231622522963	-0.0140186496936508	0.000267961808894544	8.30694607039863e-05	0.0194453335097876	0.0183709629152679	-0.00107437059451974
0.0114916473337155	0.00607936040605905	0.0858984122364567	0.0760137566977256	-0.00988465553873115	0.000409576785836808	0.000123244054964714	0.0360755391682506	0.033027521404467	-0.00304801776378362
0.00852387139109723	0.00443059862775746	0.0621153791400839	0.0528762995941176	-0.00923907954596628	0.000207166944026127	5.78156372838763e-05	0.0168600513161654	0.0132618732189848	-0.0035981780971806
0.0100331914153803	0.00545695772482795	0.0704499269131689	0.0629984219605645	-0.00745150495260438	0.000264589335838921	9.45324086473612e-05	0.0189572505639068	0.0209632971365972	0.00200604657269039
0.0109928596950869	0.00561913598431173	0.069580821405692	0.0557781833598052	-0.0138026380458869	0.000381146204028994	0.00011652791046404	0.0317419344181992	0.026600620245378	-0.00514131417282122
