LR1_coefficients_null_raster	LR1_coefficients_per_pop_2025_CN_100m_R2025A_v1_R	LR1_R2_null_raster	LR1_R2_per_pop_2025_CN_100m_R2025A_v1_R	LR1_Q_per_pop_2025_CN_100m_R2025A_v1_R	LR2_coefficients_null_raster	LR2_coefficients_per_pop_2025_CN_100m_R2025A_v1_R	LR2_R2_null_raster	LR2_R2_per_pop_2025_CN_100m_R2025A_v1_R	LR2_Q_per_pop_2025_CN_100m_R2025A_v1_R
0.00808319879766488	1.0633676976917e-05	0.0680460808636331	0.0700866015968513	0.00204052073321813	0.000212659239937081	3.65900868487751e-10	0.023627947097201	0.0250875129105211	0.00145956581332009
0.00608534727201069	7.94157105258986e-06	0.0381397077429607	0.0393704141938606	0.00123070645089984	0.000192609715445078	3.21284885330163e-10	0.0148145802383847	0.0155247846299834	0.000710204391598692
0.00738076768061965	9.56740298134917e-06	0.0321266303103642	0.0323196722633334	0.000193041952969167	0.000189280336941092	3.17923007788943e-10	0.00750242136300959	0.00766590456922133	0.000163483206211739
0.00811271045593552	1.03539268423468e-05	0.0578309119084697	0.0570415886614202	-0.00078932324704948	0.000205016856727856	3.30637191378422e-10	0.0144653076724984	0.0140124564568134	-0.00045285121568495
0.0104634706960162	1.37771308395837e-05	0.0711128838404799	0.0732506815802291	0.00213779773974924	0.000268420950403798	4.70238147122941e-10	0.0160358134840423	0.0174862301432713	0.00145041665922905
0.00907119670998722	1.18294099954591e-05	0.0813669899309473	0.0824607307143023	0.00109374078335502	0.00029139597136192	4.91553148445221e-10	0.0311639434100819	0.03187233956635	0.000708396156268026
0.0091724832664205	1.17150770603454e-05	0.0855684691929471	0.0850827830982236	-0.000485686094723492	0.000246446098959038	3.9231367689772e-10	0.0247088366031376	0.0240379045207153	-0.000670932082422315
0.00548105516758877	7.17349826325009e-06	0.028289211343838	0.0293727403066775	0.00108352896283944	0.000183575923260575	3.07200052439677e-10	0.0133337110212833	0.013839562773964	0.000505851752680732
0.0151899597263702	1.99224256918462e-05	0.190302431507655	0.194961283381398	0.00465885187374301	0.00064139182321414	1.11035504596771e-09	0.109963256428143	0.116916529883583	0.00695327345543999
0.0104909344365721	1.35940979823678e-05	0.0663964975044658	0.0668971611679836	0.000500663663517822	0.000338134391604518	5.67525393203279e-10	0.0251356525280022	0.0258056505255063	0.000669997997504085
0.00674856291572191	8.71434495867143e-06	0.0294649055518642	0.0298524500053888	0.000387544453524607	0.000163540866379258	2.69444897530526e-10	0.00721958452587491	0.00735151399831593	0.000131929472441014
0.0106212300000533	1.39067115256017e-05	0.10377234325391	0.106338943573526	0.00256660031961674	0.000414800959400155	6.97324070135024e-10	0.0578918339026447	0.0597369299449589	0.00184509604231419
0.0124770287553981	1.62917904766955e-05	0.109291478751312	0.112528907989846	0.00323742923853398	0.000447393740039111	7.4602176477624e-10	0.0529820767374041	0.0544295242160723	0.00144744747866815
0.00898934727558691	1.14606349632591e-05	0.0864728902716362	0.0849263051009951	-0.00154658517064109	0.000242956554699919	3.93712205634873e-10	0.0308885281883874	0.0302903871119902	-0.000598141076397208
0.0120477258849348	1.55333349772953e-05	0.0909727244137373	0.0908600096742576	-0.000112714739479727	0.000372199377137748	6.12781060937972e-10	0.0346029745464403	0.0346993483426116	9.63737961712438e-05
0.000849417140460153	1.03486367730373e-06	0.0012238240092659	0.00107802421728374	-0.000145799791982155	2.58298906885388e-05	3.74010909763642e-11	0.000825886549563927	0.00060777122340169	-0.000218115326162237
0.00810870144926852	1.06148442712033e-05	0.051688771346754	0.0529440238383981	0.00125525249164413	0.000226607395678859	3.82621133671113e-10	0.014084661362641	0.0145643102634617	0.000479648900820704
0.0119020108333866	1.51977041479763e-05	0.117666396210233	0.117331996922299	-0.000334399287933232	0.000410395317127778	6.73362474481586e-10	0.0507852444403236	0.051120570345464	0.000335325905140405
0.00922739307723027	1.19191278852765e-05	0.072124097839926	0.0721539321864603	2.98343465343215e-05	0.000232356403148085	3.90443347597176e-10	0.0185953226176453	0.0191672404264211	0.000571917808775753
0.0146048560465441	1.88232911519014e-05	0.12865255829806	0.127991321267102	-0.000661237030958217	0.000534515642754631	8.92932666632784e-10	0.0587306517637898	0.0594463711683362	0.0007157194045464
0.00729126988219223	9.48047066890827e-06	0.0355694551422681	0.0359440714530855	0.000374616310817359	0.000185509457902966	3.16114051012546e-10	0.00791171498395932	0.00822248804634477	0.00031077306238545
0.00905536804078099	1.17619174357528e-05	0.0782448878904037	0.0798642067422339	0.0016193188518302	0.000226084276552859	3.8475941499624e-10	0.0212363049999869	0.0226888653635215	0.00145256036353462
0.0110824247547033	1.43946428360589e-05	0.0971841583181063	0.0987667958046096	0.00158263748650328	0.000395179979909362	6.64033305565108e-10	0.0523728037671781	0.0540205048908064	0.00164770112362829
0.00911080241145539	1.18168360027475e-05	0.0682823840617667	0.0691575404145515	0.000875156352784845	0.000274805408521151	4.49365955440075e-10	0.0232750341106697	0.0231762451468982	-9.87889637715615e-05
0.00973938085207329	1.25775231104329e-05	0.0560644332921603	0.0563795650922665	0.000315131800106234	0.000303477327100822	4.9780803773352e-10	0.0179924368921741	0.0180417618229862	4.93249308121356e-05
0.00176763958696843	2.20121154700256e-06	0.005704352822913	0.00527426766270565	-0.000430085160207347	9.54392757150417e-05	1.52223424937783e-10	0.0101220623756911	0.00921812240683069	-0.000903939968860418
0.0121148627056104	1.56689706748641e-05	0.118230133156309	0.118875239959099	0.000645106802790049	0.000445499125423884	7.53094826621178e-10	0.053265232982112	0.0555737379138618	0.00230850493174973
0.00777234978902806	1.021536903078e-05	0.0612357521240559	0.0633648870333661	0.00212913490931024	0.000261611805448135	4.39632584741494e-10	0.0223827167455275	0.023214152813459	0.000831436067931516
0.00841906308984085	1.09520173865293e-05	0.0630533410389613	0.0640505108754233	0.000997169836462017	0.000298396083265777	4.98908561961964e-10	0.0304623160533562	0.0314349048877629	0.00097258883440671
0.00891883224183054	1.16108594608546e-05	0.0740671730939548	0.0752782432396983	0.00121107014574352	0.000259726803362717	4.47372747244563e-10	0.0276613928019114	0.0298662537829326	0.0022048609810212
0.0077276673810341	9.85732792111313e-06	0.0578803602025668	0.057231110742269	-0.000649249460297784	0.000280293268582797	4.54476325139575e-10	0.0285787439158372	0.02823185797251	-0.00034688594332722
0.00899310012607233	1.155945214382e-05	0.0549851393882843	0.0549932626398687	8.1232515843771e-06	0.000226022223901048	3.73954258238458e-10	0.0143015393562317	0.0146427855047727	0.000341246148540975
0.00909539549240461	1.18486817187259e-05	0.0705975913024227	0.0715951782943418	0.000997586991919125	0.000316130809337202	5.36251273313828e-10	0.032607491870879	0.0338933205154435	0.00128582864456456
0.0103926239965121	1.3344283897069e-05	0.0739803823607957	0.0739208757213619	-5.95066394337568e-05	0.000273239900601852	4.53782105478215e-10	0.0216476058966981	0.0219580147198739	0.000310408823175772
0.00869585502563007	1.12572723636041e-05	0.0555657695907458	0.0557860099742977	0.000220240383551853	0.000243887618264107	3.91213360246275e-10	0.016922394990903	0.016159345991652	-0.000763048999251052
0.0129771410690972	1.69397921298177e-05	0.156871610882886	0.159147122410557	0.0022755115276705	0.000532886081715131	9.13566891664379e-10	0.0896499619477636	0.0941901312174438	0.00454016926968012
0.0122049906571413	1.55410722890573e-05	0.105783564550157	0.104903410564676	-0.000880153985480137	0.000395891481138955	6.4027207096268e-10	0.0410631480859069	0.0406693962271171	-0.000393751858789773
0.00749551602197983	9.9402269127045e-06	0.0422004525325503	0.0443654112481383	0.002164958715588	0.00020602373336434	3.68852978613744e-10	0.013069324831657	0.0147918256530094	0.00172250082135246
0.0140470292638846	1.80363842555223e-05	0.119062835036048	0.117715127166274	-0.00134770786977392	0.000442310857194323	7.20284564099114e-10	0.0462042988864782	0.0451262614705107	-0.00107803741596754
0.0122105934804595	1.57247161364408e-05	0.108356470194089	0.108992157195386	0.000635687001296986	0.000532555384403222	8.62571838051195e-10	0.0668076289561346	0.0665454088329088	-0.000262220123225812
0.0113966378091184	1.48593595540264e-05	0.091341336737547	0.0938137172768288	0.00247238053928184	0.000481270976447416	7.96883540162318e-10	0.0529844625555628	0.0542953983299994	0.0013109357744366
-1.83204741307825e-05	-1.15472395645159e-07	6.80804587233387e-07	1.58716267428157e-05	1.51908221555824e-05	-3.30864310616364e-06	-9.50546953111192e-12	1.5759442808415e-05	4.49293242772465e-05	2.91698814688315e-05
0.00974989352488891	1.25972199724784e-05	0.0702844627353214	0.070529412891123	0.000244950155801588	0.000343173738570676	5.63431520935384e-10	0.0318782643236223	0.0320294415691969	0.000151177245574514
0.00995091803830717	1.2829131457233e-05	0.0728535631479411	0.0725546319578676	-0.000298931190073584	0.00038617753676602	6.18813934313456e-10	0.0377807085679262	0.0359221790849318	-0.00185852948299435
-0.00248882609854583	-3.20779799250442e-06	0.0137728743654279	0.0136122843099705	-0.000160590055457441	-0.000104836094521765	-1.74307916236831e-10	0.0183565155175902	0.0180462579814053	-0.00031025753618498
0.0128169762112479	1.67748724188366e-05	0.106926946338701	0.110310109759145	0.00338316342044445	0.000446266747477008	7.67961323263293e-10	0.0445086131574559	0.0475507564969962	0.00304214333954032
0.0122290543805319	1.58796409084827e-05	0.0984821521018224	0.0998380000024882	0.00135584790066584	0.000354465759275995	5.95889997873134e-10	0.033826316223596	0.0348864098277381	0.00106009360414211
-0.00266244927945198	-3.33415589104346e-06	0.0116639184556101	0.0108197085269603	-0.000844209928649786	-0.000104046708753365	-1.70860073794978e-10	0.0123777727322174	0.011776102510792	-0.000601670221425406
0.0061877926549838	8.21060484175279e-06	0.041671268186806	0.0436167331811477	0.00194546499434167	0.000153781696492903	2.65535322955851e-10	0.0114880342185546	0.0122365249633767	0.000748490744822174
0.012171409222494	1.57386358023215e-05	0.0858181596065079	0.0862485890591228	0.000430429452614844	0.000421515936197734	6.91457234572032e-10	0.033612631404007	0.0334810989662566	-0.000131532437750409
0.00743710301771084	9.69159425419446e-06	0.038872226198698	0.0395174631389593	0.000645236940261321	0.00016742933272127	2.88031401200969e-10	0.00844374204244917	0.00903363832575306	0.000589896283303892
0.000122491253288412	8.90157961420608e-08	3.53656457615048e-05	1.1139083375418e-05	-2.42265623860868e-05	1.40722383743701e-05	1.78371943538718e-11	0.000321034188847423	0.000185208001265449	-0.000135826187581974
0.00916092790768477	1.185765301566e-05	0.0761992963307234	0.076547440845666	0.000348144514942625	0.000248671639972594	4.06731346454203e-10	0.0253891805512286	0.0252273439847899	-0.000161836566438655
-0.00212844452578336	-2.59187820345601e-06	0.00774706168650815	0.00681801551679346	-0.000929046169714695	-6.38740188855871e-05	-9.78813956954447e-11	0.00542693697189994	0.0045230760275714	-0.000903860944328536
0.0118221771952007	1.52675420965695e-05	0.096777924959855	0.0961496152646555	-0.000628309695199447	0.000409646994465805	6.77319801021999e-10	0.0384880551822905	0.037872709467495	-0.00061534571479549
0.00646100417435214	8.55794464169254e-06	0.0437399569386635	0.0453802013820251	0.00164024444336155	0.00016715349946893	2.95868638734459e-10	0.0130251524921239	0.01427712002394	0.00125196753181603
-0.000625734635571243	-8.73274265045844e-07	0.000792479563568948	0.000920417905940305	0.000127938342371356	-2.13373603398623e-05	-3.93425555868064e-11	0.000711785214649998	0.000876112605142579	0.000164327390492581
0.0114926124032532	1.4753926203913e-05	0.0842345359087791	0.083975970770026	-0.000258565138753095	0.000437640590540707	7.02752581365047e-10	0.0430610284892685	0.0419216716450414	-0.00113935684422711
0.00954894719688331	1.26084849982328e-05	0.0821723836858866	0.0858834007425595	0.00371101705667297	0.00030155355458674	5.21883811442489e-10	0.0333498687408516	0.036103024271736	0.00275315553088441
0.00970702457546499	1.27201079406868e-05	0.050700939866604	0.0520653653998306	0.0013644255332266	0.000327524634318328	5.43539142493944e-10	0.0176139177085535	0.0178915943025744	0.000277676594020931
0.0071625349659591	9.40662901866452e-06	0.0485183984171076	0.0495624493920965	0.00104405097498893	0.000167674074441032	2.97284310052969e-10	0.0112048204226086	0.0122686408581567	0.00106382043554807
0.0111518049146826	1.44666815815498e-05	0.133233077256312	0.133081697484276	-0.000151379772035831	0.000404515963077826	6.77184696228983e-10	0.0683124785500409	0.0686231467459932	0.000310668195952296
0.00925895996362577	1.21685855024438e-05	0.0631238156325194	0.0651663750240212	0.00204255939150182	0.000251125694905506	4.25060122163216e-10	0.0171276038356457	0.0178897195073277	0.000762115671681989
0.0104676735898049	1.36332021429812e-05	0.080339099405435	0.0815226575733411	0.00118355816790607	0.000407506235276048	6.90756819793368e-10	0.0454593358692779	0.0467362919561659	0.00127695608688803
0.00680859700771559	8.82382108328679e-06	0.0457711854516237	0.0462405672902806	0.00046938183865692	0.000197825103318003	3.33072934302865e-10	0.0165307794768864	0.0170154494339109	0.000484669957024491
0.0111339717537502	1.4476146398233e-05	0.105457529510758	0.107523138858137	0.00206560934737904	0.000371648016632997	6.15453959366483e-10	0.044180910182871	0.0448148677943994	0.000633957611528381
0.0134594645303448	1.71550444309931e-05	0.127121829347271	0.125326317609025	-0.00179551173824599	0.000374047359223209	6.08341816120241e-10	0.0375759752299163	0.0375292180935981	-4.67571363182498e-05
0.0140270307723822	1.8104090434741e-05	0.115845052506748	0.117632934341973	0.0017878818352251	0.000455360349884189	7.27129729762251e-10	0.039661991609681	0.0391923996209238	-0.000469591988757227
0.00744910311742497	9.63208274956874e-06	0.0515164093111981	0.0515326365413523	1.62272301541394e-05	0.000190768780459525	3.16815197126987e-10	0.0151222835392194	0.0150844643558051	-3.78191834143112e-05
-0.000200005544347831	-2.80302932701424e-07	7.32752237132147e-05	8.49507451225336e-05	1.16755214093189e-05	-1.26397324893124e-05	-2.48509208624249e-11	0.000193265902019556	0.000263776593135745	7.05106911161887e-05
0.00797376987633409	1.03796728109455e-05	0.0465818630418354	0.0474936641743814	0.000911801132545985	0.000268046710369645	4.53179564833544e-10	0.0204755684667193	0.0216382450123026	0.00116267654558321
0.00793408168426602	1.04982317123942e-05	0.055455361508689	0.0577705869621042	0.00231522545341516	0.000212659555492087	3.73460660873107e-10	0.0178742685996937	0.0197597991497411	0.0018855305500474
0.00696675768782596	9.1779657069945e-06	0.0277515779787294	0.0286864190067195	0.000934841027990036	0.000163281811688316	2.76440939420949e-10	0.00512966291069603	0.00529050935467431	0.000160846443978281
0.0106303286440139	1.36929265131181e-05	0.0823384257183222	0.0826918761123005	0.000353450393978272	0.000476725862720966	7.84304711397179e-10	0.0456829820961902	0.0460134287343629	0.000330446638172617
0.000752607063115396	9.48411920358665e-07	0.00111776164221832	0.00104601345194081	-7.17481902775111e-05	4.25844500787703e-05	7.00610772264915e-11	0.00236305467934488	0.00224192094120574	-0.000121133738139146
-0.000862345972615528	-9.7986267720514e-07	0.00153010875290658	0.00116995890768321	-0.00036014984522337	-3.54933003575674e-05	-5.11800302197548e-11	0.00222900799088392	0.00164230627995984	-0.000586701710924076
0.00750076707775139	9.812539711461e-06	0.0533548202381558	0.0546389627940961	0.0012841425559403	0.000198472095231141	3.37146645820207e-10	0.0169932897195026	0.0176963707980455	0.000703081078542871
0.0069697259117383	9.0889928175921e-06	0.0440246748695855	0.0449669839965725	0.000942309126987062	0.000172262097499592	2.99070102494486e-10	0.0132317703802497	0.0143230096474251	0.00109123926717538
0.00898381629492993	1.16740940865349e-05	0.0810745661049197	0.0820521545374416	0.000977588432521936	0.000265437739544932	4.51900512261721e-10	0.0281450817267349	0.0295248676269476	0.00137978590021273
0.0116418683593353	1.52354259832506e-05	0.0970288175218136	0.0992506047026273	0.00222178718081364	0.000394848723867561	6.73245678989919e-10	0.0461174933219576	0.0482377353488179	0.00212024202686029
-0.000589104784676292	-6.89492828796144e-07	0.00061332343013274	0.000500207344926974	-0.000113116085205766	-1.75661602299458e-05	-2.6096016999476e-11	0.000437075668243114	0.000350474165144644	-8.66015030984706e-05
0.0101457266442576	1.30377902826205e-05	0.0819171101408872	0.0817655899811094	-0.000151520159777735	0.000379452733864593	6.24338827466422e-10	0.0429642320583021	0.0426415356171169	-0.000322696441185259
0.00860918632066396	1.13869343243803e-05	0.0573956706045077	0.0601062767897135	0.00271060618520576	0.000232272298427077	4.18302888047088e-10	0.0168629473827999	0.0193863730609442	0.0025234256781443
0.0101610692663302	1.3344184705692e-05	0.0787043712414774	0.0819260544368601	0.0032216831953827	0.000439990831002151	7.32656666519412e-10	0.0459008475848414	0.0473949829724832	0.00149413538764183
0.0117968728137654	1.52823414601982e-05	0.100306872898947	0.100658306661276	0.000351433762328213	0.000299236465658096	5.00166222939023e-10	0.0293066800487066	0.0293275119486182	2.08318999116303e-05
0.00928249465043537	1.2264911000609e-05	0.0556555254575931	0.057603542328081	0.00194801687048789	0.000296813096782009	5.12444351727946e-10	0.0198488480295213	0.0211104144056567	0.0012615663761354
0.0113755964284547	1.50429959125325e-05	0.101315585033484	0.105193186900987	0.00387760186750309	0.000337928961171072	5.97453724074171e-10	0.0365864240889586	0.0399876013353159	0.00340117724635731
0.0118125354333274	1.54121803567837e-05	0.0926876694731401	0.0945619956799897	0.00187432620684957	0.000374005209584313	6.37646401402695e-10	0.037119372077405	0.0391981207726557	0.00207874869525068
0.0131266414844746	1.71456566984889e-05	0.114346459459989	0.116361683124337	0.0020152236643476	0.000519919644348342	8.69973481460764e-10	0.0609035227134427	0.062267300271584	0.00136377755814131
0.00989859606549801	1.27596055260342e-05	0.0666342155173138	0.0663417199378694	-0.000292495579444385	0.000325307617844312	5.45160599664404e-10	0.0272184946334255	0.0275667909526328	0.000348296319207311
0.00842284840934624	1.07601848937509e-05	0.0651616232769522	0.0646938855538389	-0.000467737723113329	0.000174831540237579	2.8554366013587e-10	0.0144391474243797	0.0143639118669733	-7.52355574063935e-05
0.012455312939981	1.59098658360815e-05	0.127302966759978	0.127082020173124	-0.000220946586853843	0.000363514498301838	5.91922877172039e-10	0.0441353214125203	0.0442107859790365	7.54645665161854e-05
0.00870394650178218	1.13067265746803e-05	0.0515214211203514	0.0522905277472296	0.000769106626878152	0.000208661576850086	3.59933803973285e-10	0.0103929716447819	0.0113240632351772	0.000931091590395252
0.00736764984299453	9.56376399572051e-06	0.0399824630865549	0.0402368223257678	0.000254359239212895	0.000198639975268756	3.35872596630062e-10	0.0124457524792129	0.0128032697207042	0.000357517241491349
0.0117677610831733	1.52141663658701e-05	0.101447029268386	0.102112427193414	0.000665397925027955	0.000285137448525655	4.74798012432171e-10	0.0281677677226571	0.0285892137600553	0.000421446037398236
0.00918053344895188	1.18964399751936e-05	0.0659077637999089	0.0670024601679926	0.00109469636808379	0.000253922919622402	4.14975324134253e-10	0.020368738482897	0.0204682876541577	9.95491712607634e-05
0.0110128188563529	1.42062184708897e-05	0.0774242622157878	0.0779566344651813	0.000532372249393523	0.000372999611253414	6.33151582769674e-10	0.0299293652619581	0.0314769848420171	0.00154761958005899
0.00897537757783492	1.18204712697073e-05	0.0718097911709263	0.0739032446673466	0.00209345349642032	0.000239153968703429	4.21615107628522e-10	0.0225949400549958	0.0246221949877852	0.0020272549327894
0.00962890929960915	1.26235432775024e-05	0.0703135125619845	0.0724858278897114	0.00217231532772696	0.000254524305062956	4.40076092701354e-10	0.0194245209942453	0.020813029759413	0.00138850876516765
0.0101757505297318	1.32010650210472e-05	0.0632132868802292	0.0632999858150524	8.66989348231456e-05	0.00039587201127593	6.60414693603056e-10	0.0324725563872376	0.0325411454071584	6.85890199207811e-05
