LR1_coefficients_null_raster	LR1_coefficients_per_pop_2025_CN_100m_R2025A_v1_C	LR1_R2_null_raster	LR1_R2_per_pop_2025_CN_100m_R2025A_v1_C	LR1_Q_per_pop_2025_CN_100m_R2025A_v1_C	LR2_coefficients_null_raster	LR2_coefficients_per_pop_2025_CN_100m_R2025A_v1_C	LR2_R2_null_raster	LR2_R2_per_pop_2025_CN_100m_R2025A_v1_C	LR2_Q_per_pop_2025_CN_100m_R2025A_v1_C
0.00808319879766488	0.661432528554955	0.0680460808636331	0.067133164014883	-0.000912916848750181	0.000212659239937081	1.43819126716464	0.023627947097201	0.0232179633956176	-0.000409983701583336
0.00608534727201069	0.501802134905739	0.0381397077429607	0.0383272245693707	0.000187516826409995	0.000192609715445078	1.30931601404349	0.0148145802383847	0.0147615637239359	-5.30165144488511e-05
0.00738076768061965	0.60895451712239	0.0321266303103642	0.0324529045815151	0.00032627427115086	0.000189280336941092	1.29826154862156	0.00750242136300959	0.00774303575267136	0.000240614389661773
0.00811271045593552	0.67041968054353	0.0578309119084697	0.0581644307985579	0.000333518890088258	0.000205016856727856	1.4094415183527	0.0144653076724984	0.0147142390008481	0.000248931328349748
0.0104634706960162	0.854488452538517	0.0711128838404799	0.0706557586180264	-0.000457125222453503	0.000268420950403798	1.78483324269497	0.0160358134840423	0.0156440736686443	-0.000391739815397918
0.00907119670998722	0.751082946106731	0.0813669899309473	0.0823343351492658	0.000967345218318483	0.00029139597136192	2.00817869848653	0.0311639434100819	0.0318842601639052	0.000720316753823273
0.0091724832664205	0.758904643580392	0.0855684691929471	0.0861589943572146	0.000590525164267497	0.000246446098959038	1.71251175163733	0.0247088366031376	0.0254830623030582	0.000774225699920625
0.00548105516758877	0.447298970178456	0.028289211343838	0.0279508656461742	-0.000338345697663806	0.000183575923260575	1.25254747097349	0.0133337110212833	0.0135189203148347	0.000185209293551416
0.0151899597263702	1.23336533100743	0.190302431507655	0.18691804551828	-0.00338438598937496	0.00064139182321414	4.25222736156184	0.109963256428143	0.106397543769484	-0.00356571265865914
0.0104909344365721	0.865538146833003	0.0663964975044658	0.0670860930498703	0.000689595545404473	0.000338134391604518	2.29106383850596	0.0251356525280022	0.0253104522926706	0.000174799764668387
0.00674856291572191	0.552915484980601	0.0294649055518642	0.0295336032628383	6.86977109740673e-05	0.000163540866379258	1.11655381336234	0.00721958452587491	0.00742481496215319	0.000205230436278277
0.0106212300000533	0.870961785365697	0.10377234325391	0.103365295642059	-0.000407047611850411	0.000414800959400155	2.82511188369941	0.0578918339026447	0.0580637301477093	0.000171896245064605
0.0124770287553981	1.01376517773467	0.109291478751312	0.107044930507213	-0.00224654824409841	0.000447393740039111	2.97080374757767	0.0529820767374041	0.0516715350132622	-0.00131054172414196
0.00898934727558691	0.743904955831558	0.0864728902716362	0.0874513845931637	0.000978494321527495	0.000242956554699919	1.65350171375957	0.0308885281883874	0.0310111840411353	0.000122655852747802
0.0120477258849348	0.9988639486959	0.0909727244137373	0.0925694283147739	0.00159670390103663	0.000372199377137748	2.55854861803119	0.0346029745464403	0.0356433661220632	0.00104039157562288
0.000849417140460153	0.0702843294005226	0.0012238240092659	0.0012362936247417	1.24696154758035e-05	2.58298906885388e-05	0.17759518890291	0.000825886549563927	0.000852213789078078	2.63272395141511e-05
0.00810870144926852	0.662652870676641	0.051688771346754	0.051512523928875	-0.00017624741787893	0.000226607395678859	1.538007773507	0.014084661362641	0.0142499413953665	0.000165280032725491
0.0119020108333866	0.976618963905134	0.117666396210233	0.116188586117106	-0.00147781009312689	0.000410395317127778	2.77157601668649	0.0507852444403236	0.0497404000276235	-0.00104484441270018
0.00922739307723027	0.764963648194733	0.072124097839926	0.073240088570365	0.00111599073043903	0.000232356403148085	1.60725710288185	0.0185953226176453	0.0192989783838946	0.000703655766249311
0.0146048560465441	1.19794198689782	0.12865255829806	0.128471609063409	-0.000180949234651173	0.000534515642754631	3.63446803716716	0.0587306517637898	0.0588602255498373	0.000129573786047457
0.00729126988219223	0.599077370872066	0.0355694551422681	0.0356164861293603	4.703098709221e-05	0.000185509457902966	1.27537069154626	0.00791171498395932	0.00820072661590749	0.000289011631948168
0.00905536804078099	0.749144460850124	0.0782448878904037	0.0790326642061474	0.000787776315743699	0.000226084276552859	1.56600680578868	0.0212363049999869	0.0218890079923133	0.000652702992326417
0.0110824247547033	0.912747729759395	0.0971841583181063	0.0967288432229402	-0.000455315095166053	0.000395179979909362	2.6753037614406	0.0523728037671781	0.0516648240729383	-0.000707979694239837
0.00911080241145539	0.750446457661388	0.0682823840617667	0.0686448216349722	0.000362437573205518	0.000274805408521151	1.89834194613093	0.0232750341106697	0.0240045768753215	0.0007295427646518
0.00973938085207329	0.797371140710777	0.0560644332921603	0.0557556344921058	-0.00030879880005448	0.000303477327100822	2.02741001790602	0.0179924368921741	0.0176359501982176	-0.000356486693956489
0.00176763958696843	0.142401453437255	0.005704352822913	0.00546203810792213	-0.000242314714990866	9.54392757150417e-05	0.639354252504517	0.0101220623756911	0.00987746957911286	-0.00024459279657825
0.0121148627056104	0.993777718565391	0.118230133156309	0.118360190798884	0.000130057642574982	0.000445499125423884	2.98109005084149	0.053265232982112	0.0525708214554851	-0.000694411526626963
0.00777234978902806	0.637789747280255	0.0612357521240559	0.0614931771397898	0.000257425015733885	0.000261611805448135	1.77238918545493	0.0223827167455275	0.0227692695431784	0.00038655279765085
0.00841906308984085	0.689132362059074	0.0630533410389613	0.0628264701704104	-0.000226870868550902	0.000298396083265777	1.99579161658375	0.0304623160533562	0.0302034496862123	-0.000258866367143853
0.00891883224183054	0.729986252661482	0.0740671730939548	0.0739859165757212	-8.12565182336383e-05	0.000259726803362717	1.72323345745369	0.0276613928019114	0.0270565660560393	-0.000604826745872117
0.0077276673810341	0.640098034506226	0.0578803602025668	0.0583144068432205	0.000434046640653711	0.000280293268582797	1.92666683044178	0.0285787439158372	0.0289005533732952	0.00032180945745798
0.00899310012607233	0.743447307811691	0.0549851393882843	0.0557207400344726	0.000735600646188335	0.000226022223901048	1.5494335130338	0.0143015393562317	0.0145762370797826	0.000274697723550826
0.00909539549240461	0.736964082139527	0.0705975913024227	0.0694897102888572	-0.00110788101356546	0.000316130809337202	2.06772639391578	0.032607491870879	0.0312168210378643	-0.00139067083301462
0.0103926239965121	0.860107462082492	0.0739803823607957	0.0750671839657217	0.00108680160492597	0.000273239900601852	1.87908150512252	0.0216476058966981	0.0222243950673682	0.000576789170670122
0.00869585502563007	0.71286883486068	0.0555657695907458	0.0558931474434538	0.000327377852707984	0.000243887618264107	1.65144870455801	0.016922394990903	0.0173236946474082	0.000401299656505205
0.0129771410690972	1.06531711726724	0.156871610882886	0.157791277158934	0.000919666276047615	0.000532886081715131	3.59544841792706	0.0896499619477636	0.0905961812226113	0.000946219274847643
0.0122049906571413	1.00432964525466	0.105783564550157	0.105140407912326	-0.000643156637830419	0.000395891481138955	2.68945276555179	0.0410631480859069	0.0407547864396572	-0.000308361646249644
0.00749551602197983	0.61413285219886	0.0422004525325503	0.0417743622095467	-0.000426090323003558	0.00020602373336434	1.4061076893351	0.013069324831657	0.0130813031073638	1.19782757068213e-05
0.0140470292638846	1.15773010873728	0.119062835036048	0.118809714537097	-0.000253120498950987	0.000442310857194323	3.01632596155834	0.0462042988864782	0.0460935191221762	-0.000110779764301995
0.0122105934804595	0.999794989875447	0.108356470194089	0.10733133368111	-0.00102513651297942	0.000532555384403222	3.61158522591786	0.0668076289561346	0.0666747029985406	-0.000132925957594024
0.0113966378091184	0.930834045595496	0.091341336737547	0.0899585041065563	-0.00138283263099068	0.000481270976447416	3.27584353955004	0.0529844625555628	0.0530056958050414	2.12332494785861e-05
-1.83204741307825e-05	0.000586325898222154	6.80804587233387e-07	1.03581641332826e-07	-5.77222945900561e-07	-3.30864310616364e-06	-0.015245632420099	1.5759442808415e-05	7.47038922257437e-06	-8.28905358584063e-06
0.00974989352488891	0.803180446414547	0.0702844627353214	0.071073807101068	0.0007893443657465	0.000343173738570676	2.33134087553837	0.0318782643236223	0.0323613249840456	0.000483060660423217
0.00995091803830717	0.82111880192578	0.0728535631479411	0.0733766051991862	0.000523042051245037	0.00038617753676602	2.66538897010947	0.0377807085679262	0.0387679394770715	0.000987230909145306
-0.00248882609854583	-0.207102746079084	0.0137728743654279	0.0141272523253859	0.00035437795995797	-0.000104836094521765	-0.713877149873889	0.0183565155175902	0.0187033518566329	0.000346836339042617
0.0128169762112479	1.05373223777987	0.106926946338701	0.106616421283711	-0.000310525054989852	0.000446266747477008	3.01550672781936	0.0445086131574559	0.0443532017493145	-0.000155411408141383
0.0122290543805319	0.999166992175671	0.0984821521018224	0.0980360362581523	-0.000446115843670117	0.000354465759275995	2.39727411465363	0.033826316223596	0.033886648354171	6.03321305751026e-05
-0.00266244927945198	-0.22623684287497	0.0116639184556101	0.0124177944932648	0.000753876037654682	-0.000104046708753365	-0.724604116158381	0.0123777727322174	0.0131559086323454	0.000778135900128018
0.0061877926549838	0.50516963422576	0.041671268186806	0.0410852726983267	-0.000585995488479304	0.000153781696492903	1.03370205894419	0.0114880342185546	0.0113018134000691	-0.000186220818485523
0.012171409222494	1.00896431289518	0.0858181596065079	0.0862280640818611	0.000409904475353148	0.000421515936197734	2.91259399194009	0.033612631404007	0.034099711440513	0.000487080036506021
0.00743710301771084	0.61229847303585	0.038872226198698	0.0390791873897251	0.00020696119102713	0.00016742933272127	1.13380129720621	0.00844374204244917	0.00844546126902459	1.71922657542754e-06
0.000122491253288412	0.0134441959145238	3.53656457615048e-05	6.26250407721595e-05	2.72593950106546e-05	1.40722383743701e-05	0.10878221615256	0.000321034188847423	0.000415107157152614	9.40729683051905e-05
0.00916092790768477	0.756461392089618	0.0761992963307234	0.0768446888433541	0.00064539251263071	0.000248671639972594	1.7025066046537	0.0253891805512286	0.0257505049510471	0.000361324399818515
-0.00212844452578336	-0.18206540051689	0.00774706168650815	0.00838170606917336	0.00063464438266521	-6.38740188855871e-05	-0.457030485066691	0.00542693697189994	0.00618108351036724	0.000754146538467303
0.0118221771952007	0.972172772084892	0.096777924959855	0.0976387324186992	0.000860807458844259	0.000409646994465805	2.77964824178271	0.0384880551822905	0.0394652101586349	0.00097715497634436
0.00646100417435214	0.531015353935866	0.0437399569386635	0.0439651873763294	0.000225230437665841	0.00016715349946893	1.13345507863259	0.0130251524921239	0.0131482054931697	0.000123053001045766
-0.000625734635571243	-0.048572438526588	0.000792479563568948	0.000703859173632423	-8.86203899365258e-05	-2.13373603398623e-05	-0.132069597122086	0.000711785214649998	0.00060011796582235	-0.000111667248827647
0.0114926124032532	0.942340165071274	0.0842345359087791	0.0837289061693107	-0.000505629739468438	0.000437640590540707	2.98260707459825	0.0430610284892685	0.0432136483550804	0.00015261986581188
0.00954894719688331	0.784490652318673	0.0821723836858866	0.081947269021256	-0.000225114664630544	0.00030155355458674	2.04837372404389	0.0333498687408516	0.0333092220385456	-4.06467023060103e-05
0.00970702457546499	0.800248794919141	0.050700939866604	0.0510466268172007	0.000345686950596752	0.000327524634318328	2.25698782153591	0.0176139177085535	0.0181953367251692	0.000581419016615695
0.0071625349659591	0.587709503052052	0.0485183984171076	0.0485475351941576	2.9136777050083e-05	0.000167674074441032	1.11123747565303	0.0112048204226086	0.0108721965815692	-0.000332623841039437
0.0111518049146826	0.919246057205927	0.133233077256312	0.133662284979589	0.000429207723276509	0.000404515963077826	2.76633165105385	0.0683124785500409	0.0686920090899426	0.000379530539901626
0.00925895996362577	0.761901578707356	0.0631238156325194	0.0630569567086011	-6.68589239182366e-05	0.000251125694905506	1.72770009509673	0.0171276038356457	0.0173873451037022	0.000259741268056533
0.0104676735898049	0.856144667584429	0.080339099405435	0.079197003262472	-0.00114209614296301	0.000407506235276048	2.73783687099734	0.0454593358692779	0.044417874689967	-0.00104146117931083
0.00680859700771559	0.558385395982123	0.0457711854516237	0.0455482529874161	-0.000222932464207619	0.000197825103318003	1.33556505789989	0.0165307794768864	0.0163969921243877	-0.000133787352498724
0.0111339717537502	0.914303815567907	0.105457529510758	0.105346016632044	-0.000111512878713541	0.000371648016632997	2.54971651889811	0.044180910182871	0.0450798428380106	0.000898932655139635
0.0134594645303448	1.11869769517521	0.127121829347271	0.129655798150048	0.00253396880277726	0.000374047359223209	2.557994323643	0.0375759752299163	0.0381343096853003	0.000558334455383974
0.0140270307723822	1.14481676511976	0.115845052506748	0.114517728768442	-0.00132732373830552	0.000455360349884189	3.0636280501692	0.039661991609681	0.0393428037997323	-0.000319187809948697
0.00744910311742497	0.615592671965343	0.0515164093111981	0.0520892080176075	0.000572798706409347	0.000190768780459525	1.30919366965434	0.0151222835392194	0.015627972820707	0.00050568928148767
-0.000200005544347831	-0.0187501555492718	7.32752237132147e-05	9.61756760920086e-05	2.29004523787939e-05	-1.26397324893124e-05	-0.0824150967251407	0.000193265902019556	0.000184380651351887	-8.88525066766949e-06
0.00797376987633409	0.654590449211161	0.0465818630418354	0.0466446098006275	6.27467587921496e-05	0.000268046710369645	1.79278914529754	0.0204755684667193	0.0200692664138408	-0.000406302052878563
0.00793408168426602	0.652024293765831	0.055455361508689	0.0554985994480969	4.32379394078239e-05	0.000212659555492087	1.43153439787364	0.0178742685996937	0.0176795253163575	-0.000194743283336185
0.00696675768782596	0.565940558416452	0.0277515779787294	0.0271191096777841	-0.000632468300945297	0.000163281811688316	1.11196060399357	0.00512966291069603	0.00517988846046725	5.02255497712252e-05
0.0106303286440139	0.873945703385702	0.0823384257183222	0.0823555810762524	1.71553579301764e-05	0.000476725862720966	3.23215914225013	0.0456829820961902	0.0455546532812989	-0.000128328814891387
0.000752607063115396	0.0662437086671958	0.00111776164221832	0.00127841727916191	0.000160655636943594	4.25844500787703e-05	0.308860438915214	0.00236305467934488	0.00273334132463165	0.000370286645286769
-0.000862345972615528	-0.0785656456256853	0.00153010875290658	0.00188149889684477	0.000351390143938193	-3.54933003575674e-05	-0.265859077222624	0.00222900799088392	0.00277426705337433	0.000545259062490408
0.00750076707775139	0.615380398285666	0.0533548202381558	0.0527865409451616	-0.000568279292994169	0.000198472095231141	1.35311605400828	0.0169932897195026	0.0169467807526444	-4.6508966858233e-05
0.0069697259117383	0.572224020388344	0.0440246748695855	0.0436346562006999	-0.000390018668885543	0.000172262097499592	1.15888478672233	0.0132317703802497	0.0129472780780726	-0.000284492302177147
0.00898381629492993	0.740737195560768	0.0810745661049197	0.0816962768104348	0.000621710705515061	0.000265437739544932	1.79512944788723	0.0281450817267349	0.0282674948522325	0.000122413125497586
0.0116418683593353	0.956840610523089	0.0970288175218136	0.0968611647478899	-0.000167652773923707	0.000394848723867561	2.69391170434188	0.0461174933219576	0.0464757255933957	0.000358232271438136
-0.000589104784676292	-0.0481877971587376	0.00061332343013274	0.000614003153237975	6.79723105235803e-07	-1.75661602299458e-05	-0.117037523720341	0.000437075668243114	0.000436717979015685	-3.57689227429507e-07
0.0101457266442576	0.828783516720671	0.0819171101408872	0.0809975490705304	-0.000919561070356803	0.000379452733864593	2.53795182601195	0.0429642320583021	0.042087212530223	-0.000877019528079157
0.00860918632066396	0.704790554410781	0.0573956706045077	0.0570590448091688	-0.000336625795338885	0.000232272298427077	1.55578675992859	0.0168629473827999	0.0166541712368203	-0.000208776145979563
0.0101610692663302	0.825985755394306	0.0787043712414774	0.0771605539578989	-0.00154381728357858	0.000439990831002151	2.97539106260725	0.0459008475848414	0.0454662866491567	-0.000434560935684739
0.0117968728137654	0.968631202063184	0.100306872898947	0.0999903858594313	-0.000316487039515964	0.000299236465658096	2.03920034412501	0.0293066800487066	0.029569429583416	0.000262749534709412
0.00928249465043537	0.751859349907436	0.0556555254575931	0.0541582212868414	-0.00149730417075176	0.000296813096782009	1.95515226866765	0.0198488480295213	0.0187972714047497	-0.00105157662477158
0.0113755964284547	0.929891600078144	0.101315585033484	0.100305609054889	-0.00100997597859466	0.000337928961171072	2.26271819003128	0.0365864240889586	0.0360839527109382	-0.000502471378020446
0.0118125354333274	0.970228220361687	0.0926876694731401	0.0934123769880853	0.000724707514945161	0.000374005209584313	2.54259160704322	0.037119372077405	0.0377525659211687	0.000633193843763757
0.0131266414844746	1.06523873774811	0.114346459459989	0.112177748641676	-0.00216871081831288	0.000519919644348342	3.44491586066434	0.0609035227134427	0.0591689805606321	-0.00173454215281062
0.00989859606549801	0.816365282826417	0.0666342155173138	0.0669252816575592	0.000291066140245433	0.000325307617844312	2.20331013582866	0.0272184946334255	0.0270884134432151	-0.00013008119021047
0.00842284840934624	0.699613075489383	0.0651616232769522	0.065869182812558	0.000707559535605751	0.000174831540237579	1.20960305894768	0.0144391474243797	0.0147777145359404	0.000338567111560649
0.012455312939981	1.03769408648008	0.127302966759978	0.129400150513685	0.00209718375370721	0.000363514498301838	2.5187137085591	0.0441353214125203	0.045307692249975	0.00117237083745474
0.00870394650178218	0.711253269794043	0.0515214211203514	0.0511245289735369	-0.000396892146814591	0.000208661576850086	1.39808429917425	0.0103929716447819	0.0101303313817274	-0.000262640263054505
0.00736764984299453	0.607408943450232	0.0399824630865549	0.0403171098176646	0.000334646731109646	0.000198639975268756	1.34672652704392	0.0124457524792129	0.012481974728732	3.62222495191074e-05
0.0117677610831733	0.962828347516834	0.101447029268386	0.101259008047698	-0.00018802122068784	0.000285137448525655	1.94040954215301	0.0281677677226571	0.0285935158828642	0.000425748160207125
0.00918053344895188	0.748050603490903	0.0659077637999089	0.0650382720791756	-0.000869491720733237	0.000253922919622402	1.72221951570972	0.020368738482897	0.0204338759413682	6.51374584712018e-05
0.0110128188563529	0.908596072253969	0.0774242622157878	0.0774813022606545	5.70400448667713e-05	0.000372999611253414	2.53574077994912	0.0299293652619581	0.0298593017876139	-7.00634743442292e-05
0.00897537757783492	0.733504566473676	0.0718097911709263	0.071555669841088	-0.000254121329838319	0.000239153968703429	1.60053283824268	0.0225949400549958	0.0224663025853407	-0.000128637469655087
0.00962890929960915	0.794311814908461	0.0703135125619845	0.0704657975990896	0.000152285037105127	0.000254524305062956	1.7336544051828	0.0194245209942453	0.019481505718062	5.6984723816645e-05
0.0101757505297318	0.83019222866075	0.0632132868802292	0.0628732628611247	-0.000340024019104476	0.00039587201127593	2.6412260967418	0.0324725563872376	0.0320425326588752	-0.000430023728362386
