LR1_coefficients_null_raster	LR1_coefficients_layer_R	LR1_R2_null_raster	LR1_R2_layer_R	LR1_Q_layer_R	LR2_coefficients_null_raster	LR2_coefficients_layer_R	LR2_R2_null_raster	LR2_R2_layer_R	LR2_Q_layer_R
0.00900567904249643	0.00245616818661469	0.0852539411500502	0.0504583700947106	-0.0347955710553397	0.000249312213201075	2.63786086283475e-05	0.0318336213661083	0.0208273977206274	-0.0110062236454808
0.00709261107629482	0.00150747185192164	0.0449666710408697	0.0144264807588382	-0.0305401902820315	0.000224017770843076	1.72767425726268e-05	0.0165605544880432	0.0053928053969769	-0.0111677490910663
0.00769847013371499	0.00160150308854083	0.0335535666281145	0.0104369768563857	-0.0231165897717289	0.000196993991523941	1.94132057732357e-05	0.00738478822588077	0.00336257531967965	-0.00402221290620112
0.0079298758932325	0.00173268481707141	0.055084576564951	0.0213336206469009	-0.03375095591805	0.000188869855617948	2.59658022557588e-05	0.012215939462694	0.0109027170542868	-0.00131322240840711
0.0101198371814072	0.00209086345050024	0.06595186519419	0.0202291016203403	-0.0457227635738497	0.000253950686140568	2.55511321609461e-05	0.0153472086003539	0.00709516266845055	-0.00825204593190331
0.0103815247285852	0.00330530996017195	0.102746853337434	0.0743975703671756	-0.0283492829702584	0.000359120810372496	5.4784986831096e-05	0.0473112432349294	0.0505872374767747	0.00327599424184528
0.00913742416651822	0.00236563307461029	0.0841101821855359	0.0408068597741309	-0.043303322411405	0.000246866085276892	3.19523665664174e-05	0.0239262214007748	0.0165459954329588	-0.00738022596781603
0.00542119302342565	0.00176866717871237	0.0269398561823459	0.0202604670675401	-0.00667938911480587	0.00017305460116603	2.50826473732025e-05	0.0112881689540197	0.013678134383934	0.00238996542991433
0.01539722801696	0.0046815721011369	0.165467990766538	0.110374374346275	-0.055093616420263	0.000652824867390547	0.00010092642051897	0.0927988747130182	0.0809604924538563	-0.0118383822591619
0.010737504343198	0.00273615668610979	0.0585023553875123	0.0321487543971042	-0.0263536009904081	0.000323571059226193	4.08013710415142e-05	0.0190144301448975	0.0167329672680757	-0.00228146287682182
0.00549878992216957	0.0015025332963179	0.0245849513592039	0.0136430015877924	-0.0109419497714115	9.87359729298432e-05	1.03828366384121e-05	0.00381890307275877	0.00222720751483232	-0.00159169555792646
0.0115261337160456	0.00329101541699276	0.122926690580589	0.0702901288748278	-0.0526365617057614	0.000367525632975245	3.27727891663871e-05	0.055723259915491	0.0224299791186677	-0.0332932807968233
0.0127863386901262	0.00315967431903638	0.0995359562127789	0.0484859351506683	-0.0510500210621107	0.000457433698441386	5.1998313758492e-05	0.0457991643310933	0.037262337042526	-0.00853682728856724
0.0100008336131982	0.00262870796011795	0.0844613490272275	0.0431340911977077	-0.0413272578295198	0.000288374849994646	3.0397970670844e-05	0.0317780312418189	0.0168179908120156	-0.0149600404298034
0.0111541222942896	0.00350390712810328	0.0743417296413102	0.0552193344887626	-0.0191223951525476	0.000322477723366209	5.39870809937041e-05	0.0241370622302761	0.0325436468775157	0.0084065846472396
0.000783351558969244	0.000296800694996331	0.00116282351688106	0.00173479230781746	0.000571968790936395	2.18234724131565e-05	6.28281473862356e-06	0.000695173986111855	0.0039762586055743	0.00328108461946244
0.00877267361114184	0.00201092797389564	0.0556724246546388	0.0195315818073616	-0.0361408428472772	0.00025601475533184	2.45767197818025e-05	0.0159534394381643	0.00655719673883087	-0.00939624269933346
0.0115574832127823	0.00142083917565766	0.0953785462426279	0.011046293779018	-0.08433225246361	0.00039216720633382	1.71321285666671e-05	0.0410470455932175	0.00367422898248837	-0.0373728166107291
0.00874457227931466	0.00166695190829741	0.0616370359087082	0.0174717306526102	-0.044165305256098	0.000220282374965409	2.13755340252651e-05	0.0155137885765447	0.0088716592459447	-0.00664212933059995
0.0138010025868565	0.00383806372855976	0.120164968680673	0.0835368207066914	-0.0366281479739812	0.000457240538488876	5.31813347784687e-05	0.04707667355608	0.0426061002031138	-0.00447057335296625
0.00732603451696526	0.00174632321507038	0.0340578194716023	0.0143470896588351	-0.0197107298127672	0.000175454073976617	2.0144454577363e-05	0.00651692443953273	0.0052049722993558	-0.00131195214017693
0.00923983757470773	0.00251845109894267	0.0731552822760087	0.0363524287612248	-0.036802853514784	0.000233236234231444	2.67377315985762e-05	0.019593422121112	0.0113613879815231	-0.0082320341395889
0.0115298829587093	0.00378817699815952	0.0967952936282223	0.0676262301203073	-0.029169063507915	0.000384205908874961	5.42509620064696e-05	0.0463471263200099	0.0404749456020933	-0.00587218071791657
0.00950378985738997	0.00273200208254812	0.0647233213387936	0.0395170851952763	-0.0252062361435173	0.000274852080694606	3.89746901988416e-05	0.0200303267275124	0.0197885720259787	-0.000241754701533679
0.00808775639550999	0.00240630436643006	0.0471747793510105	0.02846645348117	-0.0187083258698405	0.000191334587806279	1.79458570735306e-05	0.0106573660685388	0.00474589865980311	-0.00591146740873574
0.000172055566317573	0.000228184122322152	6.44512320803755e-05	0.00116037108840192	0.00109591985632154	1.4544014468291e-05	2.61012172131921e-06	0.000322030739924693	0.000706222430422541	0.000384191690497848
0.0122532806180355	0.00400496731489119	0.0869044944489116	0.0680477573095641	-0.0188567371393475	0.000435726434191198	7.71742174168221e-05	0.0347461497206748	0.0513761909440362	0.0166300412233614
0.00781442047339453	0.00233133527697289	0.053647509824598	0.0324026876162138	-0.0212448222083842	0.00025341847669129	2.99004937605241e-05	0.0177349223897723	0.0118908837951981	-0.00584403859457414
0.0111382179985864	0.00302972123227163	0.0855927492099293	0.0486337263829449	-0.0369590228269844	0.000398066197785136	4.58699547904065e-05	0.0389847628601244	0.0237759586019613	-0.0152088042581631
0.0096871422586595	0.00249093358808234	0.0769642420850322	0.0425150459871658	-0.0344491960978664	0.000292557275413538	2.96956778722242e-05	0.0298198109218206	0.0169153884310207	-0.0129044224907999
0.00967355187011707	0.00201194029908627	0.0628763232484028	0.021873882292674	-0.0410024409557289	0.000310857428258632	2.29655695509648e-05	0.0232677252495418	0.00864154535444215	-0.0146261798950997
0.00907980251524384	0.00204977045985436	0.0517536296777454	0.0224653212122373	-0.0292883084655081	0.000214756229448185	2.93377913944716e-05	0.0113994995185511	0.0111610957555288	-0.000238403763022312
0.0113843060549225	0.00252832867297794	0.0933118304352608	0.0357689528675279	-0.0575428775677329	0.000424943661941255	3.60509034096287e-05	0.0477283033619184	0.0221667989053475	-0.0255615044565708
0.00978050094496967	0.00314753191474913	0.0695302223449934	0.047566968614454	-0.0219632537305395	0.000239373227480533	4.43159186271598e-05	0.017515453111449	0.0239321699565351	0.00641671684508612
0.00678519885948498	0.00152963249857372	0.0372620822555771	0.0120631041731435	-0.0251989780824336	0.000152564892776077	1.70967039769449e-05	0.00795040119972657	0.00423333417258884	-0.00371706702713774
0.0127286359851017	0.00315889790441545	0.133783123697302	0.060750894834809	-0.073032228862493	0.000502926505743407	5.69867410214775e-05	0.0697977744779401	0.0414458060262617	-0.0283519684516785
0.0112602270594974	0.0036264314466396	0.086547636544227	0.0702448931871679	-0.0163027433570591	0.00037216666430003	5.73417755184004e-05	0.0333561130844231	0.0408021415778824	0.00744602849345927
0.00856683643327433	0.00211127657354136	0.0538787002476506	0.0301988359500666	-0.023679864297584	0.000245326010949206	2.80744237919911e-05	0.0189437792232228	0.0142141852599918	-0.004729593963231
0.0136006381239392	0.00308014876920487	0.10018124424252	0.0463373229797161	-0.0538439212628034	0.00042308037735539	3.84151722582124e-05	0.0369190169278085	0.0217901612095421	-0.0151288557182664
0.0122864417672659	0.00290881907078213	0.094712685802353	0.0427789287190291	-0.0519337570833238	0.000500757267812108	4.59610365956637e-05	0.0506886843828041	0.0248593856708024	-0.0258292987120017
0.010898687134436	0.00271538030603668	0.0995825312907245	0.0469695072789795	-0.052613024011745	0.000348666586329737	3.36688658143104e-05	0.0463574759402492	0.0231966095366097	-0.0231608664036395
-0.000533065071626186	-6.24749808820439e-05	0.000477026870193344	6.20150584709608e-05	-0.000415011811722384	-3.15358285608135e-05	2.48195436766091e-07	0.00119088848766585	4.41583371085042e-06	-0.001186472653955
0.00946293148923709	0.00264174700904132	0.0633454303610236	0.0410585209334165	-0.0222869094276071	0.000340765876440199	3.80268351370964e-05	0.0295064694750335	0.0210509114943456	-0.00845555798068792
0.0100492005824731	0.00313890378436714	0.0681280239122392	0.0527668627038548	-0.0153611612083844	0.000386023889704748	5.58267457581654e-05	0.0339833893386279	0.036987090105613	0.00300370076698518
-0.00197102728477867	-0.000774390530782595	0.00822042065503412	0.0125160756440429	0.00429565498900881	-8.51260250892255e-05	-1.13206975917322e-05	0.0112103974736272	0.0134513876999468	0.00224099022631956
0.0135670651978163	0.00341030051270108	0.117961124199371	0.058876629730029	-0.0590844944693423	0.000486468128671655	5.70962227002907e-05	0.0491684230916519	0.0330866585302019	-0.01608176456145
0.0112430934604722	0.0028666993624708	0.0872885800098165	0.0409022094402576	-0.0463863705695589	0.000302239388248344	3.44285153673829e-05	0.0270583639543293	0.0164044780304577	-0.0106538859238716
-0.00216576252817825	-0.000756354097106232	0.00817952313914375	0.0106533011539522	0.00247377801480845	-8.80239484732593e-05	-1.20040078280836e-05	0.00927595582557812	0.0130291339152225	0.00375317808964439
0.00775422200172493	0.00133715566364175	0.0543487694729445	0.0130946761643497	-0.0412540933085948	0.000193444000632052	1.23379997563526e-05	0.0146810390823555	0.00333808154829601	-0.0113429575340595
0.0116219757620537	0.00262426525183653	0.0844004294624659	0.0354341347802994	-0.0489662946821664	0.000323274684712628	3.45743883532602e-05	0.0240845405256576	0.0143886322800636	-0.00969590824559405
0.0084593401870678	0.00228747637338683	0.0460409353771091	0.0214766991499121	-0.024564236227197	0.000208135311045554	2.69358849826505e-05	0.0114565359884936	0.00712281122018228	-0.00433372476831136
-4.35861404800432e-05	0.000179362463705462	4.26166840343076e-06	0.000663887709137296	0.000659626040733865	1.47725903942945e-05	5.08975919912509e-06	0.000336293469163889	0.00228391637745667	0.00194762290829278
0.00982171171265964	0.00260880943404041	0.07880811650395	0.0404087975518381	-0.0383993189521119	0.000261062790642795	2.86532206447351e-05	0.0241705229799365	0.0127199120727671	-0.0114506109071694
-0.00163364391984651	-0.00061495401097165	0.00490303054087387	0.00647879224079803	0.00157576169992416	-4.56264716292817e-05	-5.96802326624628e-06	0.00301483572468682	0.00288828534528553	-0.000126550379401289
0.0117048524787198	0.00269422154638315	0.09540810379438	0.0315489075743921	-0.0638591962199879	0.000373174415687887	2.86557814930062e-05	0.0356751825341114	0.0086984890405941	-0.0269766934935173
0.00689569550109653	0.00192469272419259	0.0488588018341763	0.0265158396157261	-0.0223429622184502	0.000191880076784807	2.42359008999316e-05	0.0165584357286513	0.0136569723310766	-0.0029014633975747
-0.000673382319759763	-0.000369300860444608	0.000944978741994723	0.00267098877097431	0.00172601002897959	-2.91315011061923e-05	-5.49595252664547e-06	0.0013804974413025	0.00302529857656637	0.00164480113526387
0.00852478298317885	0.00233444724229783	0.0587776932428248	0.0282469187595841	-0.0305307744832407	0.000213048441929108	2.40820782333949e-05	0.0168122602124338	0.0092298739737078	-0.00758238623872601
0.0102723898713271	0.00311500932099798	0.0867860237934003	0.0567161804405675	-0.0300698433528327	0.000326765645925349	4.9823442874266e-05	0.034655377016708	0.0340715659696118	-0.000583811047096164
0.0075958867873294	0.00131399996732198	0.0368960110609676	0.00936404528781358	-0.027531965773154	0.000167150317034703	1.41850867761597e-05	0.00757998803163474	0.00271914812955867	-0.00486083990207607
0.00757641189795046	0.00262333979506158	0.0576792046257643	0.055332814292853	-0.00234639033291127	0.000197152529062449	2.85030306634314e-05	0.0169444898447681	0.0219893150196475	0.00504482517487936
0.0120022102160223	0.00379920023119164	0.13647168159863	0.0958185384833671	-0.0406531431152624	0.000431928691262112	6.10608523221711e-05	0.068651891756655	0.0573414100309842	-0.0113104817256708
0.00860093165090527	0.00173537152056848	0.0550784429202031	0.0184754673115532	-0.0366029756086499	0.000227958815712676	1.5568443511204e-05	0.0139319492248791	0.00392088659594154	-0.0100110626289375
0.0107931362920628	0.00273234428751674	0.0775319511985372	0.035713812102916	-0.0418181390956212	0.000402435646075989	4.27354253549634e-05	0.0386282855468616	0.0191646798773732	-0.0194636056694884
0.00866971465400798	0.00226051362509249	0.0654148682882418	0.0294388702648365	-0.0359759980234052	0.000247706955476418	2.94348883513064e-05	0.0222113172713078	0.0120384865333834	-0.0101728307379244
0.0113523767380482	0.00305154552098477	0.104590163212359	0.0540717210950958	-0.0505184421172634	0.000381898623327539	4.1718667310782e-05	0.0440358515269514	0.0268411157116974	-0.0171947358152541
0.0133067999295546	0.00490858879541357	0.104153225279824	0.116852427769162	0.0126992024893387	0.0003699176493341	6.86840868239891e-05	0.0295193985109679	0.055116161742789	0.0255967632318212
0.0127603575871535	0.00233673178985757	0.101462128572555	0.0285131497803776	-0.072948978792177	0.000419037646606194	2.65363678306253e-05	0.034451176777464	0.0095833383925375	-0.0248678383849266
0.00907263960735413	0.00225537502229065	0.0667887849248546	0.0288469446896895	-0.0379418402351651	0.000242134026821809	2.17838593656e-05	0.0200018973633534	0.00736040907885178	-0.0126414882845016
-0.000269567094868039	-0.000288575990837395	0.000140622027643172	0.00163543399694897	0.00149481196930579	-1.20324141059015e-05	-3.31395320283711e-06	0.000189488937714282	0.0011179162706336	0.000928427332919318
0.00767730044764493	0.00196140450142338	0.040817999113225	0.0187851214601138	-0.0220328776531112	0.000229782367820772	3.23965834860295e-05	0.0139348017466904	0.011405662471534	-0.00252913927515644
0.00838864604696551	0.00225756519153991	0.0516980795088798	0.0271405835351977	-0.024557495973682	0.000225339455947249	2.47538337612059e-05	0.0155519768294338	0.00870402389004291	-0.00684795293939093
0.00783661968240131	0.00070572518865529	0.0370335234354283	0.00222447013657582	-0.0348090532988525	0.000210294893049397	7.19827322189871e-07	0.00967467377441859	6.61737003286908e-06	-0.00966805640438572
0.00944607659284269	0.00301413154980722	0.0717656466312162	0.0537356693591676	-0.0180299772720486	0.000306570545318374	4.82397073743505e-05	0.027957903821436	0.0335603708464013	0.00560246702496527
0.000275915141015641	-0.00013653697337942	0.00014944288882786	0.000361775062235089	0.000212332173407229	1.94855155508221e-05	-3.1536699768224e-06	0.000480683688712799	0.000845474681728177	0.000364790993015378
-0.00110284783910649	-0.000478124679367095	0.00242190246631206	0.0045319091696439	0.00211000670333184	-4.68115002795294e-05	-7.60461242682159e-06	0.00362439181281339	0.00630563630132673	0.00268124448851335
0.00787494470623397	0.00184368957854071	0.048649645096	0.0207797515700175	-0.0278698935259825	0.000198835594392912	1.9687610593421e-05	0.0138711841526055	0.00693573302570128	-0.00693545112690424
0.00789561545858381	0.00246446680551101	0.047554420037801	0.035055012511196	-0.0124994075266051	0.00019757824396066	2.86872961702221e-05	0.013858046128644	0.0135852503440654	-0.000272795784578572
0.00948077202484212	0.00324350296632779	0.0809392500419913	0.0748183335433446	-0.00612091649864668	0.0002913782064242	5.7759364856023e-05	0.0281527678605169	0.0533937889722765	0.0252410211117597
0.0119169330673675	0.00374288868909306	0.0968359410132294	0.0680624389989608	-0.0287735020142686	0.00040334920682633	6.68858078081999e-05	0.0452267266285882	0.0523571176121477	0.00713039098355947
-0.000670543463407817	-0.000790767636237449	0.000851069012499212	0.010147416780278	0.00929634776777882	-2.83023951241113e-05	-1.11534949625241e-05	0.001170506241828	0.00885769100107792	0.00768718475924993
0.00947557337378871	0.00237497654941215	0.0655800291014712	0.0322968239995129	-0.0332832051019583	0.000350140039873847	4.09340550666281e-05	0.0322432213184287	0.0248143507734451	-0.00742887054498353
0.00887105978544786	0.00153918961641131	0.0545612294157027	0.012355432271626	-0.0422057971440767	0.000220059065623207	1.3243472623771e-05	0.013946289157774	0.00257198589736612	-0.0113743032604078
0.0104274113438242	0.00282779867622949	0.0824163977214882	0.0501324711544031	-0.0322839265670852	0.000460494844534171	5.68164176428168e-05	0.0477996908307128	0.0406590349915328	-0.00714065583917996
0.0113550339325026	0.00280104883769627	0.0938508939943223	0.0518979196370331	-0.0419529743572892	0.000285822952832016	2.83611797043842e-05	0.0258159460857301	0.0190677427870883	-0.00674820329864186
0.00985738255363142	0.00203661046870332	0.0624629207592111	0.0212997334859832	-0.0411631872732279	0.000319593395048435	2.39759866209351e-05	0.0227094675905818	0.00942151687242015	-0.0132879507181616
0.00917491076731584	0.00218326790870094	0.0714337803035283	0.028842344707138	-0.0425914355963903	0.000228113348807528	2.27897359738942e-05	0.0210195214048143	0.00981532484552645	-0.0112041965592878
0.0130564026522438	0.00279993788232408	0.0991291205952532	0.0325764983231289	-0.0665526222721242	0.000411551070243599	3.13776346370175e-05	0.0378056490262227	0.00931065996508666	-0.028494989061136
0.0113679207736846	0.00299776457506924	0.0894703367544258	0.0490649058344191	-0.0404054309200067	0.000336778921292107	3.51399361587555e-05	0.0317229337854727	0.0188238398957873	-0.0128990938896854
0.0104960980298535	0.00306159533612258	0.0686941210442194	0.0412778009929518	-0.0274163200512676	0.000325844890916193	4.60664749274609e-05	0.0249756630064417	0.0213830824100321	-0.00359258059640963
0.00831256954141458	0.00219632045718834	0.060390740826626	0.030091908842532	-0.030298831984094	0.000177977712128219	2.63192572838907e-05	0.0134729853467173	0.0134397873217154	-3.31980250018356e-05
0.0116317587625092	0.00337162227919557	0.113290572745187	0.0601078687643147	-0.0531827039808719	0.000363699967443779	3.72012619472437e-05	0.0440470119133217	0.0218256354087245	-0.0222213765045972
0.00982163815671806	0.00159487000216933	0.0639805546154289	0.0124489320560975	-0.0515316225593314	0.000287183764128727	2.29155129625777e-05	0.0186592392006456	0.00428419983916883	-0.0143750393614767
0.00805248794776403	0.00205237172106376	0.0433679855184116	0.0170291401870607	-0.0263388453313509	0.00020991471922096	2.76578865338484e-05	0.0123237877429433	0.00760190500998085	-0.0047218827329625
0.0112368427667921	0.00316919209882315	0.0887615366355088	0.0520822230432011	-0.0366793135923077	0.000266705946194819	3.14556310864373e-05	0.0235941827832593	0.0155921828316449	-0.00800199995161436
0.00938449174017558	0.00233905059796136	0.0627418119459471	0.0296048576869377	-0.0331369542590094	0.000267961808894544	3.384221851093e-05	0.0194453335097876	0.0157888210398858	-0.00365651246990179
0.0114916473337155	0.00361200733029721	0.0858984122364567	0.0680848086002941	-0.0178136036361626	0.000409576785836808	5.78738843700201e-05	0.0360755391682506	0.0383456157343393	0.00227007656608867
0.00852387139109723	0.00218361108767237	0.0621153791400839	0.0311961210175877	-0.0309192581224961	0.000207166944026127	1.68150624519135e-05	0.0168600513161654	0.00650175807688956	-0.0103582932392759
0.0100331914153803	0.00258839920143557	0.0704499269131689	0.0339994726601508	-0.0364504542530181	0.000264589335838921	3.34632404539446e-05	0.0189572505639068	0.0128855321259765	-0.00607171843793039
0.0109928596950869	0.0029352938420139	0.069580821405692	0.0372057841319801	-0.032375037273712	0.000381146204028994	4.13127888636554e-05	0.0317419344181992	0.0195577846355699	-0.0121841497826294
