LR1_coefficients_null_raster	LR1_coefficients_SES_deprivation_R	LR1_R2_null_raster	LR1_R2_SES_deprivation_R	LR1_Q_SES_deprivation_R	LR2_coefficients_null_raster	LR2_coefficients_SES_deprivation_R	LR2_R2_null_raster	LR2_R2_SES_deprivation_R	LR2_Q_SES_deprivation_R
0.0051558864384021	0.000768617563596215	0.04849073608163	0.0424853252342166	-0.00600541084741337	0.000169700186984084	3.57033165559158e-06	0.0322709126953177	0.0229759570652353	-0.00929495563008239
0.00413505003969747	0.000687190238716943	0.0358432668669227	0.0409870347070078	0.00514376784008511	0.00014553960025195	4.38397853401249e-06	0.0201623103622211	0.0260465161157046	0.00588420575348352
0.00458595065211012	0.000954112702288928	0.0319195396424104	0.0466617153784942	0.0147421757360838	0.0001086198540589	5.69723400289113e-06	0.00830693781726387	0.0233477189968624	0.0150407811795986
0.0154680570404742	0.00298223111349293	0.13565921441336	0.202587856105194	0.0669286416918342	0.000733814924840671	3.25909267142379e-05	0.0584117744420475	0.143835752012112	0.0854239775700646
0.0113555668013313	0.00180226889345925	0.0844124305056045	0.0991634641916578	0.0147510336860533	0.000177349161578829	5.28583780272637e-06	0.00931996494188284	0.0159200313168626	0.00660006637497972
0.0076487552557048	0.00144925099822347	0.120360722487833	0.141600883717251	0.0212401612294182	0.000198255899740517	8.07582853126799e-06	0.0360548191157569	0.0577751300161472	0.0217203109003903
0.00382896958392575	0.000637046350726471	0.0477366784295935	0.0510366699710917	0.00329999154149819	6.65956151782154e-05	1.85716883665294e-06	0.00798961752856393	0.0088260911350516	0.000836473606487673
0.00288183107499193	0.0004808804302591	0.00916089311653867	0.0117847022419076	0.00262380912536891	9.36918997048084e-05	1.87584036577215e-06	0.00403202813594716	0.00343929434060435	-0.000592733795342809
0.00853588527459424	0.00127882395296267	0.119245291886279	0.122693385165259	0.00344809327897995	0.000369507292701265	1.22343145042171e-05	0.0795923102168081	0.120073650457683	0.0404813402408746
0.00287870581709669	0.000428195601765362	0.00508689017407037	0.00439815949115207	-0.000688730682918297	6.5200352555519e-05	2.28813025201213e-06	0.000779003072207199	0.00115882668656984	0.00037982361436264
0.00549769314583212	0.00133879764790034	0.0140121552218264	0.030774420002054	0.0167622647802276	6.99647457647007e-05	4.28237216110966e-06	0.0011989701056691	0.00530589554101736	0.00410692543534825
0.00471930663429093	0.000867303974138318	0.0286166917016912	0.0376852222280861	0.00906853052639492	4.21768506557291e-05	2.77219008011198e-06	0.000934225944702255	0.00413529700725839	0.00320107106255613
0.0170866088233274	0.00246329813149079	0.136109947643521	0.172262616464824	0.0361526688213034	0.00102470045022148	1.97404655929666e-05	0.0751991666425676	0.114192198670755	0.0389930320281875
0.0117537704043814	0.00192076537340422	0.146909441226174	0.181834644810002	0.0349252035838272	0.000383298356036875	1.06629034554653e-05	0.0645047012872479	0.0989583389514353	0.0344536376641875
0.0109721888216614	0.00199005862122559	0.0915570662360138	0.117642337075549	0.0260852708395356	0.000294705608379982	9.70773231610208e-06	0.0416755366530223	0.0600100816575017	0.0183345450044794
-0.00215353078275995	-0.000222707951585389	0.00897924199481146	0.00286829455621753	-0.00611094743859393	-0.000104528065904928	-2.4881804259741e-06	0.014429446053707	0.00767167158669165	-0.00675777446701539
0.00326397480946805	0.000533505609636017	0.0153142690525169	0.0164979322756343	0.00118366322311739	1.76808229770002e-05	9.42251622741464e-07	0.000238438814778676	0.000980181557832727	0.00074174274305405
0.00797009673121525	0.00133132323918743	0.107707909940843	0.115229737758052	0.00752182781720864	0.000245091863235513	7.01471928842893e-06	0.0416400326710776	0.0473002833908622	0.00566025071978463
0.0046739075714382	0.000949730715888123	0.0294098929755889	0.043238628858663	0.0138287358830741	5.9305462468174e-05	3.62576107537748e-06	0.0016619953927578	0.00700609885761308	0.00534410346485528
0.0106230133218402	0.0015138309798607	0.0671533338645169	0.0697000436196728	0.0025467097551559	0.000391280866981243	7.19031166687472e-06	0.0255795240232217	0.0232563568133208	-0.00232316720990091
0.00388689459422557	0.00104288120512827	0.0118593146108175	0.0302630107106507	0.0184036960998332	1.62145605526373e-06	4.3584994475669e-06	7.50771867084878e-07	0.00557528133494564	0.00557453056307855
0.0109263980795533	0.00168683107117247	0.11478219267572	0.102999725233795	-0.0117824674419249	0.000450619733616713	1.07951899956252e-05	0.0652376152051968	0.0497511462724565	-0.0154864689327403
0.0210717901205201	0.00325787725681401	0.234140917304648	0.223034984291083	-0.0111059330135648	0.00134219363116336	3.30489098944271e-05	0.219805025055193	0.202494587173661	-0.0173104378815322
0.0174028401373578	0.00301203664236855	0.14314917939943	0.149747731056482	0.00659855165705234	0.000913658392658771	2.7310160204535e-05	0.111838391043642	0.104566850583077	-0.00727154046056479
0.00549342835603307	0.000982835301807882	0.0394412867968571	0.0502967634992584	0.0108554767024013	0.000126521672749895	4.52730072712945e-06	0.00964513825361659	0.017313707891991	0.00766856963837446
0.00159301270371479	0.000181362902319796	0.0046785173781627	0.00174552617510649	-0.00293299120305621	0.000124129983621256	2.79210807333965e-06	0.0133546562895282	0.00720376456124697	-0.00615089172828124
0.00998535163003447	0.00141696924489832	0.103180289308427	0.0902043925048587	-0.0129758968035679	0.000376914936122533	9.51125296539165e-06	0.0406858433499155	0.0442238242293073	0.00353798087939172
0.00571325681624664	0.00119384620743894	0.0403354979713395	0.068179846359318	0.0278443483879785	0.000203548625392628	1.01652594641027e-05	0.0160289015113375	0.054152698759882	0.0381237972485444
0.0103901126691383	0.00170714516006099	0.125042195841609	0.109270448380872	-0.0157717474607371	0.000609660609786548	1.52473631140656e-05	0.0668926324697673	0.0556650025245896	-0.0112276299451777
0.0145159984359194	0.00274149624980502	0.15935930162544	0.251426528564442	0.0920672269390025	0.000351330113404573	2.48434579072911e-05	0.0272354426908297	0.153867436519815	0.126631993828985
0.0176679286216255	0.0023365299709659	0.099852417037274	0.0913693779593754	-0.00848303907789859	0.00218691535500648	3.12086818656893e-05	0.0809889387181993	0.0554921863011127	-0.0254967524170866
0.00287253132552856	0.000582852913849161	0.0160381612314213	0.0248980430796561	0.00885988184823481	9.61436976122705e-05	3.28674427946693e-06	0.00876926352813743	0.0138043450365731	0.00503508150843569
0.00392361464158106	0.000756263125408811	0.0222307628695972	0.0318879347649322	0.00965717189533501	0.00012734460868795	3.76639731864484e-06	0.015254496301015	0.0183568490540186	0.00310235275300361
0.0134211479396794	0.00250886543619248	0.1207549263944	0.171196434912448	0.0504415085180486	0.000454685312681681	1.62348781615743e-05	0.0610964154818566	0.108672148339666	0.0475757328578091
0.0144019952786538	0.00272301840167995	0.0811044457869707	0.118109976137556	0.0370055303505852	0.000305774498326309	1.79682568793229e-05	0.0119163232277667	0.0446384256822116	0.0327221024544449
0.00800137197741126	0.0016298596114491	0.0910687416180943	0.118948493123434	0.0278797515053399	0.00027268917370026	1.21347788390853e-05	0.0498629900273454	0.0832028851121854	0.03333989508484
0.00938218602977928	0.00163941530663942	0.10676090480526	0.111262494510903	0.00450158970564284	0.00039685662446614	1.16580870220629e-05	0.0914462329857083	0.0942444089161866	0.00279817593047825
0.00341777219713435	0.00063910393819188	0.0390021110170906	0.0407764308057811	0.00177431978869049	2.97565167867292e-05	9.19890441133766e-07	0.00142262304345827	0.00106058666049424	-0.000362036382964029
0.00733310685956161	0.00151750949754472	0.0273926150472636	0.0524189057792291	0.0250262907319655	0.000186493619025557	1.12959552699567e-05	0.00328562748764304	0.019997777034476	0.0167121495468329
0.00966427814904749	0.00170350128888555	0.198860845494784	0.223380423614217	0.0245195781194333	0.000407384363798436	1.42277954448322e-05	0.155081246289432	0.179085019912445	0.024003773623013
0.0107761311670258	0.00171951440144753	0.0537786151135852	0.0550351832670026	0.00125656815341743	0.000344820317204087	9.44361984814352e-06	0.0163342619141792	0.019573256278672	0.00323899436449282
-0.000158922769380857	2.837212747153e-05	0.000106951358049207	0.000126920863639324	1.99695055901169e-05	3.02293613269832e-05	1.13185580435537e-06	0.002875166588426	0.00591976017983859	0.0030445935914126
0.00663073637595228	0.00141851590780097	0.0238514915213234	0.0362805797035572	0.0124290881822338	0.000216400985445001	8.35567988415128e-06	0.0134087095085047	0.0185146344346377	0.00510592492613307
0.0100994466383583	0.00172073139824811	0.0561967242102527	0.0683751853198636	0.0121784611096109	0.000191581552376804	7.829315615206e-06	0.00669593895932965	0.0150945933137922	0.00839865435446258
-0.000772085964123996	-0.00015070258761866	0.00317794478235108	0.00371179459224416	0.000533849809893086	-4.90259935867915e-05	-1.67268312370514e-06	0.0101053780080106	0.0132317451381133	0.00312636713010272
0.0144971781257602	0.00267583758581887	0.255985423436336	0.301390313487562	0.0454048900512253	0.00069041726669692	2.40265949801695e-05	0.188797329938242	0.243911230578077	0.0551139006398342
0.0123268770698346	0.00201688577530683	0.0788299778984355	0.0724624311988946	-0.00636754669954095	0.00021581906241389	7.55396142858684e-06	0.00845488821043189	0.0110129976038984	0.00255810939346649
-0.000865857122069752	-0.00013130826155595	0.00574866481494992	0.00390596564809554	-0.00184269916685438	-5.56668795327862e-05	-1.47604862574817e-06	0.0145457202259838	0.0122328505427418	-0.00231286968324198
0.00307627850657899	0.000631011087155424	0.0139020253885226	0.0221449509865033	0.00824292559798073	6.57526924825383e-05	3.47280823291956e-06	0.00191556483444011	0.00704205232730078	0.00512648749286066
0.00736079812290837	0.00150069717899102	0.0563278616028515	0.0950859371303218	0.0387580755274703	0.000139067789101877	9.01040101857402e-06	0.00695342851718382	0.0317036450515669	0.024750216534383
0.0123447890057339	0.00233231502845644	0.0830464961799344	0.112852230231587	0.0298057340516522	0.000386920552320318	1.81570415862476e-05	0.0226641252975035	0.0524352884707415	0.029771163173238
0.00164473002755727	0.000440561233146142	0.00928340086756818	0.0214785259015104	0.0121951250339422	8.13624783070902e-05	3.85686649331149e-06	0.0151667403593754	0.0409684900161653	0.0258017496567899
0.00735587990914544	0.0015320106335719	0.058916673236518	0.102947657508755	0.0440309842722368	0.000146444425940073	8.99039412881932e-06	0.00453882936408895	0.0220078109944509	0.017468981630362
0.000384905333094285	0.000377181236236725	0.000272431556077113	0.00952132575492259	0.00924889419884547	-8.99269894219305e-07	1.71857999690427e-06	1.07434036580592e-06	0.00591717362064842	0.00591609928028261
0.0167365231931431	0.00266062330075405	0.132668804936689	0.142916111130037	0.010247306193348	0.000723390388966401	2.42752016642953e-05	0.0871987636436138	0.129112137327078	0.0419133736834638
0.00577472508259989	0.00114828154820028	0.0554745582812586	0.0932512166026932	0.0377766583214346	0.000112081190535608	5.0923783292111e-06	0.00756118361618441	0.0252234654979007	0.0176622818817163
-0.00556157750309707	-0.000618269414367069	0.0444584013649618	0.0160037008356758	-0.028454700529286	-0.000150433414637383	-1.18178482537976e-06	0.0211634985373243	0.00150161415163936	-0.0196618843856849
0.0043894976091537	0.000906853414558908	0.0449142907373485	0.0724373533294577	0.0275230625921092	0.000124831987130865	4.72941776059435e-06	0.0198507779684084	0.0357341580037624	0.015883380035354
0.00763104779688144	0.00120208915976031	0.070278023723816	0.0669121296698656	-0.00336589405395038	0.000229787413223559	6.49256354746601e-06	0.024680207235491	0.0269024814438722	0.00222227420838119
0.010181870641866	0.00244322434104038	0.045977355730307	0.0758607244338195	0.0298833687035124	0.000140656398045782	9.02824329539099e-06	0.00293421339671743	0.00985352136286965	0.00691930796615222
0.00327873087747418	0.000654512477778212	0.0135423629103861	0.0189938832831352	0.00545152037274903	3.14212198378378e-05	1.39426521154356e-06	0.000697802881507387	0.00176228427677127	0.00106448139526389
0.010540133210797	0.00232730494643483	0.0745940617526255	0.12521107505502	0.0506170133023943	0.000244744367147171	1.50151742161707e-05	0.0142327079365221	0.0529610853364494	0.0387283773999273
0.00461701310521378	0.000686188831421498	0.0402354142013371	0.0371521672463544	-0.00308324695498279	0.000135054100320788	2.90322691917259e-06	0.0203853200240702	0.0171193300168917	-0.00326599000717854
0.00616370748634561	0.000985468333804605	0.0522406960702326	0.049023781416711	-0.00321691465352166	0.000239033573929274	6.94980240328857e-06	0.0357276326324538	0.0335572642584628	-0.00217036837399105
0.00567393900571525	0.00131953893511828	0.0354876401646939	0.0693467657841421	0.0338591256194482	2.40620721172536e-05	4.12213788842826e-06	0.000143964563235162	0.00536455570893478	0.00522059114569962
0.0112671904049959	0.00188765361274514	0.0969805883316075	0.105585935089906	0.00860534675829855	0.000444349595318281	1.44837024952464e-05	0.0629395406875884	0.0832200127457727	0.0202804720581842
0.0215110402335543	0.0034077453340699	0.218822757509591	0.237092415321971	0.0182696578123799	0.00121656013602891	3.99064888633513e-05	0.0963421486047547	0.15796799822245	0.0616258496176955
0.0229216359186075	0.00439259281645468	0.153570281056721	0.246480510093692	0.0929102290369703	0.000710462516559432	3.58640215334943e-05	0.0475014099242954	0.160886532227347	0.113385122303052
0.00746481502604517	0.00177482730800541	0.0318546480630525	0.0607931815910492	0.0289385335279967	5.71562333456263e-05	4.19386450607558e-06	0.000894319930341731	0.0050696102552573	0.00417529032491557
0.000439472564488189	0.000137370049316899	0.000579448339171964	0.00183614922415175	0.00125670088497978	8.27091305743052e-06	7.97546135986334e-07	0.000149155873575245	0.00166108591482396	0.00151193004124871
0.015435575433432	0.00323878699859383	0.0735189594806134	0.104965080755832	0.0314461212752181	0.000785969540054635	4.09823261576901e-05	0.0211898194229381	0.0464599887737813	0.0252701693508431
0.016048778133906	0.00287614321288664	0.0425505947893061	0.0669512438691935	0.0244006490798875	0.00117131129856963	3.59144703048676e-05	0.0145403052256149	0.0354575382910453	0.0209172330654304
0.0124400879175335	0.00230659349124659	0.10099023284472	0.137740079345914	0.036749846501194	0.000550596933738167	2.30725288464046e-05	0.0377055705051242	0.0823289442791903	0.044623373774066
0.00556641303172195	0.000957072116762862	0.0651746562701362	0.0646504544663455	-0.000524201803790772	0.000192602667972869	6.07456157820106e-06	0.0349855822001605	0.0364569318327492	0.00147134963258865
-0.000230272340257013	9.21923814049506e-05	0.000114414723808186	0.000547469314865073	0.000433054591056888	-1.69533288174172e-05	4.69738768103608e-07	0.000402429434610527	0.000332158264958405	-7.02711696521212e-05
0.00130379018855418	0.000322211098224811	0.00550139450163039	0.0104794224253541	0.00497802792372371	4.35060921783718e-05	1.57153613810611e-06	0.00553254369961736	0.00872296955394049	0.00319042585432313
0.0108878814380812	0.00150878402569157	0.0970169630823558	0.0820380031229112	-0.0149789599594446	0.000236006437233419	4.29799906044163e-06	0.023578428008592	0.0172163104004382	-0.00636211760815378
0.00577772377240398	0.00107570762944879	0.0429019356909584	0.0717694819490345	0.0288675462580761	9.57816009705094e-05	3.7847107420865e-06	0.00545382191751706	0.0181034966625892	0.0126496747450721
0.0098006431182007	0.00175271218839352	0.0912191191635925	0.0962001931757548	0.00498107401216227	0.000278520039092651	8.54531010130145e-06	0.035727917670731	0.0329189947359519	-0.00280892293477904
0.0051427385640144	0.00088400098947741	0.0186642451047589	0.0204817098965722	0.00181746479181331	4.77123618915413e-05	1.94735978673174e-06	0.000768111571011227	0.00184930360291764	0.00108119203190641
0.00222240278279344	0.000302445222921634	0.0259214007492711	0.0150395816675592	-0.0108818190817119	0.000119041666044542	2.08508050801883e-06	0.0501147694029	0.018711399752219	-0.031403369650681
0.00915439839668404	0.0019001597446136	0.0456814015786036	0.0758920591123789	0.0302106575337754	0.000163644742289021	8.4092324984656e-06	0.0068461863358619	0.0194208747661391	0.0125746884302772
0.0162792139212441	0.00302483974665948	0.125277023866027	0.141139099356045	0.0158620754900182	0.00089620787284429	2.85352817564243e-05	0.102806640329401	0.108731160726891	0.00592452039748953
0.0132249864949163	0.00227946924571177	0.17298389751462	0.19138576407443	0.0184018665598095	0.000489568024784104	1.53934469774778e-05	0.103604063536192	0.117759879818655	0.0141558162824637
0.013372996297953	0.00217465997703878	0.0730926774153609	0.0911432744867527	0.0180505970713918	0.000498274666620867	1.59176288506724e-05	0.0189017565616568	0.036706395010958	0.0178046384493011
0.0113003438828209	0.00184611910356422	0.0815012009121396	0.0871939097246246	0.00569270881248497	0.000372846168375588	9.58807038715076e-06	0.0376191041258898	0.0380134946115671	0.000394390485677271
0.00656601728218298	0.0013694953941008	0.0429325274481062	0.0736504913305855	0.0307179638824793	2.1300545573865e-05	5.53836133171113e-06	0.00017159632212678	0.0122709540977283	0.0120993577756015
0.0173842713685611	0.0029269851640812	0.0898921541396488	0.114878441852868	0.0249862877132196	0.00116312515147454	2.9331941367495e-05	0.0566536841282084	0.0691692672847104	0.0125155831565019
0.00937445295608498	0.00179495382358506	0.0809898913849769	0.139761299176312	0.058771407791335	0.00029283484820443	1.10474967725422e-05	0.0273292525496612	0.0690054531425179	0.0416762005928567
0.00780482451904944	0.00128490316051504	0.101199299329192	0.0928602121227636	-0.00833908720642811	0.000314094851202366	8.94091761523467e-06	0.0756509477506377	0.0634938795545038	-0.0121570681961339
0.010338331906736	0.00213208322053292	0.0993422578956098	0.169609824907995	0.0702675670123856	0.000220574249325815	1.12516494873362e-05	0.0216138042445626	0.0750959616763036	0.053482157431741
0.0148294628815211	0.00269692198824556	0.118604012541941	0.14879233523423	0.0301883226922894	0.000463379600256701	2.08524879222997e-05	0.0422246854567096	0.0947139860092137	0.0524893005525041
0.00412442650299811	0.000589321605417469	0.0293150958491633	0.0235203003322153	-0.00579479551694797	6.39809697492208e-05	1.01015561661194e-06	0.0049672061835241	0.00184355339492581	-0.00312365278859829
0.0101902152414119	0.00182027202060115	0.114396792365737	0.136835563517043	0.0224387711513069	0.000278318458517104	8.45307001038373e-06	0.0469716786670021	0.058346598729065	0.0113749200620629
0.0111616461251926	0.002013936569821	0.226274922775459	0.281725844041707	0.0554509212662476	0.000302093979410585	1.07970679462931e-05	0.0778027519038536	0.118448627161399	0.0406458752575459
0.0192494249888648	0.0036886051450373	0.124130987284032	0.185458782087756	0.0613277948037237	0.000486398762855147	2.63872725404048e-05	0.0295020101465677	0.0982054397607376	0.06870342961417
0.0141198960385361	0.00303439263631031	0.0672748261237927	0.123624313051495	0.0563494869277026	0.000323372227783731	2.9116637687071e-05	0.00924518225853854	0.0725098238200552	0.0632646415615166
0.0109886467164707	0.0019000897754175	0.0728089659798218	0.0736765295095602	0.000867563529738435	0.000245320082581946	7.97573634450376e-06	0.0197251050063617	0.0219755154295754	0.00225041042321371
0.00798685161134629	0.00164949559958701	0.04023686592799	0.0571010140920632	0.0168641481640731	0.000100471858686869	6.32676008270695e-06	0.00259030308199228	0.00856184409773693	0.00597154101574464
0.00877387557157574	0.00124947210232727	0.0390321862328755	0.031718099770986	-0.00731408646188941	0.000358975803313973	7.00160213324e-06	0.0163373423247546	0.0100375400091151	-0.00629980231563944
