LR1_coefficients_null_raster	LR1_coefficients_lyr.1_C	LR1_R2_null_raster	LR1_R2_lyr.1_C	LR1_Q_lyr.1_C	LR2_coefficients_null_raster	LR2_coefficients_lyr.1_C	LR2_R2_null_raster	LR2_R2_lyr.1_C	LR2_Q_lyr.1_C
0.00900567904249643	0.0263828964152258	0.0852539411500502	0.00529987529388753	-0.0799540658561627	0.000249312213201075	0.0010516369741868	0.0318336213661083	0.000171378884457717	-0.0316622424816506
0.00709261107629482	0.0293332749634862	0.0449666710408697	0.00674727722647342	-0.0382193938143963	0.000224017770843076	-0.00130268483976518	0.0165605544880432	0.000178773774328835	-0.0163817807137144
0.00769847013371499	0.0249103796936832	0.0335535666281145	0.00239969499130165	-0.0311538716368129	0.000196993991523941	0.00197614313523415	0.00738478822588077	0.000211117732234104	-0.00717367049364667
0.0079298758932325	0.0332896704784948	0.055084576564951	0.00466942389385451	-0.0504151526710964	0.000188869855617948	0.000977882298417385	0.012215939462694	4.93426792060232e-05	-0.0121665967834879
0.0101198371814072	0.0192433094386465	0.06595186519419	0.00111185367932636	-0.0648400115148637	0.000253950686140568	-0.00325801574579807	0.0153472086003539	0.000422787929908233	-0.0149244206704456
0.0103815247285852	0.0267132441727157	0.102746853337434	0.00542322016723651	-0.0973236331701975	0.000359120810372496	0.00134682365735086	0.0473112432349294	0.00029680460264596	-0.0470144386322834
0.00913742416651822	0.0102301353995544	0.0841101821855359	0.000736215380249998	-0.0833739668052859	0.000246866085276892	0.000412151963423706	0.0239262214007748	1.29535876147167e-05	-0.0239132678131601
0.00542119302342565	0.00158427267597246	0.0269398561823459	1.68388972625105e-05	-0.0269230172850834	0.00017305460116603	-0.00385430379709204	0.0112881689540197	0.00125195248295681	-0.0100362164710628
0.01539722801696	0.0363191838660124	0.165467990766538	0.00907587987503639	-0.156392110891502	0.000652824867390547	0.0043626151207696	0.0927988747130182	0.00172975987884872	-0.0910691148341694
0.010737504343198	0.0346385774270076	0.0585023553875123	0.00342177038268067	-0.0550805850048316	0.000323571059226193	0.00249431081064296	0.0190144301448975	0.000286863799558784	-0.0187275663453387
0.00549878992216957	0.0252669230635713	0.0245849513592039	0.00315629016400286	-0.021428661195201	9.87359729298432e-05	0.00198741775400219	0.00381890307275877	0.000353118939932482	-0.00346578413282629
0.0115261337160456	0.0208252011540659	0.122926690580589	0.00254000030701452	-0.120386690273575	0.000367525632975245	-0.00449377551090784	0.055723259915491	0.000688199478019715	-0.0550350604374713
0.0127863386901262	0.0451675127046203	0.0995359562127789	0.00968524366029458	-0.0898507125524843	0.000457433698441386	0.00711271792271607	0.0457991643310933	0.00323379052049016	-0.0425653738106031
0.0100008336131982	0.0343312553697405	0.0844613490272275	0.00825821022034473	-0.0762031388068828	0.000288374849994646	0.00499380501568862	0.0317780312418189	0.00172779931416398	-0.030050231927655
0.0111541222942896	0.00411159644698624	0.0743417296413102	8.46873254815312e-05	-0.0742570423158287	0.000322477723366209	-0.00263635356214061	0.0241370622302761	0.00045376481887061	-0.0236832974114055
0.000783351558969244	0.00398370773806284	0.00116282351688106	0.000203915682884453	-0.00095890783399661	2.18234724131565e-05	0.00155606343211767	0.000695173986111855	0.000589622621736087	-0.000105551364375768
0.00877267361114184	0.0199148426024819	0.0556724246546388	0.00175597609223967	-0.0539164485623992	0.00025601475533184	0.000666894743105147	0.0159534394381643	3.73682344634136e-05	-0.0159160712037009
0.0115574832127823	0.0468419500478027	0.0953785462426279	0.010531124884078	-0.0848474213585499	0.00039216720633382	0.00261205593338679	0.0410470455932175	0.000578991168254163	-0.0404680544249633
0.00874457227931466	0.00356612329557023	0.0616370359087082	8.47733799503476e-05	-0.0615522625287579	0.000220282374965409	-0.00315755374455491	0.0155137885765447	0.0003978668586823	-0.0151159217178624
0.0138010025868565	0.0412654945206837	0.120164968680673	0.0173496441479281	-0.102815324532745	0.000457240538488876	0.00780862399032252	0.04707667355608	0.0104503555374409	-0.0366263180186391
0.00732603451696526	0.0229305642207615	0.0340578194716023	0.00200313615165886	-0.0320546833199434	0.000175454073976617	-6.82182657228806e-05	0.00651692443953273	3.35340777959979e-07	-0.00651658909875477
0.00923983757470773	0.0373903257886698	0.0731552822760087	0.00639016244702233	-0.0667651198289864	0.000233236234231444	-0.000400430893690202	0.019593422121112	8.34482234775569e-06	-0.0195850772987643
0.0115298829587093	0.0262165094568855	0.0967952936282223	0.00480638175738748	-0.0919889118708349	0.000384205908874961	0.00261869743240755	0.0463471263200099	0.000574504429521404	-0.0457726218904885
0.00950378985738997	0.07051244468669	0.0647233213387936	0.019828289140154	-0.0448950321986396	0.000274852080694606	0.00636050693216239	0.0200303267275124	0.00229236368873367	-0.0177379630387787
0.00808775639550999	-0.00504957558596109	0.0471747793510105	0.00016318387313677	-0.0470115954778737	0.000191334587806279	-0.00249364865318189	0.0106573660685388	0.000492678376374206	-0.0101646876921646
0.000172055566317573	-0.00385835975763222	6.44512320803755e-05	0.000356143654471984	0.000291692422391608	1.4544014468291e-05	-0.000358673041896436	0.000322030739924693	5.53090055455066e-05	-0.000266721734379186
0.0122532806180355	0.0617600964360266	0.0869044944489116	0.0285128083158558	-0.0583916861330558	0.000435726434191198	0.00997156932364385	0.0347461497206748	0.00708962599273024	-0.0276565237279446
0.00781442047339453	0.00938693245865121	0.053647509824598	0.000752613750000266	-0.0528948960745978	0.00025341847669129	-0.000500550063304047	0.0177349223897723	4.42932399406386e-05	-0.0176906291498316
0.0111382179985864	0.0502489361820547	0.0855927492099293	0.0117958378148986	-0.0737969113950307	0.000398066197785136	0.00440826192418672	0.0389847628601244	0.00107208898921413	-0.0379126738709103
0.0096871422586595	0.0235702730079791	0.0769642420850322	0.00215162334167826	-0.0748126187433539	0.000292557275413538	-0.00144271275458225	0.0298198109218206	0.000104227534998004	-0.0297155833868226
0.00967355187011707	0.108049709980748	0.0628763232484028	0.0942965995407854	0.0314202762923825	0.000310857428258632	0.024003028299878	0.0232677252495418	0.0427839645014512	0.0195162392519094
0.00907980251524384	0.0208552059104127	0.0517536296777454	0.00266999369171005	-0.0490836359860354	0.000214756229448185	-0.001155825433962	0.0113994995185511	0.000234931805937973	-0.0111645677126131
0.0113843060549225	0.0292786813986488	0.0933118304352608	0.00484730320841253	-0.0884645272268483	0.000424943661941255	-0.000597186010421521	0.0477283033619184	2.71649127116948e-05	-0.0477011384492067
0.00978050094496967	0.0353045543050633	0.0695302223449934	0.00616280541926938	-0.063367416925724	0.000239373227480533	0.00100661865631582	0.017515453111449	5.82485997538294e-05	-0.0174572045116951
0.00678519885948498	0.0251185939596742	0.0372620822555771	0.00386099079004982	-0.0334010914655272	0.000152564892776077	0.00948836010423547	0.00795040119972657	0.00771203659585736	-0.000238364603869209
0.0127286359851017	0.023176667123089	0.133783123697302	0.00506390666873551	-0.128719217028567	0.000502926505743407	0.00250886758807527	0.0697977744779401	0.000601706464243525	-0.0691960680136966
0.0112602270594974	0.021452497782241	0.086547636544227	0.00274225596343526	-0.0838053805807917	0.00037216666430003	0.000616386249366206	0.0333561130844231	2.51455267799772e-05	-0.0333309675576431
0.00856683643327433	0.0104934364615455	0.0538787002476506	0.000485586157146004	-0.0533931140905046	0.000245326010949206	0.000334158634372413	0.0189437792232228	8.48679440984265e-06	-0.018935292428813
0.0136006381239392	0.0219434458920129	0.10018124424252	0.00192168107888678	-0.0982595631636327	0.00042308037735539	-0.0025916475227279	0.0369190169278085	0.000433222236278963	-0.0364857946915295
0.0122864417672659	0.00973695803123818	0.094712685802353	0.000811316969580886	-0.0939013688327721	0.000500757267812108	-0.00114724311376988	0.0506886843828041	0.000140755213300276	-0.0505479291695039
0.010898687134436	0.0229506781988503	0.0995825312907245	0.0050572111565606	-0.0945253201341639	0.000348666586329737	0.00328915509351271	0.0463574759402492	0.00131445021433822	-0.0450430257259109
-0.000533065071626186	-0.00864365414450467	0.000477026870193344	0.0011973414100094	0.000720314539816053	-3.15358285608135e-05	-0.00198690629680108	0.00119088848766585	0.00156523625768675	0.000374347770020899
0.00946293148923709	0.021849903643783	0.0633454303610236	0.00242678847908331	-0.0609186418819403	0.000340765876440199	0.00242750435687585	0.0295064694750335	0.000383242701189141	-0.0291232267738444
0.0100492005824731	0.0580303269150911	0.0681280239122392	0.0123059944456506	-0.0558220294665887	0.000386023889704748	0.0147088298192431	0.0339833893386279	0.00678531214681597	-0.0271980771918119
-0.00197102728477867	-0.0245629599423324	0.00822042065503412	0.00901147677616972	0.000791056121135603	-8.51260250892255e-05	-0.00394299329982628	0.0112103974736272	0.00372020498009558	-0.00749019249353166
0.0135670651978163	0.0142998460233591	0.117961124199371	0.00101136975733945	-0.116949754442032	0.000486468128671655	-0.00170559529033974	0.0491684230916519	0.00021832018814922	-0.0489501029035027
0.0112430934604722	0.0288256177391569	0.0872885800098165	0.00269065511975106	-0.0845979248900654	0.000302239388248344	-0.0012273119974802	0.0270583639543293	6.6063651508557e-05	-0.0269923003028207
-0.00216576252817825	-0.0119641914007204	0.00817952313914375	0.00100358803339684	-0.00717593510574691	-8.80239484732593e-05	-0.00038120108727786	0.00927595582557812	1.80149586557052e-05	-0.00925794086692241
0.00775422200172493	0.00872480365044678	0.0543487694729445	0.000288684082521796	-0.0540600853904227	0.000193444000632052	-0.00651830883153435	0.0146810390823555	0.001953153801186	-0.0127278852811695
0.0116219757620537	0.0131096343032905	0.0844004294624659	0.000928061727848883	-0.083472367734617	0.000323274684712628	2.32465616176668e-07	0.0240845405256576	5.71290061006377e-12	-0.0240845405199447
0.0084593401870678	0.0463277598236297	0.0460409353771091	0.00726823592846735	-0.0387726994486417	0.000208135311045554	0.000156364340711992	0.0114565359884936	1.03788892910995e-06	-0.0114554980995645
-4.35861404800432e-05	-0.00802276391801016	4.26166840343076e-06	0.00101055162344368	0.00100628995504025	1.47725903942945e-05	-0.00261273566620051	0.000336293469163889	0.00210327787869674	0.00176698440953285
0.00982171171265964	0.0133116103390291	0.07880811650395	0.000942302247312123	-0.0778658142566378	0.000261062790642795	-0.00215847634528689	0.0241705229799365	0.00037500259173728	-0.0237955203881992
-0.00163364391984651	-0.0275565856043222	0.00490303054087387	0.010019520403659	0.00511648986278513	-4.56264716292817e-05	-0.00420433936205015	0.00301483572468682	0.00475106740122352	0.0017362316765367
0.0117048524787198	0.0355519690729403	0.09540810379438	0.0102995098767002	-0.0851085939176798	0.000373174415687887	0.0039133817677954	0.0356751825341114	0.00187474065820845	-0.033800441875903
0.00689569550109653	0.0265379787816018	0.0488588018341763	0.00384130950312281	-0.0450174923310535	0.000191880076784807	0.00109339732909538	0.0165584357286513	8.88596689883877e-05	-0.0164695760596629
-0.000673382319759763	0.0117101269270754	0.000944978741994723	0.00219521262827641	0.00125023388628168	-2.91315011061923e-05	0.00242001005608048	0.0013804974413025	0.00120512083312588	-0.000175376608176615
0.00852478298317885	0.00511357961523178	0.0587776932428248	0.000122064657985711	-0.0586556285848391	0.000213048441929108	-0.00358394307590106	0.0168122602124338	0.00107642448746771	-0.0157358357249661
0.0102723898713271	-0.00321029618547852	0.0867860237934003	6.48656190955447e-05	-0.0867211581743047	0.000326765645925349	-0.00396856751066521	0.034655377016708	0.00106336189043836	-0.0335920151262696
0.0075958867873294	-0.00263210163343241	0.0368960110609676	4.2539706778562e-05	-0.036853471354189	0.000167150317034703	-0.00311835034665257	0.00757998803163474	0.000989322558562729	-0.00659066547307201
0.00757641189795046	0.0550221238648084	0.0576792046257643	0.0170528804790254	-0.0406263241467389	0.000197152529062449	0.00630659038448314	0.0169444898447681	0.0029082568467832	-0.0140362329979849
0.0120022102160223	0.0583240137152369	0.13647168159863	0.02095560903169	-0.115516072566939	0.000431928691262112	0.00259341083468551	0.068651891756655	0.000544895070887184	-0.0681069966857678
0.00860093165090527	0.0265800836804751	0.0550784429202031	0.00401879364013167	-0.0510596492800714	0.000227958815712676	-0.000491678547576989	0.0139319492248791	2.0893405978031e-05	-0.013911055818901
0.0107931362920628	0.00408364810791138	0.0775319511985372	9.36841334762866e-05	-0.0774382670650609	0.000402435646075989	-0.00029071240433518	0.0386282855468616	7.31910304715616e-06	-0.0386209664438145
0.00866971465400798	0.0350466870034411	0.0654148682882418	0.00723040466727021	-0.0581844636209715	0.000247706955476418	0.00264294297231609	0.0222113172713078	0.000432541246081198	-0.0217787760252266
0.0113523767380482	0.00396943753002306	0.104590163212359	8.02619057459785e-05	-0.104509901306613	0.000381898623327539	-0.00626287074776054	0.0440358515269514	0.00152886945863546	-0.042506982068316
0.0133067999295546	0.0387274523496207	0.104153225279824	0.00587014575458028	-0.0982830795252435	0.0003699176493341	-0.00194852144155239	0.0295193985109679	0.000257086558549791	-0.0292623119524181
0.0127603575871535	0.0399928155423714	0.101462128572555	0.00612740207293809	-0.0953347264996165	0.000419037646606194	0.00176106799445479	0.034451176777464	0.000133867987899435	-0.0343173087895646
0.00907263960735413	0.0128013296847463	0.0667887849248546	0.000913444752694125	-0.0658753401721605	0.000242134026821809	0.000155858825013765	0.0200018973633534	1.69975361802731e-06	-0.0200001976097353
-0.000269567094868039	0.0142304448569346	0.000140622027643172	0.0045978655006111	0.00445724347296793	-1.20324141059015e-05	0.00359296590280937	0.000189488937714282	0.00652776211937388	0.0063382731816596
0.00767730044764493	0.0827466970363471	0.040817999113225	0.0267934894902014	-0.0140245096230237	0.000229782367820772	0.0070210667382765	0.0139348017466904	0.00201963964611351	-0.0119151621005769
0.00838864604696551	0.0113652910921563	0.0516980795088798	0.000663048764909668	-0.0510350307439701	0.000225339455947249	-0.00611109893684046	0.0155519768294338	0.00196588188719453	-0.0135860949422393
0.00783661968240131	0.038515694175826	0.0370335234354283	0.00544272425904118	-0.0315907991763871	0.000210294893049397	0.00467441468944519	0.00967467377441859	0.00133749357674316	-0.00833718019767543
0.00944607659284269	0.0273917962380528	0.0717656466312162	0.00412479583688875	-0.0676408507943275	0.000306570545318374	-0.00169215225873122	0.027957903821436	0.000239852844398222	-0.0277180509770378
0.000275915141015641	0.00356415486247843	0.00014944288882786	0.000236193503231597	8.67506144037365e-05	1.94855155508221e-05	0.00124502130924523	0.000480683688712799	0.00048123749974596	5.53811033160206e-07
-0.00110284783910649	-0.009336614635022	0.00242190246631206	0.00113729974542969	-0.00128460272088237	-4.68115002795294e-05	-0.00195631619309577	0.00362439181281339	0.00100178440741356	-0.00262260740539983
0.00787494470623397	0.0333500462120474	0.048649645096	0.00550883638850983	-0.0431408087074902	0.000198835594392912	0.00547724675922617	0.0138711841526055	0.00271935148243139	-0.0111518326701741
0.00789561545858381	0.0197505992261266	0.047554420037801	0.00325757662172204	-0.044296843416079	0.00019757824396066	-0.000413722950075542	0.013858046128644	3.24430410154079e-05	-0.0138256030876286
0.00948077202484212	0.0252889454567302	0.0809392500419913	0.00426920335334522	-0.0766700466886461	0.0002913782064242	-0.000220516600756043	0.0281527678605169	3.88755696578181e-06	-0.0281488803035511
0.0119169330673675	0.0333502368941374	0.0968359410132294	0.00378510820300522	-0.0930508328102242	0.00040334920682633	0.000881316682219608	0.0452267266285882	3.93623099704372e-05	-0.0451873643186177
-0.000670543463407817	0.0212696818644598	0.000851069012499212	0.00723611605337181	0.0063850470408726	-2.83023951241113e-05	0.00502689835720944	0.001170506241828	0.00830212843411445	0.00713162219228645
0.00947557337378871	0.0329405982751948	0.0655800291014712	0.00684530208434338	-0.0587347270171278	0.000350140039873847	-0.000252041993764622	0.0322432213184287	5.13089797047015e-06	-0.0322380904204582
0.00887105978544786	0.0352506402086398	0.0545612294157027	0.00507435156980316	-0.0494868778458995	0.000220059065623207	0.000184216213179005	0.013946289157774	1.78821076405831e-06	-0.0139445009470099
0.0104274113438242	0.00765889710240482	0.0824163977214882	0.000429626224856014	-0.0819867714966322	0.000460494844534171	-0.000297314517952208	0.0477996908307128	7.64227142534683e-06	-0.0477920485592874
0.0113550339325026	0.0115785384586386	0.0938508939943223	0.000664084121417508	-0.0931868098729048	0.000285822952832016	-0.000968804514392047	0.0258159460857301	6.68016894643864e-05	-0.0257491443962657
0.00985738255363142	0.0094781993196064	0.0624629207592111	0.000419399069555073	-0.0620435216896561	0.000319593395048435	-0.00388740420469082	0.0227094675905818	0.00105475158714064	-0.0216547160034411
0.00917491076731584	0.0216147306668161	0.0714337803035283	0.00338740689658033	-0.068046373406948	0.000228113348807528	-0.000191574610485077	0.0210195214048143	2.0898085236764e-06	-0.0210174315962906
0.0130564026522438	0.0353338006637	0.0991291205952532	0.00641077511664606	-0.0927183454786071	0.000411551070243599	0.00156573452235444	0.0378056490262227	0.000179330439006501	-0.0376263185872162
0.0113679207736846	0.0197203700586059	0.0894703367544258	0.00297988789437884	-0.086490448860047	0.000336778921292107	0.00295236267981495	0.0317229337854727	0.000739892557375429	-0.0309830412280973
0.0104960980298535	0.00630347623687234	0.0686941210442194	0.000273842708954704	-0.0684202783352647	0.000325844890916193	-0.00358770232308825	0.0249756630064417	0.0012076075355408	-0.0237680554709009
0.00831256954141458	0.020417483293966	0.060390740826626	0.00308513768775336	-0.0573056031388726	0.000177977712128219	-0.000975212888772551	0.0134729853467173	0.000112524290832213	-0.0133604610558851
0.0116317587625092	0.0108439799005834	0.113290572745187	0.00130793988095687	-0.11198263286423	0.000363699967443779	0.000745215278953858	0.0440470119133217	0.000124229795418484	-0.0439227821179032
0.00982163815671806	0.0256556018591216	0.0639805546154289	0.00280998828499313	-0.0611705663304358	0.000287183764128727	-0.00364069836418224	0.0186592392006456	0.000906937281886891	-0.0177523019187587
0.00805248794776403	0.0272382459239778	0.0433679855184116	0.00395833481145123	-0.0394096507069604	0.00020991471922096	-0.00255292038626216	0.0123237877429433	0.00049212460210542	-0.0118316631408379
0.0112368427667921	0.0523719126750381	0.0887615366355088	0.0101838248709289	-0.0785777117645799	0.000266705946194819	0.00152005230196584	0.0235941827832593	0.000135837855131919	-0.0234583449281274
0.00938449174017558	0.0030661345537915	0.0627418119459471	9.64229497359223e-05	-0.0626453889962112	0.000267961808894544	-0.00185155373105616	0.0194453335097876	0.00039198745365523	-0.0190533460561324
0.0114916473337155	0.0589610703196019	0.0858984122364567	0.0156879736097501	-0.0702104386267066	0.000409576785836808	0.0105786405634839	0.0360755391682506	0.00225855583374078	-0.0338169833345098
0.00852387139109723	0.0640335627931442	0.0621153791400839	0.0248340579870064	-0.0372813211530775	0.000207166944026127	0.0117586655441561	0.0168600513161654	0.0117543194148418	-0.00510573190132357
0.0100331914153803	0.0271706677729135	0.0704499269131689	0.00303085585431065	-0.0674190710588582	0.000264589335838921	0.00296137171667232	0.0189572505639068	0.00059031335055584	-0.018366937213351
0.0109928596950869	0.104214691149961	0.069580821405692	0.0579978904603807	-0.0115829309453114	0.000381146204028994	0.0229193679709531	0.0317419344181992	0.0283796682639337	-0.00336226615426552
