LR1_coefficients_null_raster	LR1_coefficients_lyr.1_R	LR1_R2_null_raster	LR1_R2_lyr.1_R	LR1_Q_lyr.1_R	LR2_coefficients_null_raster	LR2_coefficients_lyr.1_R	LR2_R2_null_raster	LR2_R2_lyr.1_R	LR2_Q_lyr.1_R
0.00900567904249643	0.006644698884987	0.0852539411500502	0.0854299411044723	0.000175999954422093	0.000249312213201075	0.000166592421707225	0.0318336213661083	0.0481941759132203	0.016360554547112
0.00709261107629482	0.00466096160054273	0.0449666710408697	0.0389842615777341	-0.00598240946313556	0.000224017770843076	0.000112112215758938	0.0165605544880432	0.0183964679167454	0.00183591342870222
0.00769847013371499	0.00464223635350026	0.0335535666281145	0.0263877436102141	-0.00716582301790042	0.000196993991523941	9.61766752197909e-05	0.00738478822588077	0.00851699482538457	0.0011322065995038
0.0079298758932325	0.00559536633402658	0.055084576564951	0.0534567716485762	-0.00162780491637479	0.000188869855617948	0.000114045021406872	0.012215939462694	0.0178721486220288	0.00565620915933489
0.0101198371814072	0.00766735632824801	0.06595186519419	0.0766017500887855	0.0106498848945955	0.000253950686140568	0.00017487594442101	0.0153472086003539	0.0307444182718761	0.0153972096715222
0.0103815247285852	0.00696028260655644	0.102746853337434	0.098348774423703	-0.00439807891373099	0.000359120810372496	0.000191218286778603	0.0473112432349294	0.0597988697242924	0.0124876264893629
0.00913742416651822	0.0051792310920693	0.0841101821855359	0.0595253682306516	-0.0245848139548843	0.000246866085276892	9.89585008843483e-05	0.0239262214007748	0.0185888341565769	-0.00533738724419796
0.00542119302342565	0.00416846225230635	0.0269398561823459	0.0324599744944017	0.00552011831205578	0.00017305460116603	9.57262556285664e-05	0.0112881689540197	0.0156014538161485	0.00431328486212888
0.01539722801696	0.00960695023151774	0.165467990766538	0.134272749166258	-0.0311952416002807	0.000652824867390547	0.000336547097752135	0.0927988747130182	0.106117014560402	0.0133181398473836
0.010737504343198	0.00699118919448901	0.0585023553875123	0.0507591075479935	-0.00774324783951882	0.000323571059226193	0.000195116002179022	0.0190144301448975	0.0293921439809447	0.0103777138360472
0.00549878992216957	0.0041438968867959	0.0245849513592039	0.0264993816220775	0.00191443026287356	9.87359729298432e-05	7.47676820412775e-05	0.00381890307275877	0.00808720027865777	0.004268297205899
0.0115261337160456	0.00789142418440209	0.122926690580589	0.10729120333391	-0.0156354872466794	0.000367525632975245	0.00021905309153711	0.055723259915491	0.0686720610845822	0.0129488011690912
0.0127863386901262	0.00811739457173172	0.0995359562127789	0.0883213104959321	-0.0112146457168469	0.000457433698441386	0.00020657605797171	0.0457991643310933	0.0458151026099867	1.59382788934154e-05
0.0100008336131982	0.0063034041060107	0.0844613490272275	0.0683699549803353	-0.0160913940468922	0.000288374849994646	0.000138691931133221	0.0317780312418189	0.0313471015359443	-0.000430929705874654
0.0111541222942896	0.00847668430359854	0.0743417296413102	0.0869413603159675	0.0125996306746573	0.000322477723366209	0.000197363475390892	0.0241370622302761	0.0382595665333523	0.0141225043030763
0.000783351558969244	0.000337181190725729	0.00116282351688106	0.000379803520283016	-0.000783019996598048	2.18234724131565e-05	-8.82303948273047e-07	0.000695173986111855	4.02099967997573e-06	-0.000691152986431879
0.00877267361114184	0.00603832842675806	0.0556724246546388	0.053800891185305	-0.0018715334693338	0.00025601475533184	0.000130610846008247	0.0159534394381643	0.0183405636372425	0.00238712419907815
0.0115574832127823	0.00777114706576783	0.0953785462426279	0.0879025332213526	-0.00747601302127535	0.00039216720633382	0.000203221748616405	0.0410470455932175	0.0465309234356486	0.00548387784243112
0.00874457227931466	0.00572042754118079	0.0616370359087082	0.0491599370665051	-0.0124770988422031	0.000220282374965409	0.00011492878049901	0.0155137885765447	0.0167322276369562	0.00121843906041154
0.0138010025868565	0.0094307549287649	0.120164968680673	0.111998327718055	-0.00816664096261739	0.000457240538488876	0.000266301224740276	0.04707667355608	0.0644475920138397	0.0173709184577597
0.00732603451696526	0.00523908468345844	0.0340578194716023	0.0343792843202256	0.000321464848623332	0.000175454073976617	9.27683959583798e-05	0.00651692443953273	0.00758240668874525	0.00106548224921252
0.00923983757470773	0.0064752418663429	0.0731552822760087	0.0763100627408188	0.00315478046481006	0.000233236234231444	0.000154363663996244	0.019593422121112	0.0372754786492082	0.0176820565280962
0.0115298829587093	0.00781192882703293	0.0967952936282223	0.0930429889918007	-0.00375230463642165	0.000384205908874961	0.000206062133479885	0.0463471263200099	0.0597514284074582	0.0134043020874483
0.00950378985738997	0.00678606512860814	0.0647233213387936	0.0678343998523687	0.00311107851357507	0.000274852080694606	0.000151928608874627	0.0200303267275124	0.0290759323365206	0.00904560560900817
0.00808775639550999	0.00546496102823493	0.0471747793510105	0.0429608610574561	-0.00421391829355434	0.000191334587806279	9.83232732595053e-05	0.0106573660685388	0.0115114001628483	0.000854034094309503
0.000172055566317573	0.000700890621401091	6.44512320803755e-05	0.00180047893826318	0.0017360277061828	1.4544014468291e-05	2.24968995153501e-05	0.000322030739924693	0.00260025690616893	0.00227822616624424
0.0122532806180355	0.00810262093967555	0.0869044944489116	0.074700982223605	-0.0122035122253066	0.000435726434191198	0.000236909230440753	0.0347461497206748	0.042995682154104	0.00824953243342915
0.00781442047339453	0.00539870974210485	0.053647509824598	0.0531097000576136	-0.000537809766984455	0.00025341847669129	0.000131547776643007	0.0177349223897723	0.0227035858283862	0.00496866343861391
0.0111382179985864	0.00653473759919353	0.0855927492099293	0.0629822228974277	-0.0226105263125015	0.000398066197785136	0.000197113470053029	0.0389847628601244	0.0396175538251892	0.000632790965064724
0.0096871422586595	0.00668144600105658	0.0769642420850322	0.0764234257730578	-0.000540816311974321	0.000292557275413538	0.000162646174055588	0.0298198109218206	0.0416455167515401	0.0118257058297195
0.00967355187011707	0.00573207416851453	0.0628763232484028	0.0457989179884387	-0.0170774052599642	0.000310857428258632	0.000132194402689232	0.0232677252495418	0.0200991463098484	-0.00316857893969338
0.00907980251524384	0.00543065142827794	0.0517536296777454	0.0394370685865672	-0.0123165610911782	0.000214756229448185	9.73537565421677e-05	0.0113994995185511	0.0115340306633226	0.000134531144771582
0.0113843060549225	0.00738570631310343	0.0933118304352608	0.0805735770817717	-0.0127382533534892	0.000424943661941255	0.000198570308783569	0.0477283033619184	0.0439811233180065	-0.00374718004391184
0.00978050094496967	0.00622910435657429	0.0695302223449934	0.0587614461557043	-0.0107687761892891	0.000239373227480533	0.000127834083196458	0.017515453111449	0.0206700173012715	0.00315456418982255
0.00678519885948498	0.00561596067362564	0.0372620822555771	0.0488816664281952	0.0116195841726181	0.000152564892776077	0.000106462869843795	0.00795040119972657	0.0145627007134625	0.00661229951373596
0.0127286359851017	0.00881810210795142	0.133783123697302	0.136324695248659	0.00254157155135698	0.000502926505743407	0.000243672142756457	0.0697977744779401	0.0825344953122146	0.0127367208342745
0.0112602270594974	0.00737208767092333	0.086547636544227	0.0827878571382414	-0.00375977940598561	0.00037216666430003	0.000192248475475719	0.0333561130844231	0.0448408057392803	0.0114846926548572
0.00856683643327433	0.0071505265272173	0.0538787002476506	0.0761511684227963	0.0222724681751457	0.000245326010949206	0.000197383218597301	0.0189437792232228	0.044419376752855	0.0254755975296322
0.0136006381239392	0.00798411432388404	0.10018124424252	0.0734554058435591	-0.0267258383989604	0.00042308037735539	0.000188148561474434	0.0369190169278085	0.0363003471567818	-0.000618669771026668
0.0122864417672659	0.00738121121235091	0.094712685802353	0.0688797485175825	-0.0258329372847705	0.000500757267812108	0.000225725874319755	0.0506886843828041	0.0452491368301382	-0.00543954755266599
0.010898687134436	0.00788157998822622	0.0995825312907245	0.100179796184777	0.000597264894052332	0.000348666586329737	0.000222208024379105	0.0463574759402492	0.0647995267413488	0.0184420508010997
-0.000533065071626186	-0.000685143647830467	0.000477026870193344	0.00135191142531725	0.000874884555123904	-3.15358285608135e-05	-2.12160964969907e-05	0.00119088848766585	0.00185832449897411	0.000667436011308259
0.00946293148923709	0.00708249041869552	0.0633454303610236	0.0714406386159106	0.00809520825488703	0.000340765876440199	0.000185587532157439	0.0295064694750335	0.0380631677787032	0.00855669830366969
0.0100492005824731	0.00685953797287048	0.0681280239122392	0.0640822128726999	-0.00404581103953928	0.000386023889704748	0.000177161091229266	0.0339833893386279	0.0335815350670184	-0.000401854271609436
-0.00197102728477867	-0.00125354794784244	0.00822042065503412	0.00579117974311666	-0.00242924091191746	-8.51260250892255e-05	-3.72149844950245e-05	0.0112103974736272	0.00776796358343962	-0.00344243389018762
0.0135670651978163	0.00795968359520449	0.117961124199371	0.09523552243252	-0.0227256017668512	0.000486468128671655	0.000226842185091816	0.0491684230916519	0.0561276489421911	0.00695922585053916
0.0112430934604722	0.00722450598682097	0.0872885800098165	0.0752725063156857	-0.0120160736941308	0.000302239388248344	0.000161732904194697	0.0270583639543293	0.0301661723820692	0.00310780842773989
-0.00216576252817825	-0.000938318165202403	0.00817952313914375	0.00286235210078476	-0.005317171038359	-8.80239484732593e-05	-2.73925864202725e-05	0.00927595582557812	0.00362411584178089	-0.00565183998379722
0.00775422200172493	0.00555990056230201	0.0543487694729445	0.0525792000858139	-0.00176956938713062	0.000193444000632052	0.000127162314736323	0.0146810390823555	0.021849239489141	0.00716820040678552
0.0116219757620537	0.00800205780465465	0.0844004294624659	0.0811644670234667	-0.00323596243899919	0.000323274684712628	0.000200955695687726	0.0240845405256576	0.0359138920975672	0.0118293515719096
0.0084593401870678	0.00610348107477534	0.0460409353771091	0.0459432528204665	-9.76825566426434e-05	0.000208135311045554	0.000138865869005352	0.0114565359884936	0.0190851566964944	0.0076286207080008
-4.35861404800432e-05	-6.3297191815199e-05	4.26166840343076e-06	1.7263697736444e-05	1.30020293330132e-05	1.47725903942945e-05	1.4692848504901e-06	0.000336293469163889	1.347306456532e-05	-0.000322820404598568
0.00982171171265964	0.00644694793183284	0.07880811650395	0.06458753198098	-0.01422058452297	0.000261062790642795	0.000145337911145357	0.0241705229799365	0.0270902581241452	0.00291973514420874
-0.00163364391984651	-0.000852037180161882	0.00490303054087387	0.00227221716226455	-0.00263081337860932	-4.56264716292817e-05	-1.75124310583363e-05	0.00301483572468682	0.00154191347414838	-0.00147292225053844
0.0117048524787198	0.00719350658746381	0.09540810379438	0.0707203310326678	-0.0246877727617122	0.000373174415687887	0.00016685481183231	0.0356751825341114	0.0311707309145299	-0.00450445161958155
0.00689569550109653	0.00532381477240653	0.0488588018341763	0.0534494764244605	0.00459067459028418	0.000191880076784807	0.000130575107131169	0.0165584357286513	0.0269659938893248	0.0104075581606735
-0.000673382319759763	-0.000730772521299567	0.000944978741994723	0.00180530939126964	0.000860330649274915	-2.91315011061923e-05	-2.30146606334937e-05	0.0013804974413025	0.00278696684605144	0.00140646940474894
0.00852478298317885	0.00590707744347537	0.0587776932428248	0.056192516810902	-0.00258517643192276	0.000213048441929108	0.000122204141739894	0.0168122602124338	0.0222173485028737	0.00540508829043986
0.0102723898713271	0.0076253232675598	0.0867860237934003	0.0974639794553014	0.0106779556619011	0.000326765645925349	0.000195812646189643	0.034655377016708	0.0512846675935743	0.0166292905768663
0.0075958867873294	0.00550725917495361	0.0368960110609676	0.0399108644110911	0.0030148533501235	0.000167150317034703	0.000126133292654512	0.00757998803163474	0.0152196133216641	0.00763962529002939
0.00757641189795046	0.00566488601864359	0.0576792046257643	0.0591837591801795	0.00150455455441523	0.000197152529062449	0.000120385592113286	0.0169444898447681	0.0224037755918208	0.00545928574705269
0.0120022102160223	0.00766627894974406	0.13647168159863	0.113317958876126	-0.0231537227225032	0.000431928691262112	0.000212921089268011	0.068651891756655	0.0741838027907325	0.00553191103407746
0.00860093165090527	0.00596158763487773	0.0550784429202031	0.0516271803621858	-0.00345126255801732	0.000227958815712676	0.000138070133743287	0.0139319492248791	0.0206520066305872	0.00672005740570811
0.0107931362920628	0.0070658442036783	0.0775319511985372	0.0658560330745409	-0.0116759181239963	0.000402435646075989	0.000195471215828123	0.0386282855468616	0.0369953393352287	-0.00163294621163288
0.00866971465400798	0.00611869457990326	0.0654148682882418	0.058673594527351	-0.0067412737608907	0.000247706955476418	0.000130788325309093	0.0222113172713078	0.0219903952570938	-0.000220922014213965
0.0113523767380482	0.00755198919477052	0.104590163212359	0.0979706192752019	-0.00661954393715726	0.000381898623327539	0.000206326105630676	0.0440358515269514	0.0593201752371392	0.0152843237101878
0.0133067999295546	0.00905770949205995	0.104153225279824	0.0954649363925458	-0.00868828888727798	0.0003699176493341	0.000205923391847203	0.0295193985109679	0.0397919567157537	0.0102725582047858
0.0127603575871535	0.00878432422218674	0.101462128572555	0.0977151225740918	-0.00374700599846275	0.000419037646606194	0.000208486705935492	0.034451176777464	0.0409699006714614	0.00651872389399738
0.00907263960735413	0.00535238290859702	0.0667887849248546	0.0467396831522584	-0.0200491017725963	0.000242134026821809	0.000106467006134704	0.0200018973633534	0.0152934278092779	-0.00470846955407551
-0.000269567094868039	-0.000216789116513076	0.000140622027643172	0.000154845757051129	1.42237294079571e-05	-1.20324141059015e-05	-1.01047649937059e-05	0.000189488937714282	0.000473078463613351	0.000283589525899069
0.00767730044764493	0.0054557590779686	0.040817999113225	0.041449492052635	0.000631492939409978	0.000229782367820772	0.000137000857802868	0.0139348017466904	0.0218675188821576	0.00793271713546717
0.00838864604696551	0.00622681207195811	0.0516980795088798	0.0530637005180873	0.00136562100920759	0.000225339455947249	0.000136111639455416	0.0155519768294338	0.0218762711443738	0.00632429431493998
0.00783661968240131	0.00494798734697557	0.0370335234354283	0.0323837673927576	-0.00464975604267065	0.000210294893049397	0.000100400962296928	0.00967467377441859	0.0105552465402846	0.000880572765866018
0.00944607659284269	0.00605728832435844	0.0717656466312162	0.0596179549558118	-0.0121476916754044	0.000306570545318374	0.000174140621509696	0.027957903821436	0.0332228121067977	0.00526490828536171
0.000275915141015641	-0.000264690433825081	0.00014944288882786	0.000256467055231847	0.000107024166403987	1.94855155508221e-05	-7.96464494704274e-06	0.000480683688712799	0.000348796009312328	-0.000131887679400471
-0.00110284783910649	-0.000520243211784131	0.00242190246631206	0.000967425103199547	-0.00145447736311251	-4.68115002795294e-05	-1.30282947452845e-05	0.00362439181281339	0.00103174886664944	-0.00259264294616395
0.00787494470623397	0.00609470439219139	0.048649645096	0.0592466601396783	0.0105970150436783	0.000198835594392912	0.000134629928263197	0.0138711841526055	0.0241371854705501	0.0102660013179446
0.00789561545858381	0.00554745401166032	0.047554420037801	0.0464646885935261	-0.00108973144427497	0.00019757824396066	0.00014014605097798	0.013858046128644	0.0252498228759637	0.0113917767473197
0.00948077202484212	0.00643488204955617	0.0809392500419913	0.0730216564656007	-0.00791759357639063	0.0002913782064242	0.000145953226881162	0.0281527678605169	0.0304286089963347	0.00227584113581777
0.0119169330673675	0.00871285501211464	0.0968359410132294	0.107152501389604	0.010316560376375	0.00040334920682633	0.00023450799899147	0.0452267266285882	0.0606174637935866	0.0153907371649984
-0.000670543463407817	-0.00041568365821718	0.000851069012499212	0.000536869555042744	-0.000314199457456469	-2.83023951241113e-05	-1.72834712711845e-05	0.001170506241828	0.00137658778767625	0.000206081545848259
0.00947557337378871	0.00610350401786725	0.0655800291014712	0.0607468646409954	-0.00483316446047583	0.000350140039873847	0.000155125619629758	0.0322432213184287	0.0314381783360098	-0.000805042982418867
0.00887105978544786	0.0070271268564294	0.0545612294157027	0.0711325115226853	0.0165712821069826	0.000220059065623207	0.000167301594481032	0.013946289157774	0.0318462334601959	0.017899944302422
0.0104274113438242	0.00685140786770662	0.0824163977214882	0.0773215329498852	-0.00509486477160301	0.000460494844534171	0.000209535457903189	0.0477996908307128	0.0547783867016966	0.00697869587098383
0.0113550339325026	0.00838243001917608	0.0938508939943223	0.103396456990286	0.00954556299596342	0.000285822952832016	0.000190807086229277	0.0258159460857301	0.044229922810543	0.0184139767248129
0.00985738255363142	0.00697962246906626	0.0624629207592111	0.0627682676328742	0.000305346873663084	0.000319593395048435	0.00017212779018589	0.0227094675905818	0.0284788728668254	0.00576940527624364
0.00917491076731584	0.0078594122121046	0.0714337803035283	0.0975428475868713	0.026109067283343	0.000228113348807528	0.000180619298741853	0.0210195214048143	0.0416771574876184	0.0206576360828041
0.0130564026522438	0.00868406169249322	0.0991291205952532	0.0879109744498086	-0.0112181461454446	0.000411551070243599	0.000221735251974596	0.0378056490262227	0.043955573524586	0.00614992449836331
0.0113679207736846	0.00769605965289675	0.0894703367544258	0.0764710241151855	-0.0129993126392403	0.000336778921292107	0.000194608543955865	0.0317229337854727	0.0397463737575173	0.00802343997204459
0.0104960980298535	0.00679122467891314	0.0686941210442194	0.0611428425093444	-0.00755127853487503	0.000325844890916193	0.000159450406948714	0.0249756630064417	0.0294014115381611	0.00442574853171937
0.00831256954141458	0.0059458920953522	0.060390740826626	0.0603363186328204	-5.44221938055534e-05	0.000177977712128219	0.00011623040804128	0.0134729853467173	0.021516154769154	0.00804316942243671
0.0116317587625092	0.00875228912687767	0.113290572745187	0.125931614788067	0.0126410420428801	0.000363699967443779	0.000225941456753495	0.0440470119133217	0.0700268443840823	0.0259798324707606
0.00982163815671806	0.00585592328644943	0.0639805546154289	0.0461465631686111	-0.0178339914468177	0.000287183764128727	0.00013315738511873	0.0186592392006456	0.018879303674437	0.000220064473791425
0.00805248794776403	0.00544284395321826	0.0433679855184116	0.040673839768829	-0.00269414574958254	0.00020991471922096	0.000124498756669232	0.0123237877429433	0.0176157116564982	0.00529192391355486
0.0112368427667921	0.00773691402241467	0.0887615366355088	0.0856083110452087	-0.0031532255903001	0.000266705946194819	0.000183949266608152	0.0235941827832593	0.0405478743637565	0.0169536915804972
0.00938449174017558	0.00579252749088666	0.0627418119459471	0.0528058662204962	-0.00993594572545092	0.000267961808894544	0.000124137291278459	0.0194453335097876	0.0204108088703831	0.000965475360595439
0.0114916473337155	0.00806599529479946	0.0858984122364567	0.0862248495335553	0.000326437297098553	0.000409576785836808	0.000257510727261669	0.0360755391682506	0.0575589601421003	0.0214834209738497
0.00852387139109723	0.00666357794280709	0.0621153791400839	0.0707010490274489	0.00858566988736505	0.000207166944026127	0.000153128136981473	0.0168600513161654	0.0302962924552348	0.0134362411390694
0.0100331914153803	0.00665651736215408	0.0704499269131689	0.0657748871149469	-0.00467503979822198	0.000264589335838921	0.000143441652182466	0.0189572505639068	0.025060954493228	0.00610370392932114
0.0109928596950869	0.00703789976625989	0.069580821405692	0.0561710252163122	-0.0134097961893799	0.000381146204028994	0.000201804859972046	0.0317419344181992	0.0347044181524175	0.00296248373421831
