LR1_coefficients_null_raster	LR1_coefficients_lyr.1_R	LR1_R2_null_raster	LR1_R2_lyr.1_R	LR1_Q_lyr.1_R	LR2_coefficients_null_raster	LR2_coefficients_lyr.1_R	LR2_R2_null_raster	LR2_R2_lyr.1_R	LR2_Q_lyr.1_R
0.00900567904249643	0.000963722203861894	0.0852539411500502	0.0132101819659995	-0.0720437591840508	0.000249312213201075	1.10227603888102e-05	0.0318336213661083	0.00952367460056985	-0.0223099467655384
0.00709261107629482	0.000167889021494724	0.0449666710408697	0.00031941570917673	-0.044647255331693	0.000224017770843076	2.83906367738685e-06	0.0165605544880432	0.000345010363792295	-0.0162155441242509
0.00769847013371499	0.000793058673191146	0.0335535666281145	0.00608391600277104	-0.0274696506253435	0.000196993991523941	8.79978168997906e-06	0.00738478822588077	0.00309832927753198	-0.0042864589483488
0.0079298758932325	0.000788852391680144	0.055084576564951	0.0080693963333626	-0.0470151802315883	0.000188869855617948	7.22624320717726e-06	0.012215939462694	0.00571065207523978	-0.00650528738745416
0.0101198371814072	0.00148604971301865	0.06595186519419	0.0192079893642169	-0.0467438758299732	0.000253950686140568	2.07999355936232e-05	0.0153472086003539	0.0147433729945235	-0.000603835605830411
0.0103815247285852	0.000765841811393012	0.102746853337434	0.00928837694795035	-0.0934584763894836	0.000359120810372496	5.30588214564295e-06	0.0473112432349294	0.00285321222473544	-0.044458031010194
0.00913742416651822	0.000601699364140411	0.0841101821855359	0.0074083368403615	-0.0767018453451744	0.000246866085276892	3.73292249305006e-06	0.0239262214007748	0.00180330227120595	-0.0221229191295689
0.00542119302342565	0.00102936101948044	0.0269398561823459	0.0113426787169747	-0.0155971774653713	0.00017305460116603	9.70812664400838e-06	0.0112881689540197	0.00453624889655341	-0.00675192005746624
0.01539722801696	0.000562657068509485	0.165467990766538	0.00414880367558032	-0.161319187090958	0.000652824867390547	6.98119416403423e-06	0.0927988747130182	0.00289306816824044	-0.0899058065447777
0.010737504343198	0.00053374506049951	0.0585023553875123	0.00286098012518826	-0.055641375262324	0.000323571059226193	7.06160996961417e-06	0.0190144301448975	0.00275347988406857	-0.0162609502608289
0.00549878992216957	0.000745114142091614	0.0245849513592039	0.00544549523797953	-0.0191394561212244	9.87359729298432e-05	6.32634053514454e-06	0.00381890307275877	0.00167876269858984	-0.00214014037416893
0.0115261337160456	0.00104954787667123	0.122926690580589	0.0143709126767844	-0.108555777903805	0.000367525632975245	9.62152049435617e-06	0.055723259915491	0.00551029406170391	-0.0502129658537871
0.0127863386901262	0.00170858176290614	0.0995359562127789	0.0259744882421651	-0.0735614679706138	0.000457433698441386	1.75314174145186e-05	0.0457991643310933	0.0123736471247701	-0.0334255172063232
0.0100008336131982	0.0010234299706859	0.0844613490272275	0.0118066132131372	-0.0726547358140903	0.000288374849994646	1.08948579758387e-05	0.0317780312418189	0.00464729935050982	-0.0271307318913091
0.0111541222942896	0.00172105802769515	0.0743417296413102	0.0262464907524956	-0.0480952388888146	0.000322477723366209	1.9087348130396e-05	0.0241370622302761	0.013967194320449	-0.010169867909827
0.000783351558969244	0.000160744498581156	0.00116282351688106	0.000246226141903506	-0.000916597374977557	2.18234724131565e-05	-1.63098562212842e-06	0.000695173986111855	0.000156324400820523	-0.000538849585291332
0.00877267361114184	0.00070195159635436	0.0556724246546388	0.00677526840869818	-0.0488971562459407	0.00025601475533184	5.47622468732845e-06	0.0159534394381643	0.00331733750463461	-0.0126361019335297
0.0115574832127823	0.00153992022051966	0.0953785462426279	0.025920548466801	-0.069457997775827	0.00039216720633382	1.86722459133104e-05	0.0410470455932175	0.0174164847555676	-0.0236305608376499
0.00874457227931466	0.000536711090666449	0.0616370359087082	0.00284647159117305	-0.0587905643175352	0.000220282374965409	5.11131715074163e-06	0.0155137885765447	0.00101980748837122	-0.0144939810881734
0.0138010025868565	0.00175563455809623	0.120164968680673	0.0259166846433219	-0.0942482840373507	0.000457240538488876	2.90909955013666e-05	0.04707667355608	0.0219391622072579	-0.0251375113488221
0.00732603451696526	0.000853709886438976	0.0340578194716023	0.00853857590208117	-0.0255192435695211	0.000175454073976617	2.41593511045181e-06	0.00651692443953273	0.000675358142633198	-0.00584156629689953
0.00923983757470773	0.00133478981947855	0.0731552822760087	0.0209827272720804	-0.0521725550039283	0.000233236234231444	2.11890545029702e-05	0.019593422121112	0.0222629475186008	0.00266952539748884
0.0115298829587093	0.00135059978919717	0.0967952936282223	0.02116309890234	-0.0756321947258824	0.000384205908874961	1.34441143372034e-05	0.0463471263200099	0.0132833666033781	-0.0330637597166318
0.00950378985738997	0.00138460904113678	0.0647233213387936	0.0181132970451387	-0.046610024293655	0.000274852080694606	1.96383190625629e-05	0.0200303267275124	0.0141335376282218	-0.00589678909929061
0.00808775639550999	0.0011676082785061	0.0471747793510105	0.0128241424811491	-0.0343506368698614	0.000191334587806279	1.01153209398258e-05	0.0106573660685388	0.00331988108250716	-0.00733748498603169
0.000172055566317573	0.000891125077172759	6.44512320803755e-05	0.0112227405609581	0.0111582893288777	1.4544014468291e-05	1.57142334692067e-05	0.000322030739924693	0.0273404563719954	0.0270184256320707
0.0122532806180355	0.0009120313826082	0.0869044944489116	0.00676274533803911	-0.0801417491108725	0.000435726434191198	1.07554470226055e-05	0.0347461497206748	0.00328809906266258	-0.0314580506580123
0.00781442047339453	0.000953444567921023	0.053647509824598	0.0109618761156798	-0.0426856337089182	0.00025341847669129	1.21204867698628e-05	0.0177349223897723	0.00686206231279729	-0.010872860076975
0.0111382179985864	0.00100933775971502	0.0855927492099293	0.00930006867747659	-0.0762926805324527	0.000398066197785136	1.48209747304692e-05	0.0389847628601244	0.00708344586848955	-0.0319013169916349
0.0096871422586595	0.00199507761010654	0.0769642420850322	0.0472265785670078	-0.0297376635180243	0.000292557275413538	3.01094752941001e-05	0.0298198109218206	0.0427244325842122	0.0129046216623916
0.00967355187011707	0.000591766829969128	0.0628763232484028	0.00345508265419673	-0.0594212405942061	0.000310857428258632	6.00516240081624e-06	0.0232677252495418	0.00156066223047726	-0.0217070630190646
0.00907980251524384	0.00049134098894085	0.0517536296777454	0.00259225083750996	-0.0491613788402355	0.000214756229448185	2.14396756809303e-06	0.0113994995185511	0.00025018606512798	-0.0111493134534231
0.0113843060549225	0.00104324216895221	0.0933118304352608	0.0101447886591561	-0.0831670417761047	0.000424943661941255	1.56103987418494e-05	0.0477283033619184	0.00740637818272593	-0.0403219251791924
0.00978050094496967	0.00107060168676431	0.0695302223449934	0.0125438294659088	-0.0569863928790846	0.000239373227480533	6.39899439206349e-06	0.017515453111449	0.00267463360892673	-0.0148408195025222
0.00678519885948498	0.00148814472076178	0.0372620822555771	0.0216309098558898	-0.0156311723996873	0.000152564892776077	2.25895057514253e-05	0.00795040119972657	0.0161430480938839	0.00819264689415734
0.0127286359851017	0.00207662357817256	0.133783123697302	0.0475528962622497	-0.0862302274350524	0.000502926505743407	3.49662951369128e-05	0.0697977744779401	0.0485937904026383	-0.0212039840753019
0.0112602270594974	0.001262531606623	0.086547636544227	0.0170956508939105	-0.0694519856503165	0.00037216666430003	1.94092140077311e-05	0.0333561130844231	0.0167443341045434	-0.0166117789798797
0.00856683643327433	0.0018642471313939	0.0538787002476506	0.0364706194549757	-0.0174080807926749	0.000245326010949206	2.19469818578927e-05	0.0189437792232228	0.0231648909836253	0.00422111176040245
0.0136006381239392	0.000149111617988532	0.10018124424252	0.000222623552864083	-0.0999586206896554	0.00042308037735539	1.57874682173342e-09	0.0369190169278085	1.30235632475265e-10	-0.0369190167975728
0.0122864417672659	0.00064443347814092	0.094712685802353	0.00432847226105061	-0.0903842135413023	0.000500757267812108	6.78931762390646e-06	0.0506886843828041	0.00208183101160791	-0.0486068533711962
0.010898687134436	0.00153494219108492	0.0995825312907245	0.0313453302400201	-0.0682372010507044	0.000348666586329737	2.1354765855125e-05	0.0463574759402492	0.0315075904157585	-0.0148498855244907
-0.000533065071626186	-0.000265893191619552	0.000477026870193344	0.000929522836028378	0.000452495965835033	-3.15358285608135e-05	-3.08120273038395e-06	0.00119088848766585	0.000905470442008824	-0.00028541804565703
0.00946293148923709	0.00136925814400106	0.0633454303610236	0.0162400846847156	-0.047105345676308	0.000340765876440199	1.52904314028866e-05	0.0295064694750335	0.00694170155880833	-0.0225647679162252
0.0100492005824731	0.00154925244192225	0.0681280239122392	0.0254966119147892	-0.0426314119974501	0.000386023889704748	1.58176797975904e-05	0.0339833893386279	0.0154911727625027	-0.0184922165761251
-0.00197102728477867	-2.94804232754021e-05	0.00822042065503412	1.31759475027351e-05	-0.00820724470753138	-8.51260250892255e-05	4.66979938237153e-07	0.0112103974736272	2.98257220230331e-05	-0.0111805717516042
0.0135670651978163	0.000933469963586721	0.117961124199371	0.0124361741244611	-0.10552495007491	0.000486468128671655	1.08382184667374e-05	0.0491684230916519	0.010410120055258	-0.0387583030363939
0.0112430934604722	0.00114869202250883	0.0872885800098165	0.0154149845210357	-0.0718735954887808	0.000302239388248344	9.89031815576257e-06	0.0270583639543293	0.00575832112638014	-0.0213000428279491
-0.00216576252817825	6.28970743565907e-06	0.00817952313914375	6.10820447557058e-07	-0.0081789123186962	-8.80239484732593e-05	-4.27340540976526e-07	0.00927595582557812	2.08892897375465e-05	-0.00925506653584057
0.00775422200172493	0.000707641502630143	0.0543487694729445	0.00576966463387785	-0.0485791048390667	0.000193444000632052	8.74435799625386e-06	0.0146810390823555	0.0038841250861473	-0.0107969139962082
0.0116219757620537	0.00131755240737992	0.0844004294624659	0.0160423702586369	-0.0683580592038289	0.000323274684712628	1.1139920337679e-05	0.0240845405256576	0.00515122794323571	-0.0189333125824219
0.0084593401870678	0.00144047543610588	0.0460409353771091	0.0124139789535674	-0.0336269564235417	0.000208135311045554	2.87197243543462e-05	0.0114565359884936	0.0140692623031074	0.00261272631461376
-4.35861404800432e-05	-0.000458288871912836	4.26166840343076e-06	0.00255450528259014	0.00255024361418671	1.47725903942945e-05	-3.44966575725617e-06	0.000336293469163889	0.000864371685784056	0.000528078216620167
0.00982171171265964	0.001203513474098	0.07880811650395	0.0143647026026143	-0.0644434139013356	0.000261062790642795	1.40812219427448e-05	0.0241705229799365	0.0065247226944101	-0.0176458002855264
-0.00163364391984651	0.000257531166296112	0.00490303054087387	0.000798226413318971	-0.0041048041275549	-4.56264716292817e-05	4.86042610983067e-06	0.00301483572468682	0.00206033123580825	-0.000954504488878571
0.0117048524787198	0.00105938591240673	0.09540810379438	0.0126788334414783	-0.0827292703529017	0.000373174415687887	8.58593567261525e-06	0.0356751825341114	0.00434779670571727	-0.0313273858283941
0.00689569550109653	0.00117372630961908	0.0488588018341763	0.0157577075276938	-0.0331010943064825	0.000191880076784807	1.53162795139664e-05	0.0165584357286513	0.010302811008613	-0.0062556247200383
-0.000673382319759763	-0.00015410409437759	0.000944978741994723	0.000300400075616005	-0.000644578666378717	-2.91315011061923e-05	-2.46401405593532e-06	0.0013804974413025	0.000509393037801879	-0.00087110440350062
0.00852478298317885	0.00111856499874777	0.0587776932428248	0.017671178987862	-0.0411065142549628	0.000213048441929108	8.63960021869999e-06	0.0168122602124338	0.0063771453595062	-0.0104351148529276
0.0102723898713271	0.00170836089035338	0.0867860237934003	0.039736354587984	-0.0470496692054163	0.000326765645925349	2.1075754200532e-05	0.034655377016708	0.0285612307522348	-0.00609414626447321
0.0075958867873294	0.000739565728108123	0.0368960110609676	0.0082812620546933	-0.0286147490062743	0.000167150317034703	4.68134986626353e-06	0.00757998803163474	0.00218397825772156	-0.00539600977391319
0.00757641189795046	0.00117856098662675	0.0576792046257643	0.0171735420962696	-0.0405056625294947	0.000197152529062449	1.0729012188113e-05	0.0169444898447681	0.0061349196285862	-0.0108095702161819
0.0120022102160223	0.00129832922687126	0.13647168159863	0.0203730584625378	-0.116098623136092	0.000431928691262112	1.67583365388734e-05	0.068651891756655	0.0134645987574646	-0.0551872929991904
0.00860093165090527	0.000338988071333794	0.0550784429202031	0.00134411637022095	-0.0537343265499821	0.000227958815712676	6.70389049852757e-08	0.0139319492248791	2.65432049620336e-07	-0.0139316837928295
0.0107931362920628	0.00105947868800057	0.0775319511985372	0.00989111888768542	-0.0676408323108517	0.000402435646075989	1.29557505680689e-05	0.0386282855468616	0.00571833776115895	-0.0329099477857027
0.00866971465400798	0.000578405854777178	0.0654148682882418	0.00378270776870917	-0.0616321605195326	0.000247706955476418	1.18722937759651e-06	0.0222113172713078	6.79388456644994e-05	-0.0221433784256433
0.0113523767380482	0.00108529994085043	0.104590163212359	0.0163385653770451	-0.0882515978353141	0.000381898623327539	1.11020795744439e-05	0.0440358515269514	0.00972130235943234	-0.0343145491675191
0.0133067999295546	0.0014139927182336	0.104153225279824	0.0137698791972784	-0.0903833460825454	0.0003699176493341	2.24012348052077e-05	0.0295193985109679	0.00998308318742972	-0.0195363153235381
0.0127603575871535	0.00132109435722824	0.101462128572555	0.0185311043767064	-0.0829310241958481	0.000419037646606194	1.33172864656089e-05	0.034451176777464	0.00820333520045287	-0.0262478415770112
0.00907263960735413	0.00074570575836413	0.0667887849248546	0.00568808771497717	-0.0611006972098775	0.000242134026821809	1.02214306370602e-05	0.0200018973633534	0.00343610404600523	-0.0165657933173481
-0.000269567094868039	-0.000157893995039888	0.000140622027643172	0.000256142543042301	0.000115520515399129	-1.20324141059015e-05	-2.9035985339772e-06	0.000189488937714282	0.000556243929904945	0.000366754992190663
0.00767730044764493	0.000602477508371433	0.040817999113225	0.00365471360372582	-0.0371632855094992	0.000229782367820772	6.27798891381344e-06	0.0139348017466904	0.00228732010606772	-0.0116474816406227
0.00838864604696551	0.00072084275602432	0.0516980795088798	0.00510340828436771	-0.046594671224512	0.000225339455947249	7.75257122392541e-06	0.0155519768294338	0.00255884275644128	-0.0129931340729926
0.00783661968240131	0.000574008468541577	0.0370335234354283	0.00374261942603649	-0.0332909040093918	0.000210294893049397	1.64089680211324e-06	0.00967467377441859	0.000154032552422402	-0.00952064122199619
0.00944607659284269	0.000580362676986821	0.0717656466312162	0.00449593712398532	-0.0672697095072309	0.000306570545318374	6.7253938204381e-06	0.027957903821436	0.00273795018560474	-0.0252199536358312
0.000275915141015641	-0.000441124542734301	0.00014944288882786	0.00280154915818978	0.00265210626936192	1.94855155508221e-05	-5.44970330220949e-06	0.000480683688712799	0.00397602724943649	0.00349534356072369
-0.00110284783910649	-0.000224764746029037	0.00242190246631206	0.000673535833728261	-0.0017483666325838	-4.68115002795294e-05	-1.34944877253042e-06	0.00362439181281339	0.000200119778201033	-0.00342427203461235
0.00787494470623397	0.0021539547012724	0.048649645096	0.0452096881086028	-0.00343995698739719	0.000198835594392912	2.55891584616908e-05	0.0138711841526055	0.0252847674641753	0.0114135833115697
0.00789561545858381	0.000872203161349948	0.047554420037801	0.00801448026147246	-0.0395399397763286	0.00019757824396066	1.31494544958323e-05	0.013858046128644	0.00717799713169605	-0.00668004899694795
0.00948077202484212	0.00129101708141943	0.0809392500419913	0.0213664302114319	-0.0595728198305594	0.0002913782064242	1.1012559784714e-05	0.0281527678605169	0.00576488198359147	-0.0223878858769254
0.0119169330673675	0.00198009750295527	0.0968359410132294	0.0453384336541058	-0.0514975073591236	0.00040334920682633	1.73402099000207e-05	0.0452267266285882	0.0220179864016098	-0.0232087402269784
-0.000670543463407817	0.000120348355748637	0.000851069012499212	0.000130452624424112	-0.0007206163880751	-2.83023951241113e-05	2.5700270668474e-06	0.001170506241828	0.000289106535752724	-0.000881399706075271
0.00947557337378871	0.00122884476970289	0.0655800291014712	0.0211261744232271	-0.0444538546782441	0.000350140039873847	9.01316742176044e-06	0.0322432213184287	0.00692179145228475	-0.0253214298661439
0.00887105978544786	0.00217105753104722	0.0545612294157027	0.0439926572499888	-0.0105685721657139	0.000220059065623207	3.29117280403618e-05	0.013946289157774	0.0360372589845037	0.0220909698267298
0.0104274113438242	0.000798310665609456	0.0824163977214882	0.00863157082277809	-0.0737848268987102	0.000460494844534171	8.73277429909134e-06	0.0477996908307128	0.00501578973082692	-0.0427839010998859
0.0113550339325026	0.00181981606333113	0.0938508939943223	0.0381474080687282	-0.0557034859255941	0.000285822952832016	2.16865797672933e-05	0.0258159460857301	0.0323842498363409	0.00656830375061078
0.00985738255363142	0.00128613389548574	0.0624629207592111	0.0177903119796861	-0.044672608779525	0.000319593395048435	1.31338696239672e-05	0.0227094675905818	0.00827823831413382	-0.014431229276448
0.00917491076731584	0.00239411281405746	0.0714337803035283	0.0504985614135473	-0.020935218889981	0.000228113348807528	3.29740446214571e-05	0.0210195214048143	0.0317186948674277	0.0106991734626134
0.0130564026522438	0.00139957928477513	0.0991291205952532	0.0178823957962919	-0.0812467247989612	0.000411551070243599	1.58773080096945e-05	0.0378056490262227	0.00922854245381761	-0.028577106572405
0.0113679207736846	0.00050927091199008	0.0894703367544258	0.00264444720693932	-0.0868258895474865	0.000336778921292107	1.27799526659081e-06	0.0317229337854727	9.10470228676385e-05	-0.0316318867626051
0.0104960980298535	0.000896872027067086	0.0686941210442194	0.00867788774384882	-0.0600162333003706	0.000325844890916193	9.95170119935544e-06	0.0249756630064417	0.00530276880692028	-0.0196728941995214
0.00831256954141458	0.00111347749905555	0.060390740826626	0.0121497870472904	-0.0482409537793356	0.000177977712128219	1.74391773518696e-05	0.0134729853467173	0.0109631934709023	-0.00250979187581498
0.0116317587625092	0.00178393031063911	0.113290572745187	0.0310956420730237	-0.082194930672163	0.000363699967443779	2.90711828889563e-05	0.0440470119133217	0.0289500699859622	-0.0150969419273595
0.00982163815671806	0.000230602719635725	0.0639805546154289	0.000459966208006312	-0.0635205884074226	0.000287183764128727	1.40909759011181e-06	0.0186592392006456	6.26751547453732e-05	-0.0185965640459002
0.00805248794776403	0.000771367407953508	0.0433679855184116	0.00674701609528721	-0.0366209694231244	0.00020991471922096	6.73278733456296e-06	0.0123237877429433	0.00266350409780307	-0.00966028364514028
0.0112368427667921	0.000855180457693471	0.0887615366355088	0.00748140231503391	-0.0812801343204749	0.000266705946194819	1.18226389426998e-05	0.0235941827832593	0.00596962671482799	-0.0176245560684313
0.00938449174017558	0.0010562637462592	0.0627418119459471	0.0157550239071834	-0.0469867880387637	0.000267961808894544	9.85340374665444e-06	0.0194453335097876	0.0085482511592735	-0.0108970823505141
0.0114916473337155	0.000938310623166345	0.0858984122364567	0.0118028994816031	-0.0740955127548536	0.000409576785836808	9.52468839778947e-06	0.0360755391682506	0.008328823608929	-0.0277467155593216
0.00852387139109723	0.00168460435633902	0.0621153791400839	0.0312465499887776	-0.0308688291513063	0.000207166944026127	2.56021984734021e-05	0.0168600513161654	0.0255296943687242	0.00866964305255875
0.0100331914153803	0.00203587343110365	0.0704499269131689	0.0309364522390656	-0.0395134746741033	0.000264589335838921	3.27917263775214e-05	0.0189572505639068	0.023226176299845	0.00426892573593811
0.0109928596950869	0.000678991945040237	0.069580821405692	0.00406187310623257	-0.0655189482994595	0.000381146204028994	1.00288470107583e-05	0.0317419344181992	0.00370681574468263	-0.0280351186735166
