LR1_coefficients_null_raster	LR1_coefficients_lyr.1_R	LR1_R2_null_raster	LR1_R2_lyr.1_R	LR1_Q_lyr.1_R	LR2_coefficients_null_raster	LR2_coefficients_lyr.1_R	LR2_R2_null_raster	LR2_R2_lyr.1_R	LR2_Q_lyr.1_R
0.00900567904249643	1.08404903815394e-05	0.0852539411500502	0.000122157760666814	-0.0851317833893834	0.000249312213201075	3.97492915873383e-08	0.0318336213661083	0.000640147811325025	-0.0311934735547832
0.00709261107629482	-7.27813712919183e-05	0.0449666710408697	0.00449183581851058	-0.0404748352223591	0.000224017770843076	-1.30808122875717e-07	0.0165605544880432	0.00322998925121623	-0.013330565236827
0.00769847013371499	4.76659277581534e-05	0.0335535666281145	0.00156067963734968	-0.0319928869907649	0.000196993991523941	7.59592092715877e-08	0.00738478822588077	0.00110232206762998	-0.00628246615825079
0.0079298758932325	1.3769273897985e-05	0.055084576564951	0.000188366613936658	-0.0548962099510143	0.000188869855617948	5.2355215435933e-08	0.012215939462694	0.0018057747981369	-0.0104101646645571
0.0101198371814072	4.44800116158609e-05	0.06595186519419	0.00127570330482206	-0.064676161889368	0.000253950686140568	1.13402914822969e-07	0.0153472086003539	0.00222741713157941	-0.0131197914687744
0.0103815247285852	-2.45370468245721e-05	0.102746853337434	0.000646411366593794	-0.10210044197084	0.000359120810372496	-4.56688208759246e-08	0.0473112432349294	0.000976745895088194	-0.0463344973398412
0.00913742416651822	1.37878567810457e-05	0.0841101821855359	0.000263718024667213	-0.0838464641608687	0.000246866085276892	1.28235446559496e-08	0.0239262214007748	8.83349518156552e-05	-0.0238378864489592
0.00542119302342565	3.6407078609927e-05	0.0269398561823459	0.00102971372999422	-0.0259101424523517	0.00017305460116603	4.83461776043596e-09	0.0112881689540197	6.19968186886211e-06	-0.0112819692721508
0.01539722801696	-6.45641572951078e-05	0.165467990766538	0.00431757796662154	-0.161150412799917	0.000652824867390547	-7.6000585714744e-08	0.0927988747130182	0.00187401007717322	-0.0909248646358449
0.010737504343198	-1.93010211739635e-05	0.0585023553875123	0.000290208581862917	-0.0582121468056494	0.000323571059226193	-5.2604613024468e-09	0.0190144301448975	8.80555211032666e-06	-0.0190056245927872
0.00549878992216957	3.45911041654375e-05	0.0245849513592039	0.00079615206120621	-0.0237887992979977	9.87359729298432e-05	4.4555518711228e-08	0.00381890307275877	0.00032190777598971	-0.00349699529676906
0.0115261337160456	1.98976453598656e-05	0.122926690580589	0.000375431542051755	-0.122551259038537	0.000367525632975245	-3.55700750817993e-08	0.055723259915491	0.000374730079650779	-0.0553485298358402
0.0127863386901262	7.09319544753784e-05	0.0995359562127789	0.00316185909188438	-0.0963740971208946	0.000457433698441386	5.96402331304296e-08	0.0457991643310933	0.000812102218239267	-0.044987062112854
0.0100008336131982	6.09070346450382e-06	0.0844613490272275	2.94999146649207e-05	-0.0844318491125626	0.000288374849994646	-7.67510638646414e-08	0.0317780312418189	0.000944943746639386	-0.0308330874951796
0.0111541222942896	7.67935402577954e-05	0.0743417296413102	0.00378861575965143	-0.0705531138816588	0.000322477723366209	9.928715646118e-08	0.0241370622302761	0.0017373789157837	-0.0223996833144924
0.000783351558969244	-8.83987773636408e-06	0.00116282351688106	4.29163619749447e-05	-0.00111990715490612	2.18234724131565e-05	-8.77849339329238e-08	0.000695173986111855	0.00103815464317299	0.000342980657061137
0.00877267361114184	2.04689180175354e-05	0.0556724246546388	0.000451375809626172	-0.0552210488450127	0.00025601475533184	3.40309508428034e-08	0.0159534394381643	0.000884579172530573	-0.0150688602656338
0.0115574832127823	9.59551581468961e-05	0.0953785462426279	0.00721294506369164	-0.0881656011789363	0.00039216720633382	1.2161845223196e-07	0.0410470455932175	0.00336903801965164	-0.0376780075735659
0.00874457227931466	-3.3833334852727e-05	0.0616370359087082	0.00083457774227162	-0.0608024581664366	0.000220282374965409	-7.55572882337718e-08	0.0155137885765447	0.000980131278430626	-0.014533657298114
0.0138010025868565	6.70715473982512e-05	0.120164968680673	0.00291308958335943	-0.117251879097313	0.000457240538488876	1.54114270340693e-07	0.04707667355608	0.00321479912231226	-0.0438618744337678
0.00732603451696526	5.52583622236212e-05	0.0340578194716023	0.00277887754921535	-0.031278941922387	0.000175454073976617	1.52741765658119e-08	0.00651692443953273	0.000144035442538659	-0.00637288899699407
0.00923983757470773	5.72036625918695e-05	0.0731552822760087	0.00264938735876164	-0.0705058949172471	0.000233236234231444	1.32454833775144e-07	0.019593422121112	0.00365003991621068	-0.0159433822049013
0.0115298829587093	6.62005524872543e-05	0.0967952936282223	0.00351862629522723	-0.0932766673329951	0.000384205908874961	6.24310254870709e-08	0.0463471263200099	0.0011777775341544	-0.0451693487858555
0.00950378985738997	3.62348618449791e-05	0.0647233213387936	0.000843859339788873	-0.0638794619990047	0.000274852080694606	6.13309787883413e-08	0.0200303267275124	0.000606231514813888	-0.0194240952126985
0.00808775639550999	7.42042065304754e-05	0.0471747793510105	0.00392743107500806	-0.0432473482760024	0.000191334587806279	4.64772926053495e-08	0.0106573660685388	0.000384373527607705	-0.0102729925409311
0.000172055566317573	6.0715491959872e-05	6.44512320803755e-05	0.00421194735460114	0.00414749612252076	1.4544014468291e-05	1.80449395964943e-07	0.000322030739924693	0.0145180605209963	0.0141960297810716
0.0122532806180355	-1.51970834566048e-05	0.0869044944489116	0.000140771404398668	-0.0867637230445129	0.000435726434191198	-5.49455693701288e-08	0.0347461497206748	0.000389345773083059	-0.0343568039475918
0.00781442047339453	1.59533192548163e-05	0.053647509824598	0.000215642277221307	-0.0534318675473767	0.00025341847669129	3.04643790527668e-08	0.0177349223897723	0.000187341124841265	-0.017547581264931
0.0111382179985864	1.04061774538544e-05	0.0855927492099293	6.77042572278221e-05	-0.0855250449527015	0.000398066197785136	6.06412725874552e-08	0.0389847628601244	0.000462256773236776	-0.0385225060868877
0.0096871422586595	0.000154555634058535	0.0769642420850322	0.0217194163580259	-0.0552448257270063	0.000292557275413538	3.01219768187936e-07	0.0298198109218206	0.0197469663536544	-0.0100728445681661
0.00967355187011707	-1.25830052303299e-05	0.0628763232484028	0.0001125992341714	-0.0627637240142314	0.000310857428258632	3.43563961231476e-09	0.0232677252495418	2.0687849573024e-06	-0.0232656564645845
0.00907980251524384	-1.9950706396051e-05	0.0517536296777454	0.000296131539462562	-0.0514574981382829	0.000214756229448185	-6.89716022614845e-08	0.0113994995185511	0.00110342030752834	-0.0102960792110227
0.0113843060549225	3.1582252087571e-06	0.0933118304352608	6.34502471121039e-06	-0.0933054854105496	0.000424943661941255	6.29853025896253e-08	0.0477283033619184	0.000533941535125978	-0.0471943618267924
0.00978050094496967	4.59550517874812e-05	0.0695302223449934	0.00164096335200487	-0.0678892589929885	0.000239373227480533	-1.32627130440444e-09	0.017515453111449	5.20964710098216e-07	-0.0175149321467389
0.00678519885948498	7.99494887026925e-05	0.0372620822555771	0.0046868387723698	-0.0325752434832073	0.000152564892776077	1.35978676033322e-07	0.00795040119972657	0.00286821755703786	-0.00508218364268871
0.0127286359851017	0.00012397725280723	0.133783123697302	0.0111134867574721	-0.12266963693983	0.000502926505743407	3.53680087776362e-07	0.0697977744779401	0.0178225326251042	-0.0519752418528359
0.0112602270594974	3.97117172217174e-05	0.086547636544227	0.00121357940395366	-0.0853340571402733	0.00037216666430003	1.0309694470513e-07	0.0333561130844231	0.00234200800230545	-0.0310141050821176
0.00856683643327433	0.000143185699748401	0.0538787002476506	0.0134601852369714	-0.0404185150106792	0.000245326010949206	1.97858300575723e-07	0.0189437792232228	0.0071850346162569	-0.0117587446069659
0.0136006381239392	-0.000104228108252508	0.10018124424252	0.00834922706754365	-0.0918320171749759	0.00042308037735539	-1.58884135533181e-07	0.0369190169278085	0.00656491454447847	-0.03035410238333
0.0122864417672659	-2.45431642709037e-05	0.094712685802353	0.00047312246802215	-0.0942395633343308	0.000500757267812108	-7.78273288374326e-08	0.0506886843828041	0.00131851100669228	-0.0493701733761119
0.010898687134436	0.00010418433465912	0.0995825312907245	0.0109305121609713	-0.0886520191297532	0.000348666586329737	2.29570131562772e-07	0.0463574759402492	0.0178630543610731	-0.0284944215791761
-0.000533065071626186	-1.20552802881112e-05	0.000477026870193344	0.000128125162256408	-0.000348901707936937	-3.15358285608135e-05	-3.94346155860171e-08	0.00119088848766585	0.000510973350189393	-0.000679915137476461
0.00946293148923709	5.02641448504902e-05	0.0633454303610236	0.00150462727701805	-0.0618408030840055	0.000340765876440199	7.43280859600215e-10	0.0295064694750335	6.95000044796391e-08	-0.029506399975029
0.0100492005824731	0.000107202014772572	0.0681280239122392	0.00905564167776878	-0.0590723822344704	0.000386023889704748	1.49435220543977e-07	0.0339833893386279	0.00635721126665422	-0.0276261780719736
-0.00197102728477867	2.65650277668631e-05	0.00822042065503412	0.000706313104070385	-0.00751410755096373	-8.51260250892255e-05	5.1857659363773e-08	0.0112103974736272	0.0011607550613164	-0.0100496424123108
0.0135670651978163	8.23317123294885e-06	0.117961124199371	7.03469398382967e-05	-0.117890777259533	0.000486468128671655	4.42008340597939e-08	0.0491684230916519	0.00082292197747907	-0.0483455011141729
0.0112430934604722	2.97453259902865e-05	0.0872885800098165	0.000742169219319458	-0.086546410790497	0.000302239388248344	4.67715417011178e-09	0.0270583639543293	6.64563609037178e-06	-0.0270517183182389
-0.00216576252817825	1.28181504362598e-05	0.00817952313914375	0.000166721700647468	-0.00801280143849629	-8.80239484732593e-05	3.99863064173626e-09	0.00927595582557812	5.53806824810588e-06	-0.00927041775733001
0.00775422200172493	-1.99313709332853e-05	0.0543487694729445	0.000347101926464802	-0.0540016675464797	0.000193444000632052	2.43487217390712e-09	0.0146810390823555	1.57806716797128e-06	-0.0146794610151875
0.0116219757620537	3.69362343187012e-05	0.0844004294624659	0.000861743775759291	-0.0835386856867066	0.000323274684712628	1.28254217650428e-08	0.0240845405256576	2.78883641289586e-05	-0.0240566521615287
0.0084593401870678	4.62183097087843e-05	0.0460409353771091	0.000894978012444404	-0.0451459573646647	0.000208135311045554	2.26860465192841e-07	0.0114565359884936	0.00332797576580037	-0.00812856022269327
-4.35861404800432e-05	-0.000115910385880828	4.26166840343076e-06	0.00942207045068313	0.0094178087822797	1.47725903942945e-05	-1.76048965620153e-07	0.000336293469163889	0.00465398460768789	0.004317691138524
0.00982171171265964	5.08978256598899e-05	0.07880811650395	0.00176147286336062	-0.0770466436405893	0.000261062790642795	2.41330311763221e-08	0.0241705229799365	8.16833107079789e-05	-0.0240888396692285
-0.00163364391984651	5.51014606061684e-05	0.00490303054087387	0.00257493747403179	-0.00232809306684208	-4.56264716292817e-05	1.20108897620154e-07	0.00301483572468682	0.00402600383688086	0.00101116811219404
0.0117048524787198	3.93278862435678e-05	0.09540810379438	0.00132724365812045	-0.0940808601362596	0.000373174415687887	2.60397757743598e-09	0.0356751825341114	1.97172543584259e-06	-0.0356732108086756
0.00689569550109653	5.72282973178359e-05	0.0488588018341763	0.00256973078306878	-0.0462890710511075	0.000191880076784807	1.01500269893917e-07	0.0165584357286513	0.00176410989759028	-0.014794325831061
-0.000673382319759763	-2.19142208653305e-06	0.000944978741994723	4.70422855419397e-06	-0.000940274513440529	-2.91315011061923e-05	-2.98999695655685e-09	0.0013804974413025	3.11389084969065e-06	-0.00137738355045281
0.00852478298317885	7.36598364123115e-05	0.0587776932428248	0.00615234790558634	-0.0526253453372384	0.000213048441929108	5.58403849157478e-08	0.0168122602124338	0.00168058295874947	-0.0151316772536843
0.0102723898713271	0.000133171994873178	0.0867860237934003	0.0170374828288389	-0.0697485409645613	0.000326765645925349	2.30127187194359e-07	0.034655377016708	0.0137229147011564	-0.0209324623155515
0.0075958867873294	3.90418126344209e-05	0.0368960110609676	0.00174751029644223	-0.0351485007645254	0.000167150317034703	2.43369027970279e-08	0.00757998803163474	0.000317345652502036	-0.00726264237913271
0.00757641189795046	6.51486617075863e-05	0.0576792046257643	0.00373921765802989	-0.0539399869677344	0.000197152529062449	4.93871759201329e-08	0.0169444898447681	0.000650176847549947	-0.0162943129972182
0.0120022102160223	1.22814605196649e-05	0.13647168159863	0.000125586633607956	-0.136346094965022	0.000431928691262112	2.74961835307361e-08	0.068651891756655	0.000162582238188741	-0.0684893095184663
0.00860093165090527	-5.38244583432854e-05	0.0550784429202031	0.00250064998877166	-0.0525777929314314	0.000227958815712676	-1.07195297671092e-07	0.0139319492248791	0.00353278961609137	-0.0103991596087877
0.0107931362920628	3.60942275631689e-05	0.0775319511985372	0.000805569771057169	-0.07672638142748	0.000402435646075989	4.23800864984684e-08	0.0386282855468616	0.000301276653142201	-0.0383270088937194
0.00866971465400798	-4.07487944029607e-05	0.0654148682882418	0.00150202719918847	-0.0639128410890533	0.000247706955476418	-1.1437900917958e-07	0.0222113172713078	0.00367059281833647	-0.0185407244529713
0.0113523767380482	2.38026536604625e-05	0.104590163212359	0.00059376242491832	-0.103996400787441	0.000381898623327539	2.52697241854959e-08	0.0440358515269514	0.00025225898386251	-0.0437835925430889
0.0133067999295546	-1.87657351408512e-05	0.104153225279824	0.000169802949231954	-0.103983422330592	0.0003699176493341	-5.7266851458139e-08	0.0295193985109679	0.000292462436781498	-0.0292269360741864
0.0127603575871535	3.5118016485892e-05	0.101462128572555	0.00101376747343273	-0.100448361099122	0.000419037646606194	2.32852584251744e-08	0.034451176777464	0.000125222861789797	-0.0343259539156743
0.00907263960735413	5.93051638111459e-07	0.0667887849248546	2.52499356629161e-07	-0.066788532425498	0.000242134026821809	4.5338410078455e-08	0.0200018973633534	0.000272730752352167	-0.0197291666110012
-0.000269567094868039	-2.06030289271184e-05	0.000140622027643172	0.000261967749327817	0.000121345721684645	-1.20324141059015e-05	-4.95118626577461e-08	0.000189488937714282	0.000386513102886757	0.000197024165172475
0.00767730044764493	-2.82177156944005e-05	0.040817999113225	0.000582339193821356	-0.0402356599194037	0.000229782367820772	-3.18119264709472e-08	0.0139348017466904	0.000258415002720281	-0.0136763867439701
0.00838864604696551	-1.59238309281649e-05	0.0516980795088798	0.000192841482382847	-0.0515052380264969	0.000225339455947249	-1.48901807379992e-08	0.0155519768294338	5.54325263982694e-05	-0.0154965443030356
0.00783661968240131	-1.9519823923565e-06	0.0370335234354283	3.13540444928862e-06	-0.037030388030979	0.000210294893049397	-7.13262546710587e-08	0.00967467377441859	0.00129782574021777	-0.00837684803420082
0.00944607659284269	-1.89031788513853e-05	0.0717656466312162	0.000357364265617966	-0.0714082823655982	0.000306570545318374	-2.23794782599172e-08	0.027957903821436	0.000167215975304982	-0.027790687846131
0.000275915141015641	-6.3638306679979e-05	0.00014944288882786	0.00387904033864215	0.00372959744981429	1.94855155508221e-05	-9.35893428464825e-08	0.000480683688712799	0.00392294401952423	0.00344226033081143
-0.00110284783910649	-6.8706333986068e-06	0.00242190246631206	3.77271199071492e-05	-0.00238417534640491	-4.68115002795294e-05	5.08828131776272e-09	0.00362439181281339	7.50430733894838e-06	-0.00361688750547444
0.00787494470623397	0.000185477863586068	0.048649645096	0.0223275206193162	-0.0263221244766838	0.000198835594392912	2.52928870932625e-07	0.0138711841526055	0.00984089988444229	-0.00403028426816323
0.00789561545858381	2.38180212184389e-05	0.047554420037801	0.00042388486316073	-0.0471305351746403	0.00019757824396066	4.26418022071747e-08	0.013858046128644	0.000344317990545531	-0.0135137281380985
0.00948077202484212	6.24488496062517e-05	0.0809392500419913	0.00366349192646833	-0.077275758115523	0.0002913782064242	9.96745237916835e-10	0.0281527678605169	2.19059139743639e-07	-0.0281525488013771
0.0119169330673675	0.000133609176392464	0.0968359410132294	0.0153802055056537	-0.0814557355075758	0.00040334920682633	1.23582415729821e-07	0.0452267266285882	0.00578963209266158	-0.0394370945359266
-0.000670543463407817	5.01383900012023e-05	0.000851069012499212	0.00137880334309634	0.000527734330597123	-2.83023951241113e-05	1.75873483760951e-07	0.001170506241828	0.00355462007828237	0.00238411383645437
0.00947557337378871	8.02172689471619e-05	0.0655800291014712	0.00635447068439195	-0.0592255584170793	0.000350140039873847	6.52627685696724e-08	0.0322432213184287	0.00154895782138585	-0.0306942634970428
0.00887105978544786	0.000177211778660005	0.0545612294157027	0.0207081141996695	-0.0338531152160332	0.000220059065623207	3.32433711780982e-07	0.013946289157774	0.0172818336294206	0.00333554447164662
0.0104274113438242	-1.10722102808965e-05	0.0824163977214882	0.000129944996364411	-0.0822864527251238	0.000460494844534171	-3.21873446161535e-08	0.0477996908307128	0.000354088086923058	-0.0474456027437897
0.0113550339325026	0.00011291530321797	0.0938508939943223	0.0101561294327459	-0.0836947645615764	0.000285822952832016	2.42583508150601e-07	0.0258159460857301	0.0173122542547899	-0.00850369183094021
0.00985738255363142	5.93575195400101e-05	0.0624629207592111	0.00281431092042014	-0.059648609838791	0.000319593395048435	5.08498258589469e-08	0.0227094675905818	0.000589356865086483	-0.0221201107254953
0.00917491076731584	0.0001395345967204	0.0714337803035283	0.0127067730757128	-0.0587270072278155	0.000228113348807528	2.19275642280971e-07	0.0210195214048143	0.00790829799826126	-0.013111223406553
0.0130564026522438	6.46623754368479e-05	0.0991291205952532	0.00279775288416925	-0.0963313677110839	0.000411551070243599	9.23728228985218e-08	0.0378056490262227	0.00139223900387936	-0.0364134100223433
0.0113679207736846	-5.8168785969101e-05	0.0894703367544258	0.00281611562250541	-0.0866542211319204	0.000336778921292107	-1.06080702562022e-07	0.0317229337854727	0.00421437389211083	-0.0275085598933619
0.0104960980298535	1.84416999606497e-05	0.0686941210442194	0.000271991416815911	-0.0684221296274035	0.000325844890916193	3.63577427293849e-08	0.0249756630064417	0.000360633233003674	-0.024615029773438
0.00831256954141458	3.98325699749601e-05	0.060390740826626	0.00110921565086069	-0.0592815251757653	0.000177977712128219	1.11543725336412e-07	0.0134729853467173	0.00221317976536589	-0.0112598055813514
0.0116317587625092	5.53675603973442e-05	0.113290572745187	0.00219222807201606	-0.111098344673171	0.000363699967443779	1.43892187671658e-07	0.0440470119133217	0.00328250211120942	-0.0407645098021123
0.00982163815671806	-8.78188607699441e-05	0.0639805546154289	0.00510084138806216	-0.0588797132273667	0.000287183764128727	-1.56353285597321e-07	0.0186592392006456	0.00432620561582472	-0.0143330335848208
0.00805248794776403	2.56656787399745e-05	0.0433679855184116	0.000545487994494475	-0.0428224975239171	0.00020991471922096	3.59945282334683e-09	0.0123237877429433	3.70451981888431e-06	-0.0123200832231245
0.0112368427667921	-3.65936278669484e-05	0.0887615366355088	0.000913842437166734	-0.0878476941983421	0.000266705946194819	-9.25903826067138e-08	0.0235941827832593	0.00133859188679012	-0.0222555908964692
0.00938449174017558	5.68332788500591e-05	0.0627418119459471	0.00349151374094667	-0.0592502982050004	0.000267961808894544	7.39477096437037e-08	0.0194453335097876	0.00265976467112861	-0.016785568838659
0.0114916473337155	1.89826121650061e-05	0.0858984122364567	0.00037392175016495	-0.0855244904862918	0.000409576785836808	1.78548435263725e-08	0.0360755391682506	0.000161303361639941	-0.0359142358066107
0.00852387139109723	0.000105063179176081	0.0621153791400839	0.008502312082966	-0.0536130670571179	0.000207166944026127	2.24478294731937e-07	0.0168600513161654	0.00836991964173483	-0.00849013167443058
0.0100331914153803	0.000119926801300675	0.0704499269131689	0.0070269803239873	-0.0634229465891816	0.000264589335838921	2.30448575173937e-07	0.0189572505639068	0.00428229205016742	-0.0146749585137394
0.0109928596950869	-2.92930988089363e-05	0.069580821405692	0.000562532251136386	-0.0690182891545557	0.000381146204028994	-3.05811948290748e-08	0.0317419344181992	0.000166188353675293	-0.0315757460645239
