mean_branch_dispersal_velocity	weighted_branch_dispersal_velocity	branch_dispersal_velocity_variation_among_branches	original_diffusion_coefficient	weighted_diffusion_coefficient	diffusion_coefficient_variation_among_branches	isolation_by_distance_signal_rS	isolation_by_distance_signal_rP1	isolation_by_distance_signal_rP2
9.64426606593958	5.60052998061656	2.06784563228743	30.6360220442219	96.1632769325499	6.38237566574515	0.456892359216681	0.553640847153387	0.620863717266263
10.5569532552929	5.52154522177406	2.49366188247855	40.3652295957835	91.8617475306851	7.64478623990866	0.47833355442932	0.562166596837932	0.629887813426373
7.63067244816414	5.49192163996421	1.84759999992417	36.3047752974931	96.2949955641314	8.22263127816204	0.4767990515451	0.557261573190706	0.625799106475042
8.19497597630994	5.49711734031924	2.20958745077692	34.332003828068	94.5094801595072	6.80909058671025	0.482952607064405	0.526434597070207	0.61144977954463
8.5167200038697	5.60930871629651	1.97627478498043	25.5702162661494	88.4682026115426	5.93913740743826	0.485156444583569	0.588080484731782	0.643169157146784
8.61916463697237	5.41849649238438	2.0393821717691	43.1508751740054	93.4266149678607	9.204521808428	0.482413318642148	0.592091310163313	0.64467279671225
9.26234378999981	5.69028874328243	1.85673493708316	45.4768533523578	97.9988459649941	8.84950874444458	0.460709793711381	0.548449550826353	0.619283358857831
9.26232433021694	5.23843997351762	2.0067636974142	27.4456863045814	89.4401207659297	5.72659547249211	0.489136201081404	0.614115338044675	0.634101511831072
9.90962812338554	6.4273403137883	1.93966576320214	32.8539198648101	105.804651777407	7.4964503661639	0.453170612722862	0.485463263555844	0.530059317176938
11.1262669246774	6.28171952064363	2.81799331918635	40.1258718751461	107.184269369574	8.60051433295209	0.46795307101535	0.508475229533628	0.540920246170031
9.93708017217722	6.21523798685649	2.12876184662502	48.1529463399791	104.403591653129	8.20037321170276	0.438874922033024	0.553565908066146	0.520115184818206
8.29062654125202	6.32355523785986	1.74760190511747	31.0186529039653	106.104958351678	6.36480134498145	0.474712153012947	0.461557920557262	0.529312677472845
7.75247407764953	5.94477663793847	1.75458894742452	27.6943563730298	99.9486491258085	6.78347024665747	0.457046242774345	0.496079471300169	0.505654623933827
11.4727924642296	6.41846976933398	3.59855629561899	50.5747311772768	103.445119357659	9.65502606137429	0.450497770890156	0.460138628505707	0.505630896632567
10.7212283233458	6.76567357087753	2.15619330456982	37.1541075481269	115.614156576006	6.97191779624827	0.480925779084006	0.545974468587466	0.579925437775725
9.50652855570259	6.21561614365745	1.88259168892735	40.8385387248353	104.386297552401	7.07697461995557	0.454873530249104	0.460555463587588	0.516474410208748
10.0689281370938	5.1641669487536	3.42265870053702	45.7347196738883	89.4187762721565	9.26603228992212	0.470264981785205	0.578027796682414	0.596089984312599
7.74165506124702	5.31959649343731	2.19496187186665	52.3719457911551	87.0893610042553	11.2365762758613	0.459325428814965	0.562110678603786	0.582150883254177
9.03000630945793	6.27893520567485	2.08685425958216	40.7908225857813	108.968996158451	7.74053991752603	0.432655779765466	0.38859062345744	0.480835777762517
9.60687552094592	6.36436397266124	1.77434467772846	32.9585643033429	109.382171776714	6.6774494009708	0.458582188735236	0.56295855072275	0.541321974262217
7.61194847996893	5.62690792614413	1.52880142921775	27.9842109752485	93.5094187804192	8.4943394540071	0.475751592098352	0.571656340532128	0.587834921754851
8.18816317740071	5.635101767817	1.83186731643915	37.2326341686374	92.4396492197152	7.75606912089646	0.475350102047505	0.622261765997449	0.627821425819145
9.30736932173947	6.15276816342461	1.88690490822802	34.9335685752234	104.345790849759	7.0401659666219	0.472177985846887	0.551777486629575	0.598404355898893
9.64966416278878	6.13995841111323	2.02848728289748	31.3254036378259	103.586445080951	6.38345133779627	0.459310548693629	0.54047360173542	0.527200980463409
10.1365245441023	6.52075383586271	2.31739432112792	43.7408966213495	112.114903219057	8.84214020593199	0.446672465239476	0.411065424242629	0.509345785451611
9.16822858254721	7.17498768558018	1.59152496837781	33.2860753143416	119.919793947208	7.11183823248334	0.423513895875051	0.396652283657299	0.459846866137897
8.55747519989172	6.44877790098156	1.76849265172517	42.7120999333113	107.792760925901	9.07668862688215	0.466731884201954	0.417426366963156	0.531873664740979
14.3375341475682	6.34800357560529	5.06453550498548	42.1493024948667	110.194839321108	6.37491665871667	0.461239308977364	0.520236983206137	0.535602689703907
10.4722607490354	6.483005642892	2.42142785298628	40.0959378559826	107.632324248736	7.80309939901414	0.465455563732346	0.495944283162702	0.573735690223907
9.37598263887983	5.36226852224064	2.31273699519282	36.8423034632057	88.8132710019048	7.73620675069302	0.495814629851632	0.615317044239974	0.633192243833828
11.1207513442746	6.24301478550098	2.4296621417077	43.0592695178775	104.420560011286	7.74704142905841	0.464384570850456	0.523581904315717	0.546917098865678
8.06696687064261	5.77630101956836	1.7960298166038	30.6651561215269	96.4372116770987	6.74874718979884	0.486483948877828	0.517260030350973	0.558778507274255
7.59244399400402	5.56110633525812	1.72297436073777	28.8041191001687	93.6879020194801	6.43914677336809	0.45773665389792	0.583921097214763	0.52584146918047
9.31347660139974	6.32224285077135	1.9389101820047	49.1281496356415	108.009841823575	9.36514231587501	0.436628678909987	0.435159243846284	0.523321681965369
9.22150754893891	6.53406216789212	1.83921282227203	39.6667726648644	105.930552913726	7.49150968481216	0.473671724919696	0.48432116625815	0.568264559959539
10.780778598298	6.31858693694658	2.05503843200987	46.5567227771901	106.978991330731	7.6795563336711	0.462302406846217	0.508149328399281	0.547154359173434
8.36250920143915	6.1162503595294	1.87520886464387	27.2472930238795	104.930319455417	6.63963523444274	0.458915186765175	0.524430092723069	0.525756068155266
9.66119276273812	6.01933625899605	2.14234271235271	28.6130684557762	97.5473601617464	5.45755858091969	0.468021906005063	0.631618902033372	0.554150636135238
12.4602922476465	6.8249984642221	3.34792156746813	36.2968590566211	114.72120428546	5.80912212714501	0.450234512704613	0.543983065010774	0.535849823756726
9.04146940151496	6.31028166033838	1.6703027829824	35.644198182618	100.504811272924	7.73383891134113	0.431383200398128	0.4494928577319	0.495849647317229
9.26748914220389	6.19373848505091	1.65111351459801	25.8154686228531	104.279779848562	5.44025826380133	0.470243648771128	0.570879704994047	0.580722060473374
9.84430916784669	5.97650390701291	1.91910605300072	38.7127414975816	102.054997303602	7.77214754587647	0.453180871777625	0.482955685593931	0.532572041646282
10.1283884012254	6.47027958719416	2.50874954087264	59.2940770205978	105.230449154966	11.0065963029657	0.464476374369676	0.498022424702939	0.553149061028534
8.08302312403569	6.26859681907376	1.60147654230875	29.958385142122	105.853862624183	7.41554482036785	0.461396958899306	0.527720534624545	0.555930628084262
9.81476314170818	6.32220053882051	2.12449265841461	27.8894888538594	107.028365522824	5.95264455476544	0.487054059519078	0.539957639673151	0.575821145136658
9.06677356766784	6.45743900821762	1.9882093221649	51.2181936657782	108.538864766083	10.3458471990607	0.379273480818611	0.27124689534331	0.399350022595691
9.88838591842913	6.4135849513035	2.23861730950166	32.7241978548392	107.353669100491	7.75223814736558	0.438764870671422	0.42539123519418	0.474927900747174
8.91975680424891	6.28684730187482	1.69113993637219	31.7954015866895	102.238898890302	6.45900373846001	0.500074149806791	0.556616651087751	0.585856823405281
7.84648321605242	5.15608030316098	1.76229474510915	32.1422159458149	88.9634771708626	7.29750832298153	0.452969799826068	0.591856782153941	0.549165377490198
8.4246642155801	6.00549748290523	1.78115752457275	25.9751226120118	98.6254112682826	6.33341212540144	0.48045789715564	0.569093899737065	0.617094958946486
8.47294072077886	5.91397501512427	1.60635440981543	29.5401454296217	97.1160191284673	6.50298693071713	0.452999186707552	0.586527447547848	0.533422944598468
8.44689842694971	5.73311373435588	2.15854186796415	37.1367348387455	99.3897570595142	7.03904358284993	0.428610394997322	0.540520512818108	0.503570431779857
11.5186742376913	6.66947957870445	2.35784197487158	36.237587484137	110.213896115375	7.29691695912312	0.467679778368207	0.563016174988025	0.57100528632588
12.7914841604863	6.59983968877911	3.62852503638402	49.4830630309699	107.299179232999	8.46757955018457	0.476549297367705	0.442385634472341	0.533407368838271
9.8576495335543	5.75998036633231	1.956202686369	30.805732696851	89.592651750272	6.19690697892724	0.496162144341262	0.614263848525548	0.633042351586225
9.57201199541747	6.25310786488154	2.00477125289178	47.4538628856662	104.779246578533	8.00758412965781	0.457022948077808	0.486997855845099	0.535933105917697
14.3656031963028	5.82126383012178	4.46479238062815	30.0644412643359	99.8729720200585	6.26309476023509	0.47272217037927	0.540550096043605	0.59501555479859
8.08284519127251	5.56333745474232	1.90811284710579	40.9731473730967	98.5771287917407	9.37892980122772	0.484636834522405	0.494700513426968	0.550148996756521
9.05610068669181	6.14857346142321	2.03466122531407	29.3822869809418	101.553096369586	6.47223269563806	0.458336717337487	0.449192333380274	0.502230052054654
8.86510239908802	5.99491065748044	2.11850142704842	29.8134700645064	99.5979436563679	6.08295580739588	0.48036338931046	0.56167194532212	0.60180152166665
10.2070383440924	5.41467781848642	2.24397276169478	37.9125719069076	89.9656932111426	6.95331145230495	0.482667345420152	0.606152623930543	0.642055057197851
9.25001405001101	6.5024291018915	1.67054346065538	28.1506738833909	105.448572914157	6.18177614527204	0.484414566965395	0.581419842672395	0.60338306830303
9.21519611857036	6.19816859269293	2.11471630184537	30.1561276993926	95.0927677062926	5.75483244052147	0.425997586014293	0.582181961198318	0.509845316939049
9.1726477851149	5.97315593929664	2.21800273541843	41.796811699225	102.720658896228	9.4108727194819	0.473679164287099	0.546870835676872	0.573716472351462
8.66163302034259	5.60029418587837	1.98764272076947	32.4218056909176	93.974265145807	6.93402056251708	0.483661562615046	0.679810869386033	0.629756684137946
9.00424320317719	6.09407169112839	1.93115490984621	28.7748410066113	100.54140577076	6.6731431077517	0.496018699092406	0.593351822438372	0.614738569131011
8.90423449915825	6.59360486425456	1.63310554550752	34.8770783063897	110.768152553286	6.92422734206956	0.460037586951569	0.451518734200766	0.513904506277772
8.68428888063866	5.24453759083581	2.56918973493657	41.9634010973297	89.1968642858805	8.7513166400968	0.482316049182051	0.599024067719433	0.584206010056378
7.97479887654238	5.71878678615794	2.12944816575215	34.133702217989	97.5800672282481	7.6512698216359	0.469942355713064	0.536635346888703	0.596653491742599
10.4978117466132	6.48246901762632	2.46709004130046	72.9674051322067	108.025779997132	12.7623864408704	0.436338234758378	0.359192819795556	0.495628230213567
9.83508431441384	6.25269544886448	2.10107156850693	45.1949486955156	105.889376168432	8.2365167389063	0.454969572850819	0.467778173667831	0.516168066975202
8.33614054292744	6.33874983559346	2.13081757682212	36.6445269411827	109.911980438373	8.06089177237661	0.391010315118508	0.354402466877283	0.433185640855758
10.6764294967261	6.85741278837263	2.18135031635042	35.2048030130026	116.077492904279	6.69974357816657	0.456813922338527	0.470506023070934	0.541896947006428
10.1358992830377	6.29737486818244	2.21547461074001	39.5679141458302	102.433590668327	7.69503470120045	0.430627060595455	0.410332392974516	0.474201659140636
9.32020231359663	5.99172288975366	1.9393681849125	46.0195063699614	103.613727074874	9.56071404455432	0.468250100974933	0.561398791162964	0.588439913593579
8.44697413894481	6.98148455443527	1.56443368446341	35.471891076939	117.30144771522	7.87725498262093	0.396353505189141	0.315989656181622	0.433948614422987
8.35724378340044	6.23660823492758	1.63197308219791	37.5198276399959	100.771775008651	8.3374660623995	0.471549903524017	0.516776579570669	0.556319488078754
7.77661825176581	5.51629494747069	1.90872481976648	29.1489271484615	95.8677838294469	6.98916994480487	0.498754942151042	0.676926788532454	0.614868452521278
10.5804519453004	5.93859386715797	2.62067190280209	34.8909011257297	103.045004501683	6.09795815636153	0.470065142717324	0.547689469639631	0.589683666694754
8.09406843465501	5.61112871126558	1.79256705309175	33.9832074421673	94.5937117454693	7.11519216323473	0.498016292614756	0.533433675955479	0.571621322585503
8.89980435615608	5.14156741449766	1.8584567431694	25.6767832738676	77.1608005911132	6.09905256554169	0.483199327433888	0.728231858041575	0.675828523497724
9.60294240063127	6.70860901076451	1.68339791626566	39.6432186860582	108.885881885673	7.55090956477865	0.425563937723954	0.343718378148869	0.448133579002728
9.70505102883432	6.56140843006148	1.72168064550769	40.1301052968537	112.597380307557	8.20337598002742	0.440879006800937	0.459328530036614	0.509827399878544
7.98508187049256	5.97920146520589	1.81870244962881	31.2578955267891	100.006397532412	6.84583115128239	0.464862914072218	0.581887956984218	0.551325376039964
7.65592329985697	5.75220223064429	2.14825268081538	47.4324356093301	99.2469808322052	8.99735659697588	0.436283073797178	0.457603421194817	0.522189401052184
9.64760444744736	5.78357570348571	2.29033042934124	44.3213667443933	99.2677304755892	7.58748622196963	0.471508842671692	0.574218068279514	0.619622434634059
9.43163011838096	6.41556022063727	2.23271535008583	64.1162819142315	112.540034837998	10.4443740688867	0.446475782814786	0.504388651038601	0.528923708619298
8.90144197393345	5.60863729279678	2.38384684213599	34.4726627841128	93.9684169657448	7.53405009575838	0.461793408526097	0.560680642041452	0.575395388061007
11.0551215111742	6.23718789588721	3.31677219930974	42.3262525779857	106.208666224225	7.59396421332626	0.433987436503792	0.400611340797499	0.462965187722913
7.41885949451678	5.53801122208337	2.27150394370445	32.4210517115221	96.7627172563192	7.2747571022826	0.492658574790525	0.561824231879606	0.581802340139948
10.0408403732158	6.37867924736316	2.51372907227831	31.5825306394384	108.172960151951	7.52854581109704	0.473383239244751	0.559896860300049	0.560573235510257
7.61996765459169	5.91021164256415	1.60162856989219	26.7786322509713	101.143971557221	6.1335266490111	0.471973375947152	0.548799312265883	0.568931989858865
7.84318686686503	5.56473093536471	2.37733521569061	26.192529158526	98.32758554715	6.31004425979844	0.479014638204665	0.622922930767971	0.573892220925873
8.02477156868707	5.92299699752789	1.72400053729498	25.2149086853378	105.025779759017	6.21154417548723	0.460474217284089	0.633565439055815	0.565158927037085
9.89094082098785	6.14418650411437	2.10566696322494	33.0014274290285	107.282042866163	6.5674572698409	0.433853821560404	0.477935131565869	0.493469705036336
8.77534261070054	6.11619140414795	1.688885960196	30.0527553353275	103.642748131711	7.02748155779647	0.474842359801784	0.574995664451531	0.609464443416801
10.8815689013744	6.14058192968158	2.49977524998398	52.2176018107964	102.667840930197	9.88030283457949	0.447560022481052	0.519858342244642	0.557331012610975
9.76652394202344	6.43869765213644	1.8664277507165	38.0595717643533	107.807461733999	7.96735204319878	0.414723272092354	0.3837442840693	0.459535811066602
13.4675077706738	6.89687020108213	3.4358648311572	42.8363426210453	117.482110004637	7.25856862700547	0.443151158181472	0.413295262041766	0.494846743224915
7.54033982384833	5.70231825461302	1.56826500065529	24.3810819679257	96.200765069333	6.81743091116947	0.440983495897515	0.538096349985168	0.509128140350345
