time	tree_1	tree_2	tree_3	tree_4	tree_5	tree_6	tree_7	tree_8	tree_9	tree_10	tree_11	tree_12	tree_13	tree_14	tree_15	tree_16	tree_17	tree_18	tree_19	tree_20	tree_21	tree_22	tree_23	tree_24	tree_25	tree_26	tree_27	tree_28	tree_29	tree_30	tree_31	tree_32	tree_33	tree_34	tree_35	tree_36	tree_37	tree_38	tree_39	tree_40	tree_41	tree_42	tree_43	tree_44	tree_45	tree_46	tree_47	tree_48	tree_49	tree_50	tree_51	tree_52	tree_53	tree_54	tree_55	tree_56	tree_57	tree_58	tree_59	tree_60	tree_61	tree_62	tree_63	tree_64	tree_65	tree_66	tree_67	tree_68	tree_69	tree_70	tree_71	tree_72	tree_73	tree_74	tree_75	tree_76	tree_77	tree_78	tree_79	tree_80	tree_81	tree_82	tree_83	tree_84	tree_85	tree_86	tree_87	tree_88	tree_89	tree_90	tree_91	tree_92	tree_93	tree_94	tree_95	tree_96	tree_97	tree_98	tree_99	tree_100
2011.80464594572	NA	NA	NA	NA	NA	2.85099863296791	NA	NA	NA	NA	0.0118064837939593	NA	NA	NA	NA	NA	NA	NA	NA	NA	NA	NA	0.857002270508622	NA	NA	NA	NA	NA	NA	NA	NA	NA	NA	NA	NA	NA	NA	NA	NA	NA	NA	NA	NA	NA	NA	NA	NA	NA	NA	NA	NA	NA	NA	NA	NA	0.135881057831911	NA	NA	NA	NA	NA	NA	NA	NA	0.110117352830622	0.136076954289782	0.43394110359937	NA	NA	NA	NA	NA	NA	NA	NA	NA	NA	NA	NA	NA	NA	NA	NA	NA	NA	NA	NA	NA	NA	NA	NA	NA	NA	NA	NA	NA	NA	NA	NA	NA
2012.49056153825	NA	NA	NA	NA	NA	9.4890607010659	NA	NA	2.15109414113763	NA	0.458254157578491	NA	5.66625454353504	NA	NA	NA	NA	NA	7.73173002454881	NA	NA	NA	0.90511199273559	NA	NA	NA	NA	NA	NA	NA	0.419318475589504	0.145295039954321	0.475567752499647	NA	NA	1.37366164863605	NA	NA	0.758483151811636	0.661096196046222	NA	NA	NA	0.104455427171421	NA	5.99321190948576	NA	NA	NA	3.94578243858245	NA	3.78058256283321	6.31924799144727	NA	NA	0.515943521825541	NA	NA	NA	NA	6.77810248354945	NA	NA	NA	0.37223686967479	6.34301751980272	4.50692476721582	0.706277424558921	NA	NA	NA	3.63381780921594	0.852741987283554	NA	3.8776401867945	NA	NA	NA	NA	NA	0.806326738386481	1.35403368921735	NA	2.592697900498	NA	NA	NA	NA	0.102225622643304	NA	NA	NA	3.08343944603044	0.120635971467498	NA	NA	NA	NA	NA	21.7344908298721
2013.17647713078	0.236126876689167	0.363191079468498	4.09426181966369	3.35461567970343	NA	3.4100169454829	3.72315472779757	1.35992362452094	0.207829741136558	3.78300164643946	NA	NA	6.57731560199395	2.79475617409956	4.93339505533518	1.04862620941366	5.26599053774747	4.50035455368883	2.68312386501683	4.13585416944855	1.71885323333084	NA	0.843836380660461	NA	8.71734877452054	NA	0.0826452546297989	5.08799347633762	5.73207836969259	NA	4.31566959873206	7.41529738599977	6.45502910006692	21.8869072987659	2.92569258383001	8.1258951696672	NA	2.61194272925353	1.57733971024984	4.2314595900524	4.75366109289316	NA	NA	3.88444381027348	0.245091983573587	19.1508566848753	5.54301223744579	0.630647666935188	3.87978184798289	3.09457212990622	0.47258917630811	4.50346895952624	7.95027129646192	8.33241754715154	NA	0.85758950092568	2.5375475233049	NA	0.487172797149455	NA	1.00390682289783	4.02309082643909	0.252858011823294	6.25864507626643	0.343914554415781	3.37354629103197	2.56071249481269	6.70186802586814	NA	NA	0.798093104045945	6.58436036123708	5.39350235780319	3.27490123086923	4.85537599835207	1.91455852683283	NA	NA	NA	4.73638833132466	4.90054374113439	1.62372146045051	6.64790889855511	0.0209468754796933	3.34429583724138	0.512021322137933	NA	7.01043810609121	4.37951358944113	5.88574820029885	16.6271709845265	NA	2.72452376873912	0.962175207554265	NA	7.75202814214584	NA	5.50592721367499	NA	5.16504263797969
2013.8623927233	13.7384651815027	1.09205746566809	2.49150215857658	4.36705196557284	5.40319937604622	1.38003874798551	2.10059553622762	1.31586924310173	0.706845413490725	1.55569834816089	0.213588589509083	0.933105751206402	1.16553122507796	3.04848395134974	4.83705493249418	3.2212739439956	5.77131291987458	15.0303272152718	0.339632773556108	4.20169010853051	1.59953891370826	26.1985734819293	1.93826404231311	7.73378314774537	1.37083505940681	10.2510941707311	9.72724883910754	5.72973415351697	3.13070025526438	8.84899342919669	1.85578464497654	6.99469770514992	7.24872835902222	3.50504663487773	1.86364294551459	1.30420634972303	19.2153371374571	0.274095438871791	0.811071536726656	2.3335000478004	13.0864129584003	5.37817000540974	6.64769399505045	1.80174527048824	1.36302224839703	5.16823131303315	5.36589413924462	10.4060683717874	6.16580713201613	0.681671165507815	4.25532322999123	1.27116235726553	0.90863154562824	4.73588974789761	3.52479456623029	2.07976089275716	2.84950273165537	19.9571635939809	3.39781668686768	3.99984797070793	1.52882131958167	3.70642134366256	1.46965419734782	3.48287496934535	8.96649335327496	0.505186825140273	3.04019307210154	10.9293456879302	13.8233989734829	6.16693949815931	2.74173102344494	4.18076288465868	2.4928758560215	20.6839733940502	0.809813623520621	5.45067395494109	6.01705640370488	1.71203314978912	19.7105783553958	4.38398316266728	3.0963731568829	1.86256730917057	8.43667544078635	4.03357100663415	6.58005759659628	2.28746657630401	11.4080236875814	2.33210235757072	4.10739095006843	3.81163327523269	5.87338363808702	10.1492550994789	0.893002117863409	2.03110801710081	15.6617999821863	2.51244331773486	2.56284199510598	5.33352445731507	0.736746815530492	1.34730192550172
2014.54830831583	2.97480637511217	3.7036985307819	1.60500141772899	1.88988736749204	10.9224729201431	0.791119563060287	1.76520438789496	1.67983194430632	1.29323198914799	6.06776647949259	3.67724095730554	3.44310474755809	10.3295249227812	1.79691714831678	1.28299179455401	6.23877697624502	2.77104393012928	1.71943025991964	5.9356994397545	1.30729895000214	4.87720627205458	9.60685217134373	1.77336375104378	3.71209409159594	1.5921187044689	2.95925031407427	5.56228623467111	1.40748012716296	2.51564396179127	3.5666321322308	3.96140381163638	1.49444516819247	1.36046100874561	0.530822914311646	1.63150166510419	1.19739422987076	4.71457535607935	2.59314478179842	1.13294942648325	2.07695783639341	7.20782081768341	8.92753435983268	4.27060846449576	0.780592148973251	3.42400909942534	3.50737680715451	3.20216838751998	2.21189399565751	2.31784709882867	2.6354053626004	2.43376244568775	1.2435826272322	3.88931335272728	2.29701082958147	5.21721475359755	2.35334562284837	2.27147587494051	7.73758316566079	3.69674197788957	5.40419535846581	3.27055767151544	2.81800147707145	1.46677070600504	2.13845286930211	4.50093109695625	4.79404414534524	1.53390296448733	4.80547763514309	3.7161290834652	1.83472546214194	2.56919081036934	3.57679770818111	3.21385699277085	8.07136132817503	1.11138059898049	3.33029065270256	1.84078307870846	4.49731093527866	2.96999004533725	1.07769710505243	20.3221948979314	1.18807298924137	3.91491293493003	3.4991184663334	1.91932285476508	1.96448390106975	5.59466950825392	6.60891251927084	2.19066239253492	1.53521375751561	1.52153791739022	5.71544962065079	1.59383708514749	2.39228265347258	3.33459649570942	2.57897005066574	10.5398969782236	2.96985417252311	6.03686311441832	2.00673576018673
2015.23422390836	1.41405396659314	1.48456589814639	1.92666365005332	3.52911320069108	3.06551982781758	1.41242328892186	2.29738255936492	2.49270309312735	2.09875619114169	3.94437393296388	3.88534615947475	2.10751013823513	4.3292418748138	3.21715084828911	2.88473801514935	3.4982374779846	2.15995824218306	1.89359978730792	3.84158317706538	3.32486084022019	3.83961897277675	2.00650387377054	2.27295208024854	2.43977717297	2.69011854350269	1.27007395361285	1.68671920056755	3.69281848826216	2.04286117884816	2.21150572518933	3.65251039239945	2.8153871715005	2.41109711737303	4.07193753227157	1.97343405644623	2.27095219713176	3.41353365542485	2.62770967074757	2.52140088089407	3.03642676349882	2.2574942576022	3.7413558921451	3.09421179443445	2.31363234936756	2.44635298052931	4.06219393126255	2.34230803109777	1.89934889201589	1.5787357459265	2.44125636229834	2.76959047234555	6.20985782256045	3.08931641926926	3.17885115836404	2.07516244615231	1.71816309198669	2.84158354327241	3.70267232277304	2.866432955196	3.4595128850548	2.00669320065724	2.26896346868958	1.48118771546597	1.96952395136841	2.41580502230143	3.84251148078588	2.36524744384362	1.98371649703175	2.3640662006526	1.59337466478556	2.9847157991366	1.70488011278113	3.40337017473914	3.83041130373743	2.21934885162564	3.03112909009174	2.22847166335218	2.66978512122177	2.26544762511374	1.75643233235661	7.8054008564454	2.66468720193774	3.17354412303447	2.86674221391502	1.79522852223625	2.82341404243496	4.53628510128396	4.44195361664979	3.88721844512732	2.96262457674796	3.08246832694961	2.28960191533761	2.36416226133004	3.23113020817534	2.25166814640116	3.12612176076759	3.21568986422355	2.10840954238958	3.45950290549586	2.47921762897513
2015.92013950089	2.96636343391326	2.68229859397249	3.20997474081489	3.68957349626568	3.58435710491327	9.47226853842434	2.75757643328528	2.66895688361016	4.20925629415644	2.75056822451834	2.4411634655759	3.24980250432363	3.56013008431042	2.90332938181949	2.83191048210805	2.07717647080005	2.38077589697559	3.62955798857966	3.48091595310859	3.52455519546343	3.82682635955497	2.60837972874821	2.64328168224422	2.45015188604252	3.50451222241972	3.03369983970559	3.51508127169123	6.58333406798645	5.22273151771355	2.61447100654976	3.0141542490699	3.09284646099262	4.19186649346731	2.70920704380448	2.40844457496488	2.50202767892176	3.04538934581137	3.27551518592642	4.88821730691928	2.99504309195871	4.37774964720255	2.13483030122498	3.09094994796921	4.01796630471211	2.92589453967102	4.15298984295864	3.8273506791101	1.9988824928018	4.44976941204655	2.52391369382147	4.19242588349377	2.70667506205077	2.63042399451294	3.16039463786369	3.9912687087665	2.79149006226032	3.4366218799413	3.24928037150486	2.51166317403492	2.63144879680275	2.37135197999771	2.86538430908491	3.49158316184066	3.04298716466869	4.59858193205465	1.94555400109661	2.76285444175878	3.99213871779564	3.4193890406179	2.93921283825475	3.53091938255757	2.79224643237541	3.60920883094647	2.33047189368606	3.95871916634457	1.51747292556915	3.51530108730741	2.37273902464727	6.91381860630145	2.43131365670923	3.04965217401243	3.08515787825681	2.59496460696637	2.69000410696206	3.02449097849817	2.55891101052827	3.78635814551325	3.50899014286652	4.58628254495852	4.8304333942599	2.53190289093861	4.29085730668657	3.26717057959488	3.92318480589564	2.56459010124611	2.14665184496116	3.1836434575982	4.27670642255909	3.68428667109058	3.43326830293407
2016.60605509341	6.28784681328204	5.01827616156611	5.50040453193715	6.28609972418195	6.3675848960387	3.35910972193222	6.53682277127642	4.883952221292	7.6918814004352	7.02185851330302	5.19261256653439	5.2094702223316	5.37623670260105	6.48115233747835	2.5188046349075	5.94237427899778	6.93445520207916	6.27155428113926	7.92513870517756	5.83906553235493	6.23014529181186	5.71810849055893	5.68324086822598	9.9060512088795	4.06442998682385	5.61165728231074	10.9540064524919	8.73094730650707	11.921461245478	6.99965654276803	3.23930882018203	5.7954228715628	4.73793882555465	5.86326806674421	2.90466011821391	6.061741203959	5.21206056809287	5.72193475451414	6.95407060980536	6.7141291978656	6.13189745821189	10.1072470504856	6.43714355547272	7.9616863393333	8.13899698466542	4.73711736753472	4.27001487405556	4.58002712202673	6.82429938514036	5.77970165230653	4.86117533551992	5.58480745558646	7.01885620985495	7.46957179134168	6.26991904771845	5.91405599637538	12.9524958753531	8.78342476053219	5.97658024345813	8.30447973396113	5.85692772271623	6.41605796608653	4.76347314472978	5.37685704237221	5.68253399296091	5.09123319373715	4.9496622314735	5.3966272611074	5.6569780059842	7.16752984341666	6.0476612669782	5.1165606518417	5.3362649975349	8.72490502902338	5.36410429577544	10.3870877774227	7.39230017807905	6.43747795390569	5.83211194403262	7.73397192264639	5.81911190727179	5.03108111808022	4.68565007630223	8.77335958382971	7.74964845808939	6.4329003737008	10.0060947282508	5.19604413565394	5.39178845293619	6.74355572502452	7.59249448875866	4.35396182014576	6.46161557238346	4.54770296805713	5.73602786356415	7.37766077491664	5.18254176496628	12.9396809230585	3.65426875314904	5.41651934535634
2017.29197068594	6.21677631346524	5.83424541906374	5.31120407924531	5.02248115472645	5.14580849742403	5.57414166249721	6.83021709101382	6.31783214681525	5.13825866575566	8.90085312488787	5.30426335589249	4.6250855720424	5.36099645157831	6.65704269967551	5.73142449185991	6.30008182635373	3.91616839349031	4.09944253767634	5.99672336520097	3.98966131021115	8.42579848084963	3.12809589834927	4.555432829184	9.19653651580109	4.62727285637512	9.20091874561997	4.1659762224321	5.42617315796416	14.551754853924	7.0798637751166	5.33797054040062	9.07240659698746	5.9153140468068	4.24503122973337	4.91446487834216	5.69467740755755	5.83166310251896	5.77298039820832	7.80025423745466	6.62055877413952	3.99100841276226	11.5881755906398	4.35325192042869	4.97742008155233	8.9112928687755	4.89538317916483	3.96794093952079	4.56190766571463	4.22179187535327	5.04952189247678	4.16448813899958	5.46335791994788	4.62350343480739	6.59408980794488	6.69024234198198	3.86591043466733	9.35389431429186	4.75011010569535	5.04258468706086	5.7348246656893	7.85050044795333	5.94316911095358	7.13625359088003	4.83830185659996	6.82548907206629	6.26748232972483	5.90449012693476	3.78504455485243	6.05429388736794	4.20310571884164	11.4728833892555	2.85267939693098	5.06915845831895	9.49325296136435	3.56210909443102	12.7302379992217	6.83812624556982	6.60558140787489	5.41572207956284	8.12829033509757	11.9121467289172	8.53880038477416	4.57009284904804	5.25790699036237	12.4817613879388	6.20910188886859	7.53260137638815	3.93615392949523	3.82665115159046	6.0228371021214	7.48023608630923	6.35528470547231	4.47636711720085	4.53646745329577	6.39463879128954	5.14362683787881	5.67741451287628	6.52916642190467	3.77266279276737	5.45089762547031
2017.97788627847	3.21632225474243	5.12733777888878	3.6586550277615	3.97219407167486	3.45738437295434	4.57613871524836	5.57310646145247	3.90516804149981	5.08030863114622	5.92694011072782	4.70275325626687	4.83729190008666	4.20731044749853	2.92573573748325	4.56774386528599	3.75342805778082	3.44788667123651	3.9218553226263	5.34108456449919	4.67996815957495	4.71282523853301	4.06234641146782	4.24526099678446	7.44703811755857	7.88410317299434	5.48076074594327	3.93491578381657	4.14125239925575	4.14476851077524	3.80681958159914	3.94613563177061	4.43892697700681	3.69595700227815	4.05856512648458	4.8773150902687	2.72351356319225	4.48908867477324	3.7821681236009	6.38545782791234	3.33755845934052	4.54938323038157	7.7458061558421	2.28670006009827	4.93664753864119	4.35931798431107	3.34836680306135	2.5191142929348	4.82842858969815	3.4860225190294	3.18161222913784	3.22569982382359	5.38607944584796	3.4369598895318	3.99074216528397	3.46892868532661	6.30113938314825	4.29284720054656	6.33668050684191	3.0285376220318	6.28107679801438	5.4960427251231	4.15395531298762	6.30115007535442	3.50344924046768	4.31982818721408	4.38251949311114	4.38939129844979	7.58864614040703	9.79713952858197	3.22662469035031	3.45088060758739	2.87122934903047	2.94408438123488	7.0497236140097	3.27416473685267	4.77992190423403	3.91939873656642	2.8861354651773	3.42688991250629	5.39186269109708	4.35368751790601	4.48283935062079	8.41771905991546	3.0029171978987	6.85981876724442	6.33765183813351	3.80668478416279	2.23553420296827	2.00652168527466	6.95833728334802	4.12588762799771	5.86040676222648	3.30392337884357	9.02698681139398	5.06532088047246	3.17666443098711	5.00380326648276	3.70320615423613	2.44294152270306	4.16429072425959
2018.66380187099	3.10118964791352	2.61560284952755	3.69979524468996	4.68998279571735	3.5945031914403	2.42999113514524	4.788073572168	4.20171296682936	3.16907475003807	3.61104039827941	5.93567975837434	2.92826494580678	2.57283554568631	3.04022646139534	3.54637227828896	2.68029519605493	2.66112931037621	2.5086217161002	2.96576412116904	4.02892513584393	2.85017807087471	3.93393139023886	3.32452240764588	3.62410017585801	2.52424101933662	3.39168845384356	4.9556904753786	2.88141666336734	4.61298041915446	2.43119141767192	2.30134778773641	2.4250708565383	5.68461874445777	3.51869022172015	2.93125903383077	3.22367803698706	2.46117600646542	3.76422608361938	3.29266318622251	3.10854189267198	4.34171862743788	6.50114768971441	3.3427433260956	1.30443976327784	2.05382092431856	2.31952867955381	2.16255116621583	7.60795498902304	2.75497419209612	3.92467580751735	2.75863673126886	3.07387490232664	4.34168106078179	3.35264850611165	3.46851246796822	4.66589537946603	1.94530544957164	5.05372609017706	2.2419592670981	3.15201233291068	2.68905425515601	2.63691535586021	2.58204685618719	2.65349989607693	2.43898980510491	3.09351037448251	3.04482959467991	8.49094586543602	3.78904900850997	2.68800983569553	2.9839047923458	2.9704053985686	2.34567683715542	6.14334643279071	2.1586371995324	3.18993783851341	3.50272518902346	2.36108169507209	2.19802857818685	4.57772018270416	3.41872307790566	3.48113052578827	3.86153554034682	3.81485710639889	5.51816199555294	7.1727514471347	4.10923885360973	3.09852295709174	2.07939737368125	5.65569238180325	2.51717511006521	3.61377122125953	3.58448162963186	4.9985038318556	4.36422196665233	6.01614979431913	4.02544004573994	3.58066550576792	1.88120223318317	4.10448893191256
2019.34971746352	7.05565173976872	6.70434472118281	7.51086723507471	10.2422628726008	5.12484122737131	3.52675490447118	5.41564936746417	6.18365667546374	6.12353826668158	6.43414164497062	7.45975933980182	8.38821030715767	6.03011930261833	6.06973355521055	6.36308595181538	6.29382352950227	3.15647125096308	4.77062499672018	5.65878098696997	3.00825992854406	4.23825512606362	6.75109354303345	6.21182274415228	8.86148862903005	6.39523916402535	6.91312644353365	9.11515099128289	3.8104757042474	10.0121734179804	6.67309318886515	6.42137389889691	6.08861822976538	8.6332500705397	2.7086510971302	4.53887271103931	5.25883030322	5.86180462634532	7.40566141079051	6.86182693704093	5.95272437893571	5.30250215023132	7.0470753258461	7.42684360754536	5.6295081937433	6.00016572636648	8.28631333100467	8.24083213676103	9.57396934598894	7.11776311848402	7.38053666028494	6.18045818224501	5.39223056455663	8.95107989776874	8.49458088064837	6.16005762248153	6.22649016723897	6.74974864951998	9.12960980514468	7.21228612133419	6.595973998784	2.97997689462001	3.32351985836204	8.02981878792309	5.83733636535006	7.28987278926214	4.36403315564936	7.11193788094219	7.97522846676824	7.30162976153904	4.33094150747397	5.72224004036272	8.54112189430667	4.40147724612759	4.81314837799533	4.20196165428081	7.95591598921298	6.82736429112226	7.75535660725318	6.66213889236824	7.09821977457008	6.18807770590794	4.77813791096495	7.27990855179638	7.66275942475665	5.83393459004772	9.18543207447066	7.61397170318988	7.91514766288637	7.25979165020826	5.45901624330949	3.68120084652809	8.86931676729369	5.70048433975196	5.29672550820424	7.75944553017678	8.32643042822264	4.05763262820235	6.00575625908221	6.76210232861934	7.60229815337277
2020.03563305605	6.54853885294379	8.29620658004126	5.71596873494214	7.92947946145081	8.07808170422275	3.81223255183325	10.5297684385423	9.21884424241766	21.3974257513147	7.04094874770733	3.07299651341274	11.1055452199161	7.27428976769854	3.34702275609564	3.80106671930183	6.09436309867073	12.1907188922439	4.43400301392143	2.51427298968779	12.3532737384033	3.08699435404853	7.93256161819435	3.57172941648481	10.4045096076194	4.03643870216285	4.06984290597935	8.30847374567398	18.472871874509	8.22652927896976	6.79979719102241	4.35959159848545	13.4484281012235	11.8709874899565	6.02400553855799	3.5613052987346	3.83043492785984	6.10745539806536	2.90071157694894	10.4612378326884	6.07951585553619	3.35707667433314	24.0644410948141	3.20272459432616	6.59318458244697	5.91535269534981	7.93036195355674	4.69242410719499	4.02629776220367	3.44611793219267	6.43670505241209	9.76645994435349	17.7204195599351	6.0837165708026	9.86026659694172	8.17770868775709	2.70204980688961	6.13975723353086	3.1788525141883	8.77017891136888	4.02300476028155	1.47744536005921	1.64709830704653	3.14650955539201	7.89954968088888	7.02177364788653	1.91116117657828	8.33332401305628	10.1169361804799	6.55915250678278	2.69079729394388	5.70034344549759	6.93276983228335	4.05816541912343	1.91139495159413	15.2384797963205	8.08493834288716	4.67703438325413	9.86584356109211	5.7945676727481	7.13857731064872	11.1287908693792	3.26822422540377	4.78669564067304	4.72926634191019	2.98984371997955	4.66963921430488	3.94887896090902	8.09863019116796	6.0296681083142	3.64434961492436	5.38550399999799	3.98230499782993	20.2672458246791	1.86693610694564	7.89329669466097	6.91569749493244	4.1705823408793	4.87807453426173	11.5135570792339	6.84867972514997
2020.72154864857	6.84481253514975	4.04944388105061	6.65098739708517	19.4910677307764	10.2999090042092	11.5660760616324	5.07551662844667	4.9007371441082	6.1221713809292	6.84909791289467	7.16577223106671	6.81892015058089	5.15823706901173	4.25564854970219	5.32397253063959	5.06828230280559	8.18761276517423	6.51958414144546	48.7567921416439	5.74857963391873	8.57938683665299	17.1725203611202	5.10231182090027	5.35379931891202	5.39376213520397	9.29662915669187	7.60285741306492	9.65684349519797	6.43657727878845	6.72389666133642	7.4846599102047	9.80723727116193	5.54285742037276	13.3438908992279	6.17683260555382	7.82063368993725	6.7826388111441	6.20885920612191	9.00587899324888	5.78722028198942	4.64037991213274	7.4084570668849	6.61340802406925	11.2872532697141	8.04213828582225	9.55192526909338	5.61959738380228	8.10025221079354	5.15238210563039	4.90470975397858	17.1943616187777	13.5920929302591	7.99027499219548	6.19799811182502	6.89591701303872	6.26964372174557	7.3510969000242	8.10997995766525	15.3012342616346	8.12732716277122	10.3523260728732	10.3173627298539	4.44408560897973	8.44120364444788	8.32565220549684	8.64710100726619	13.4774865679603	3.57561347630604	6.0321916379113	9.40539842892048	5.07549811323211	13.9069251523496	9.02916777538618	8.05388099742803	6.27580134667714	4.69544478677046	7.02454723282298	5.77097394784449	9.44818877256566	8.1959309153762	7.24051419615675	7.55739909029776	10.0576715293986	9.18639051600353	4.60862472789361	5.73534848270861	4.78243521077319	6.71588570859911	4.40166910117345	9.8678301789113	6.74718287004154	6.80923309653567	8.65038698130954	4.31123372236772	6.90632364716477	15.1630945612283	9.92207073374079	8.17627429190226	11.0922786246108	7.25807417373255
2021.4074642411	6.21210046433168	3.93539113937381	8.11357841577252	4.3258828966819	10.8947927277608	6.96999449765864	3.72897605743948	4.4908198869236	5.85246316446011	15.0709583899403	7.00067684054756	5.86071721771407	6.09158047360323	4.73731066084935	9.58194187944291	4.75393133072669	13.8615070809795	8.11115082183828	12.5709102592939	5.50352686703544	12.1250127079763	16.2297125842976	12.3220474392554	4.04806014451403	12.9354338799564	15.6033532843934	10.0668396078545	8.85612137317931	8.04509006595477	10.261976060149	3.69074375155252	5.60914104928601	7.12627363406229	6.39166315076233	10.300066986621	12.9947409260157	13.0089720960157	7.21750397599967	9.52594345783579	6.68247862922862	8.48528171984065	7.47554561299164	9.03067241902448	12.9512271175301	8.77562730547189	8.02415017220452	9.23300605865001	21.1172871650827	9.21004626984909	11.6301386887671	21.8079827731318	3.95856472227181	6.72892835221928	6.84065577407003	10.1465095347241	12.4744907853264	9.7202340076946	8.26290233710849	12.8445005742571	7.14112564598802	9.38920506782189	6.59673996674134	16.3823340939378	11.9946498739129	5.90612267900092	8.30837413218743	7.35940626860789	5.43904456911911	10.6841662031987	14.1688617070058	8.51595868352795	7.96617040194898	5.39418378763826	8.88179625290284	5.38296250214843	19.6636481644426	7.24106016539389	5.75059693838669	7.41515281147627	17.9361296663843	9.92178354304132	9.39720149040961	8.33714882947726	6.55053333161872	4.78405524627579	6.68866822855502	5.66865715567086	7.18841716077302	7.14669065541529	12.1067735382523	12.1103049887694	7.80857261636077	14.6289270338004	10.1470291136523	6.55272350031484	11.6068336767429	7.063122852588	4.3134589694888	9.76994979260603	15.3143801881989
2022.09337983363	51.2133739730562	51.9121910313849	50.1069314276514	80.4480787121956	42.6084697506784	40.2158383469937	47.3159033687022	42.2699668290821	57.6109062030859	44.9425231399383	82.7207697310396	61.5708805382596	63.2008701871441	64.8598448698363	38.988574984538	49.165271694035	55.0135634401609	53.8349942774503	8.23608380470295	49.3900406924085	43.488426310346	39.9999635664453	8.03477408162257	62.6641695088244	35.8719503946468	35.1410967476328	45.5978815598393	53.0652370040475	54.5099452143134	54.0467347116724	61.0216993582647	53.1415250590154	61.0046126049393	63.9038934279703	15.1212995416101	7.9019696544587	35.0596890030096	59.6634925809692	47.3301768594918	74.2635227584152	46.4335078623833	42.8059409753396	48.5172912973455	36.2125597576671	44.5370015607233	63.7771219590951	68.8187347527569	19.6413045189393	64.825663673067	41.3488314878162	39.1757463268749	59.8228178667209	80.2048509096673	57.0846778943784	41.0538675510947	9.64017972381445	40.0043357647292	61.8878836771297	12.574668443578	61.5413234650143	41.8138146780727	50.2973215412906	56.1509913845589	9.44521815435991	52.2159532836823	62.3207449811303	56.6659260503064	59.1464193922335	47.572010678488	10.6601982508357	58.0317485054658	69.4346348160631	48.7498504658075	50.0591087710679	48.989204506577	12.2932315532467	61.7159344405628	79.8026291021952	50.4904056357697	65.1692333949465	46.8524237897032	48.3819625734856	71.5546814045015	54.401686490054	50.2987913012533	47.2119370226496	47.0622760057641	76.0411777006402	44.0850553305177	7.01424858551772	12.0990310458934	60.8913347042688	58.0641925628813	45.2147425514998	57.7452442008743	43.4347282404504	56.3797348840335	62.4211060325981	44.825418751126	41.2825363366576
2022.77929542616	26.0999846703621	34.1447108341684	28.2669412365511	71.9012727857388	29.2365931906014	27.0619671800316	32.9546037165923	39.5937922706468	56.4443934598928	24.4181352139824	86.0311584244842	50.0088002052606	54.1212588543638	56.2513876612089	27.7168701172569	34.8401874421403	26.7621279448296	64.2501235880144	16.8907183605689	26.4542113525617	28.0141908253419	32.3148469196165	19.7295031615972	37.4856563303327	17.99820630457	18.0174659909358	21.6686376136442	38.8122954273117	37.4629875306538	38.0885687629816	40.7053548912931	31.6595155216073	48.7030661256	41.1427810258521	25.1281551345168	19.3336879684294	20.5606516928497	50.2666371306997	25.6764274851888	78.8635302238262	27.7019209826139	26.7322494088088	28.3104647081179	21.2734138327866	30.5105407188371	64.8791547862139	103.52134281597	19.622469518117	53.688550838272	22.8432431232665	23.014653764548	37.0041036649672	109.857681463001	41.1031598247126	25.8602370182032	20.2544530478873	23.8546615550877	51.254193511649	23.4599173105678	60.215832385425	30.0494027773813	31.8660959468703	38.5868775116936	14.8999589469846	38.2117425911762	57.8125417145895	46.4782858082966	47.7225997401331	23.8973328180548	19.0050996378583	38.9815804467671	70.2868195427822	38.9949920870825	25.6421141157881	45.1014895896064	13.432888646846	67.053696213958	97.9563211746338	27.0666296951085	32.6597261826109	33.285289798249	37.0845529790966	56.159625770366	36.7185705909085	43.2014083475938	31.727393508719	47.8851441372891	94.6883389345113	37.4179049557894	15.5459079051687	15.6807068888601	45.1364461185007	36.9469334683889	27.4552738564558	51.9558153927335	24.8118444497976	35.3417149906478	56.3655118286121	23.5105389486658	27.240907534247
2023.46521101868	1.61637196231752	2.21620763347894	4.18897304823511	1.84095279703246	1.30039743183214	1.3919615945272	1.62813506589559	0.929665611613685	4.85795085288706	3.270274487539	3.3201804624407	2.04797639780994	5.73572358516065	5.55856268529424	1.93191947030354	3.59139676187877	3.44050752854537	2.53891462795377	4.52264672120658	3.23461612954082	3.99505860318837	1.70168239496849	3.27371782494286	5.36464696413108	2.27529332952115	2.62787132714074	3.02735887967483	3.23424926172599	7.24492543052051	0.840843311912229	2.17184682339586	1.33726961907321	1.81644668877875	4.92431376342397	2.40734580263755	1.27314352150503	3.15531667361453	3.79434083444698	2.65191686959168	2.93637304678047	3.04729146227697	4.37384898934919	3.64594882938767	2.11913532833131	3.09483173708159	3.28049430416378	9.47322317196054	1.45329390928869	3.22207847867301	2.48438181628223	2.26472900355912	1.9520745443164	3.13075147441673	3.74846173241493	3.31550112837496	1.70617242418613	3.08759298479785	3.21918739411016	5.36137153024379	2.79181638368548	1.15793820718066	2.86063348649517	4.38107189096551	1.52364426576194	2.84481686759972	1.50033263225943	1.77953389685324	2.53147083217351	3.30090882298752	1.27769404329003	2.88476218642946	5.33682907602347	2.99354897562145	2.89562976457055	1.45744449870401	3.81015871439631	3.60309844863774	5.35420539318295	3.80559984418477	4.80840765336435	2.80181514512621	1.28770879561532	2.65973859177165	2.04450369771256	2.16788168154221	2.88847082326995	3.54441444576187	2.39658397052734	3.35550210265092	3.09843826967593	1.2056955393721	3.93952891457166	3.0864301778174	2.53702640565198	4.16410471447039	1.68716615880903	3.93482419582159	2.53352960577006	1.97275740267404	2.26284411032309
2024.15112661121	0.34799512081442	0.799766275852645	0.66414277687971	1.91733014687295	1.05645851886986	0.738380816818466	0.357097738761676	0.698585288964384	0.850739292025244	0.335216229287801	0.721593789757856	3.24458277297433	1.60466997640777	0.981680326193355	0.736528313809134	0.962374322526802	0.481611157472121	1.01849047075901	0.31567263590495	1.36389503651908	1.01330394366193	0.36821332596477	0.621633800398997	0.572923331257207	0.352164906542825	1.00542983262945	0.48416705115689	2.19416810407392	1.18428158683587	0.574756277973948	0.743369863521398	2.44447261015947	1.58693243906569	0.640771700253595	0.316790268731991	0.779869970481398	0.928656100763346	0.751293188303259	0.528145783977617	0.404630646544874	1.34442894799159	1.21973208128775	0.797586964103026	0.626743336188482	1.34260829200624	0.729715615154299	10.2833876165181	1.23169033643445	0.773577273838701	0.797657985512762	0.533639511486471	1.15535638227293	0.961262422468105	0.629241289927029	1.27396318373319	0.965912753220799	4.98573460562589	0.188846184516714	1.38927164211001	0.656358939332123	0.715384046500931	0.686011857843161	0.763040445345292	0.432486044796073	0.40697428542861	0.615828826263176	0.707873881483288	0.94289177480005	0.387605579711488	0.939849030363491	1.36570126405554	2.12660553640689	0.746500356755471	0.903901571126025	0.455446699416612	0.152214161525201	1.54275917030623	0.871900484427306	1.32248400909962	2.25252195829711	1.66775747258617	0.811918677961892	0.450897452263933	0.641185657009775	1.44403472528696	0.694085678612588	0.430281293652259	0.414645870855893	1.80707745806168	1.48637507584408	0.285510046998228	1.32368784588283	0.536862646565311	1.31393702121203	1.83021629096823	0.781224564816831	0.524389860133981	0.973971336381653	0.619360709429062	1.55870900822605
2024.83704220374	0.241639859338431	0.0309025561283693	0.190865214200373	0.674559216560553	0.152134082844365	0.340317443499538	0.114353493515283	0.667433335623392	0.173681861950453	0.24175561717056	0.78496931729252	0.396637582007957	0.364793032866716	0.799323264473373	0.03210150848746	0.446966409469277	0.081897737680459	0.466265212261383	0.163157704909243	0.105615777187412	0.931098952126671	0.873440676549337	0.00857210762643503	0.214603808145964	0.416185936457846	0.584157578875235	0.328800411249713	0.573595393985412	0.241633107892208	0.260555070085265	0.631457980947649	0.377945970015806	4.46875735491915	0.0347226663851332	0.204592501134406	0.67318650554048	0.302470336252023	0.0718961988510916	0.249788270876599	0.209909329332131	0.10941637523274	0.228268172677368	0.0320531231230005	0.103555626959212	0.670714843929805	0.0595942494021495	0.52276010080154	0.289950663339638	0.000286577458055831	0.330852218625765	0.0193479087274968	0.100211239137814	0.991829701112916	0.0453993498298509	0.974649046572253	1.41798765006717	0.806431714903885	2.57553504993481	0.394129548329691	0.184126560901157	0.222635585768468	0.466110076350762	0.778105748786223	0.351483017429274	0.195143501182466	0.382390506014234	0.424147413329165	0.350203781795915	0.179548520424243	0.0653005690567201	0.000530001922479948	0.0883257601450614	0.36318650480203	0.0738723605517394	0.48734153957709	0.205621734998305	0.0476502819945958	0.306058818334549	0.325452797726932	0.0199509253974823	0.0333569184758768	0.0480005641702472	0.109816253746887	0.106760128566084	0.0314623501470215	0.80293487028402	0.708605926861509	0.122611581211182	0.0597887553523764	0.362973461844442	0.585586527833439	0.911659456571664	0.300597568121666	2.04603051799599	0.580283885682695	0.902628735416235	0.920057411820745	0.589124891158131	0.380415831230824	0.807754384849681
