time	tree_1	tree_2	tree_3	tree_4	tree_5	tree_6	tree_7	tree_8	tree_9	tree_10	tree_11	tree_12	tree_13	tree_14	tree_15	tree_16	tree_17	tree_18	tree_19	tree_20	tree_21	tree_22	tree_23	tree_24	tree_25	tree_26	tree_27	tree_28	tree_29	tree_30	tree_31	tree_32	tree_33	tree_34	tree_35	tree_36	tree_37	tree_38	tree_39	tree_40	tree_41	tree_42	tree_43	tree_44	tree_45	tree_46	tree_47	tree_48	tree_49	tree_50	tree_51	tree_52	tree_53	tree_54	tree_55	tree_56	tree_57	tree_58	tree_59	tree_60	tree_61	tree_62	tree_63	tree_64	tree_65	tree_66	tree_67	tree_68	tree_69	tree_70	tree_71	tree_72	tree_73	tree_74	tree_75	tree_76	tree_77	tree_78	tree_79	tree_80	tree_81	tree_82	tree_83	tree_84	tree_85	tree_86	tree_87	tree_88	tree_89	tree_90	tree_91	tree_92	tree_93	tree_94	tree_95	tree_96	tree_97	tree_98	tree_99	tree_100	tree_101	tree_102	tree_103	tree_104	tree_105	tree_106	tree_107	tree_108	tree_109	tree_110	tree_111	tree_112	tree_113	tree_114	tree_115	tree_116	tree_117	tree_118	tree_119	tree_120	tree_121	tree_122	tree_123	tree_124	tree_125	tree_126	tree_127	tree_128	tree_129	tree_130	tree_131	tree_132	tree_133	tree_134	tree_135	tree_136	tree_137	tree_138	tree_139	tree_140	tree_141	tree_142	tree_143	tree_144	tree_145	tree_146	tree_147	tree_148	tree_149	tree_150	tree_151	tree_152	tree_153	tree_154	tree_155	tree_156	tree_157	tree_158	tree_159	tree_160	tree_161	tree_162	tree_163	tree_164	tree_165	tree_166	tree_167	tree_168	tree_169	tree_170	tree_171	tree_172	tree_173	tree_174	tree_175	tree_176	tree_177	tree_178	tree_179	tree_180	tree_181	tree_182	tree_183	tree_184	tree_185	tree_186	tree_187	tree_188	tree_189	tree_190	tree_191	tree_192	tree_193	tree_194	tree_195	tree_196	tree_197	tree_198	tree_199	tree_200	tree_201	tree_202	tree_203	tree_204	tree_205	tree_206	tree_207	tree_208	tree_209	tree_210	tree_211	tree_212	tree_213	tree_214	tree_215	tree_216	tree_217	tree_218	tree_219	tree_220	tree_221	tree_222	tree_223	tree_224	tree_225	tree_226	tree_227	tree_228	tree_229	tree_230	tree_231	tree_232	tree_233	tree_234	tree_235	tree_236	tree_237	tree_238	tree_239	tree_240	tree_241	tree_242	tree_243	tree_244	tree_245	tree_246	tree_247	tree_248	tree_249	tree_250	tree_251	tree_252	tree_253	tree_254	tree_255	tree_256	tree_257	tree_258	tree_259	tree_260	tree_261	tree_262	tree_263	tree_264	tree_265	tree_266	tree_267	tree_268	tree_269	tree_270	tree_271	tree_272	tree_273	tree_274	tree_275	tree_276	tree_277	tree_278	tree_279	tree_280	tree_281	tree_282	tree_283	tree_284	tree_285	tree_286	tree_287	tree_288	tree_289	tree_290	tree_291	tree_292	tree_293	tree_294	tree_295	tree_296	tree_297	tree_298	tree_299	tree_300	tree_301	tree_302	tree_303	tree_304	tree_305	tree_306	tree_307	tree_308	tree_309	tree_310	tree_311	tree_312	tree_313	tree_314	tree_315	tree_316	tree_317	tree_318	tree_319	tree_320	tree_321	tree_322	tree_323	tree_324	tree_325	tree_326	tree_327	tree_328	tree_329	tree_330	tree_331	tree_332	tree_333	tree_334	tree_335	tree_336	tree_337	tree_338	tree_339	tree_340	tree_341	tree_342	tree_343	tree_344	tree_345	tree_346	tree_347	tree_348	tree_349	tree_350	tree_351	tree_352	tree_353	tree_354	tree_355	tree_356	tree_357	tree_358	tree_359	tree_360	tree_361	tree_362	tree_363	tree_364	tree_365	tree_366	tree_367	tree_368	tree_369	tree_370	tree_371	tree_372	tree_373	tree_374	tree_375	tree_376	tree_377	tree_378	tree_379	tree_380	tree_381	tree_382	tree_383	tree_384	tree_385	tree_386	tree_387	tree_388	tree_389	tree_390	tree_391	tree_392	tree_393	tree_394	tree_395	tree_396	tree_397	tree_398	tree_399	tree_400	tree_401	tree_402	tree_403	tree_404	tree_405	tree_406	tree_407	tree_408	tree_409	tree_410	tree_411	tree_412	tree_413	tree_414	tree_415	tree_416	tree_417	tree_418	tree_419	tree_420	tree_421	tree_422	tree_423	tree_424	tree_425	tree_426	tree_427	tree_428	tree_429	tree_430	tree_431	tree_432	tree_433	tree_434	tree_435	tree_436	tree_437	tree_438	tree_439	tree_440	tree_441	tree_442	tree_443	tree_444	tree_445	tree_446	tree_447	tree_448	tree_449	tree_450	tree_451	tree_452	tree_453	tree_454	tree_455	tree_456	tree_457	tree_458	tree_459	tree_460	tree_461	tree_462	tree_463	tree_464	tree_465	tree_466	tree_467	tree_468	tree_469	tree_470	tree_471	tree_472	tree_473	tree_474	tree_475	tree_476	tree_477	tree_478	tree_479	tree_480	tree_481	tree_482	tree_483	tree_484	tree_485	tree_486	tree_487	tree_488	tree_489	tree_490	tree_491	tree_492	tree_493	tree_494	tree_495	tree_496	tree_497	tree_498	tree_499	tree_500	tree_501	tree_502	tree_503	tree_504	tree_505	tree_506	tree_507	tree_508	tree_509	tree_510	tree_511	tree_512	tree_513	tree_514	tree_515	tree_516	tree_517	tree_518	tree_519	tree_520	tree_521	tree_522	tree_523	tree_524	tree_525	tree_526	tree_527	tree_528	tree_529	tree_530	tree_531	tree_532	tree_533	tree_534	tree_535	tree_536	tree_537	tree_538	tree_539	tree_540	tree_541	tree_542	tree_543	tree_544	tree_545	tree_546	tree_547	tree_548	tree_549	tree_550	tree_551	tree_552	tree_553	tree_554	tree_555	tree_556	tree_557	tree_558	tree_559	tree_560	tree_561	tree_562	tree_563	tree_564	tree_565	tree_566	tree_567	tree_568	tree_569	tree_570	tree_571	tree_572	tree_573	tree_574	tree_575	tree_576	tree_577	tree_578	tree_579	tree_580	tree_581	tree_582	tree_583	tree_584	tree_585	tree_586	tree_587	tree_588	tree_589	tree_590	tree_591	tree_592	tree_593	tree_594	tree_595	tree_596	tree_597	tree_598	tree_599	tree_600	tree_601	tree_602	tree_603	tree_604	tree_605	tree_606	tree_607	tree_608	tree_609	tree_610	tree_611	tree_612	tree_613	tree_614	tree_615	tree_616	tree_617	tree_618	tree_619	tree_620	tree_621	tree_622	tree_623	tree_624	tree_625	tree_626	tree_627	tree_628	tree_629	tree_630	tree_631	tree_632	tree_633	tree_634	tree_635	tree_636	tree_637	tree_638	tree_639	tree_640	tree_641	tree_642	tree_643	tree_644	tree_645	tree_646	tree_647	tree_648	tree_649	tree_650	tree_651	tree_652	tree_653	tree_654	tree_655	tree_656	tree_657	tree_658	tree_659	tree_660	tree_661	tree_662	tree_663	tree_664	tree_665	tree_666	tree_667	tree_668	tree_669	tree_670	tree_671	tree_672	tree_673	tree_674	tree_675	tree_676	tree_677	tree_678	tree_679	tree_680	tree_681	tree_682	tree_683	tree_684	tree_685	tree_686	tree_687	tree_688	tree_689	tree_690	tree_691	tree_692	tree_693	tree_694	tree_695	tree_696	tree_697	tree_698	tree_699	tree_700	tree_701	tree_702	tree_703	tree_704	tree_705	tree_706	tree_707	tree_708	tree_709	tree_710	tree_711	tree_712	tree_713	tree_714	tree_715	tree_716	tree_717	tree_718	tree_719	tree_720	tree_721	tree_722	tree_723	tree_724	tree_725	tree_726	tree_727	tree_728	tree_729	tree_730	tree_731	tree_732	tree_733	tree_734	tree_735	tree_736	tree_737	tree_738	tree_739	tree_740	tree_741	tree_742	tree_743	tree_744	tree_745	tree_746	tree_747	tree_748	tree_749	tree_750	tree_751	tree_752	tree_753	tree_754	tree_755	tree_756	tree_757	tree_758	tree_759	tree_760	tree_761	tree_762	tree_763	tree_764	tree_765	tree_766	tree_767	tree_768	tree_769	tree_770	tree_771	tree_772	tree_773	tree_774	tree_775	tree_776	tree_777	tree_778	tree_779	tree_780	tree_781	tree_782	tree_783	tree_784	tree_785	tree_786	tree_787	tree_788	tree_789	tree_790	tree_791	tree_792	tree_793	tree_794	tree_795	tree_796	tree_797	tree_798	tree_799	tree_800	tree_801	tree_802	tree_803	tree_804	tree_805	tree_806	tree_807	tree_808	tree_809	tree_810	tree_811	tree_812	tree_813	tree_814	tree_815	tree_816	tree_817	tree_818	tree_819	tree_820	tree_821	tree_822	tree_823	tree_824	tree_825	tree_826	tree_827	tree_828	tree_829	tree_830	tree_831	tree_832	tree_833	tree_834	tree_835	tree_836	tree_837	tree_838	tree_839	tree_840	tree_841	tree_842	tree_843	tree_844	tree_845	tree_846	tree_847	tree_848	tree_849	tree_850	tree_851	tree_852	tree_853	tree_854	tree_855	tree_856	tree_857	tree_858	tree_859	tree_860	tree_861	tree_862	tree_863	tree_864	tree_865	tree_866	tree_867	tree_868	tree_869	tree_870	tree_871	tree_872	tree_873	tree_874	tree_875	tree_876	tree_877	tree_878	tree_879	tree_880	tree_881	tree_882	tree_883	tree_884	tree_885	tree_886	tree_887	tree_888	tree_889	tree_890	tree_891	tree_892	tree_893	tree_894	tree_895	tree_896	tree_897	tree_898	tree_899	tree_900
1971.58654354166	0	0	0	0	0	0	0	0	0	0	0	0	0	0	0	0	0	0	0	0	0	0	0	0	0	0	0	0	0	0	0	0	0	0	0	0	0	0	0	0	0	0	0	0	0	0	0	0	0	0	0	0	0	0	0	0	0	0	0	0	0	0	0	0	0	0	0	0	0	0	0	0	0	0	0	0	0	0	0	0	0	0	0	0	0	0	0	0	0	0	0	0	0	0	0	0	0	0	0	0	0	0	0	0	0	0	0	0	0	0	0	0	0	0	0	0	0	0	0	0	0	0	0	0	0	0	0	0	0	0	0	0	0	0	0	0	0	0	0	0	0	0	0	0	0	0	0	0	0	0	0	0	0	0	0	0	0	0	0	0	0	0	0	0	0	0	0	0	0	0	0	0	0	0	0	0	0	0	0	0	0	0	0	0	0	0	0	0	0	0	0	0	0	0	0	0	0	0	0	0	0	0	0	0	0	0	0	0	0	0	0	0	0	0	0	0	0	0	0	0	0	0	0	0	0	0	0	0	0	0	0	0	0	0	0	0	0	0	0	0	0	0	0	0	0	0	0	0	0	0	0	0	0	0	0	0	0	0	0	0	0	0	0	0	0	0	0	0	0	0	0	0	0	0	0	0	0	0	0	0	0	0	0	0	0	0	0	0	0	0	0	0	0	0	0	0	0	0	0	0	0	0	0	0	0	0	0	0	0	0	0	0	0	0	0	0	0	0	0	0	0	0	0	0	0	0	0	0	0	0	0	0	0	0	0	0	0	0	0	0	0	0	0	0	0	0	0	0	0	0	0	0	0	0	0	0	0	0	0	0	0	0	0	0	0	0	0	0	0	0	0	0	0	0	0	0	0	0	0	0	0	0	0	0	0	0	0	0	0	0	0	0	0	0	0	0	0	0	0	0	0	0	0	0	0	0	0	0	0	0	0	0	0	0	0	0	0	0	0	0	0	0	0	0	0	0	0	0	0	0	0	0	0	0	0	0	0	0	0	0	0	0	0	0	0	0	0	0	0	0	0	0	0	0	0	0	0	0	0	0	0	0	0	0	0	0	0	0	0	0	0	0	0	0	0	0	0	0	0	0	0	0	0	0	0	0	0	0	0	0	0	0	0	0	0	0	0	0	0	0	0	0	0	0	0	0	0	0	0	0	0	0	0	0	0	0	0	0	0	0	0	0	0	0	0	0	0	0	0	0	0	0	0	0	0	0	0	0	0	0	0	0	0	0	0	0	0	0	0	0	0	0	0	0	0	0	0	0	0	0	0	0	0	0	0	0	0	0	0	0	0	0	0	0	0	0	0	0	0	0	0	0	0	0	0	0	0	0	0	0	0	0	0	0	0	0	0	0	0	0	0	0	0	0	0	0	0	0	0	0	0	0	0	0	0	0	0	0	0	0	0	0	0	0	0	0	0	0	0	0	0	0	0	0	0	0	0	0	0	0	0	0	0	0	0	0	0	0	0	0	0	0	0	0	0	0	0	0	0	0	0	0	0	0	0	0	0	0	0	0	0	0	0	0	0	0	0	0	0	0	0	0	0	0	0	0	0	0	0	0	0	0	0	0	0	0	0	0	0	0	0	0	0	0	0	0	0	0	0	0	0	0	0	0	0	0	0	0	0	0	0	0	0	0	0	0	0	0	0	0	0	0	0	0	0	0	0	0	0	0	0	0	0	0	0	0	0	0	0	0	0	0	0	0	0	0	0	0	0	0	0	0	0	0	0	0	0	0	0	0	0	0	0	0	0	0	0	0	0	0	0	0	0	0	0	0	0	0	0	0	0	0	0	0	0	0	0	0	0	0	0	0	0	0	0	0	0	0	0	0	0	0	0	0	0	0	0	0	0	0	0	0	0	0	0	0	0	0	0	0	0	0	0	0	0	0	0	0	0	0	0	0	0	0	0	0	0	0	0	0	0	0	0	0	0	0	0	0	0	0	0	0	0	0	0	0	0	0	0	0	0	0	0	0	0	0	0	0	0	0	0	0	0	0	0	0	0	0	0	0	0	0	0	0	0	0	0	0	0	0
1974.33492592414	0	0	0	0	0	0	0	0	0	0	0	0	0	0	0	0	0	0	0	0	0	0	0	0	0	0	0	0	0	0	0	0	0	0	0	0	0	0	0	0	0	0	0	0	0	0	0	0	0	0	0	0	0	0	0	0	0	0	0	0	0	0	0	0	0	0	0	0	0	0	0	0	0	0	0	0	0	0	0	0	0	0	0	0	0	0	0	0	0	0	0	0	0	0	0	0	0	0	0	0	0	0	0	0	0	0	0	0	0	0	0	0	0	0	0	2	0	0	0	0	0	0	0	0	0	0	0	0	0	0	0	0	0	0	0	0	0	0	0	0	0	0	0	0	0	0	0	0	0	0	0	0	0	0	0	0	0	0	0	0	0	0	0	0	0	0	0	0	0	0	0	0	0	0	0	0	0	0	0	0	0	0	0	0	0	0	0	0	0	0	0	0	0	0	0	0	0	0	0	0	0	0	0	0	0	0	0	0	0	0	0	0	0	0	0	0	0	0	0	0	0	0	0	0	0	0	0	0	0	0	0	0	0	0	0	0	0	0	0	0	0	0	0	0	0	0	0	0	0	0	0	0	0	0	0	0	0	0	0	0	0	0	0	0	0	0	0	0	0	0	0	0	0	0	0	0	0	0	0	0	0	0	0	0	0	0	0	0	0	0	0	0	0	0	0	0	2	0	0	0	0	0	0	0	0	0	0	0	0	0	0	0	0	0	0	0	0	0	0	0	0	0	0	0	0	0	0	0	0	0	0	0	0	0	0	0	0	0	0	0	0	0	0	0	0	0	0	0	0	0	0	0	0	0	0	0	0	0	0	0	0	0	0	0	0	0	0	0	0	0	0	0	0	0	0	0	0	0	0	0	0	0	0	0	2	0	0	0	0	0	0	0	0	0	0	0	0	0	0	0	0	0	0	0	0	0	0	0	0	0	0	0	0	0	0	0	0	0	0	0	0	0	0	0	0	0	0	0	0	0	0	0	0	0	0	0	0	0	0	0	0	0	0	0	0	0	0	0	0	0	0	0	0	0	0	0	0	0	0	0	0	0	0	0	0	0	0	0	0	0	0	0	0	0	0	0	0	0	0	0	0	0	0	0	0	0	0	0	0	0	0	0	0	0	0	0	0	0	0	0	0	0	0	0	0	0	0	0	0	0	0	0	0	0	0	0	0	0	0	0	0	0	0	0	0	0	0	0	0	0	0	0	0	0	0	0	0	0	0	0	0	0	0	0	0	0	0	0	0	0	0	0	0	0	0	0	0	0	0	0	0	0	0	0	0	0	0	0	0	0	0	0	0	0	0	0	0	0	0	0	0	0	0	0	0	0	0	0	0	0	0	0	0	0	0	0	0	0	0	0	0	0	0	0	0	0	0	0	0	0	0	0	0	0	0	0	0	0	0	0	0	0	0	0	0	0	0	0	0	0	0	0	0	0	0	0	0	0	0	0	0	0	0	0	0	0	0	0	0	0	0	0	0	0	0	0	0	0	0	0	0	0	0	0	0	0	0	0	0	0	0	0	0	0	0	0	0	0	0	0	0	0	0	0	0	0	0	0	0	0	0	0	0	0	0	0	0	0	0	0	0	0	0	0	0	0	0	0	0	0	0	0	0	0	0	0	0	0	0	0	0	0	0	0	0	0	0	0	0	0	0	0	0	0	0	0	0	0	0	0	0	0	0	0	0	0	0	0	0	0	0	0	0	0	0	0	0	0	0	0	0	0	0	0	0	0	0	0	0	0	0	0	0	0	2	0	0	0	0	0	0	0	0	0	0	0	0	0	0	0	0	0	0	0	0	0	0	0	0	0	0	0	0	0	0	0	0	0	0	0	0	0	0	0	0	0	0	0	0	0	0	0	0	0	0	0	0	0	0	0	0	0	0	0	0	0	0	0	0	0	0	0	0	0	0	0	0	0	0	0	0	0	0	0	0	0	0	0	0	0	0	0	0	0	0	0	0	0	0	0	0	0	0	0	0	0	0	0	0	0	0	0	0	0	0	0	0	0	0	0	0	0	0	0	0	0	0	0	0	0
1977.08330830662	0	0	0	0	0	0	0	0	0	0	0	0	0	0	2	0	0	0	0	0	0	0	0	0	0	0	0	0	2	0	0	0	0	0	0	0	0	0	0	0	0	0	2	0	0	0	0	0	0	0	0	0	0	0	0	0	0	0	0	0	0	0	0	0	0	0	0	0	0	0	0	0	0	0	0	0	0	0	0	0	0	0	0	0	0	0	0	0	0	0	0	0	0	0	0	0	0	0	0	0	2	0	0	0	0	0	0	0	0	0	0	0	0	0	0	0	0	0	0	0	2	0	0	0	0	0	0	0	0	0	0	0	0	0	0	0	0	0	0	0	0	0	0	0	0	0	0	0	0	0	0	0	0	0	0	0	0	0	0	0	0	0	0	0	0	0	0	0	0	0	0	0	0	0	0	0	0	0	0	0	0	0	0	0	0	0	0	0	0	0	0	0	0	0	0	0	0	0	0	0	0	0	0	0	0	0	0	0	0	0	0	0	0	0	0	0	0	0	2	0	0	0	0	0	0	0	0	0	0	2	0	0	0	0	0	0	0	0	0	0	0	0	0	0	0	0	0	0	0	0	0	0	0	0	0	0	0	0	0	0	0	0	0	0	0	0	0	0	0	0	0	0	0	0	0	0	0	0	0	0	0	0	0	0	0	0	0	0	0	0	0	0	0	0	0	0	0	0	0	0	0	0	0	0	0	0	0	0	0	0	0	0	0	0	0	0	0	0	0	0	0	0	0	0	0	0	0	0	0	0	0	0	0	0	0	0	0	0	0	0	0	0	0	0	0	0	0	0	0	0	0	0	0	0	0	2	0	0	0	0	0	0	0	0	0	0	0	0	0	0	0	0	0	2	0	0	0	0	0	0	0	0	0	0	0	0	0	0	0	0	0	0	0	0	0	0	0	0	0	0	0	0	0	0	0	0	0	0	0	0	0	0	0	0	0	0	0	0	0	0	0	0	0	0	0	0	0	0	0	0	0	0	0	0	0	0	2	0	0	0	0	0	0	0	0	0	0	0	0	0	0	0	0	0	0	0	0	0	0	0	0	0	0	0	0	0	0	0	0	0	0	0	0	0	0	0	0	0	0	0	0	0	0	0	0	0	0	0	0	0	0	0	0	0	0	0	0	0	0	0	0	0	0	0	0	0	0	0	0	0	0	0	0	0	0	0	0	0	0	0	0	0	0	0	0	0	0	0	0	0	0	0	0	0	0	0	0	0	0	0	0	0	0	0	0	0	0	0	0	0	0	0	0	0	0	0	0	0	0	0	0	0	0	0	0	0	0	0	0	0	0	0	0	0	0	0	0	0	0	0	0	0	0	0	0	0	0	0	0	0	0	0	0	0	0	0	0	0	0	0	0	0	0	0	0	0	0	0	0	0	0	0	0	0	0	0	0	0	0	0	0	0	0	0	0	0	0	0	0	0	0	0	0	0	0	0	0	0	0	0	0	0	0	0	0	0	0	0	0	0	0	0	0	0	0	0	0	0	0	0	0	0	0	0	0	0	0	0	0	0	0	0	0	0	0	0	0	0	0	0	0	0	0	0	0	0	0	0	0	0	0	0	0	0	0	0	0	0	0	0	0	0	0	0	0	0	0	0	0	0	0	0	0	0	0	0	0	0	0	0	0	0	0	0	0	0	0	0	0	0	0	0	0	0	0	0	0	0	0	0	0	0	0	0	0	0	0	0	0	0	0	0	0	0	2	0	0	0	0	0	0	0	0	0	0	0	0	0	0	0	0	0	0	0	0	0	0	0	0	0	0	0	0	0	0	0	0	0	0	0	0	0	0	0	0	0	0	0	0	0	0	0	0	0	0	0	0	0	0	0	0	0	0	0	0	0	0	0	0	0	0	0	0	0	0	0	0	0	2	0	0	0	0	0	0	0	0	0	0	0	0	0	0	0	0	0	0	0	0	0	0	0	0	0	0	0	0	0	0	0	0	0	0	0	0	0	0	0	0	0	0	0	0	0	0	0	0	0	0	0	0	0	0	0	0	0	0	0	0	0	0	0	0	0	0	0	0	0	0	0
1979.8316906891	0	0	0	0	0	0	0	0	0	0	0	0	0	0	0	0	0	0	0	0	0	0	0	0	0	0	0	0	0	0	0	0	0	0	0	0	0	0	0	0	0	0	0	0	0	0	0	0	0	0	0	0	0	0	0	0	0	0	0	0	0	0	0	2	0	0	0	0	0	0	0	0	0	0	0	0	0	0	0	0	2	0	0	0	0	0	0	0	0	0	0	0	0	0	0	0	0	0	0	0	0	0	0	0	0	0	2	0	0	0	2	0	0	0	0	0	2	0	0	0	0	0	0	0	2	0	0	0	0	0	0	0	0	0	2	0	0	0	0	2	0	2	0	0	0	0	0	0	0	0	0	0	0	0	0	0	0	0	0	0	0	0	0	0	0	0	0	0	0	0	0	0	0	0	0	0	0	2	0	0	0	0	0	0	0	0	0	0	0	0	0	0	0	0	0	2	0	0	0	0	0	2	0	0	0	0	0	0	0	0	2	0	0	0	0	0	0	0	0	0	0	0	0	0	0	0	0	0	0	0	0	0	0	0	0	0	0	0	0	0	0	0	0	0	0	0	2	0	0	0	0	0	0	0	0	0	0	0	0	0	2	0	0	0	0	0	0	0	0	0	0	0	0	0	0	0	0	0	0	0	0	0	0	0	0	2	0	2	2	0	0	0	0	0	0	0	0	0	0	0	0	0	0	0	0	2	0	0	2	0	0	0	0	0	0	0	0	0	0	0	0	0	0	0	0	0	0	0	0	0	0	0	0	0	0	0	0	0	0	0	0	0	0	2	0	0	0	0	0	0	0	0	0	0	0	0	0	0	0	0	0	0	0	0	0	0	0	0	0	0	0	0	0	0	0	0	0	0	0	0	0	0	0	0	0	2	0	0	0	2	0	0	0	0	0	0	0	0	0	2	0	0	0	0	0	0	0	0	0	0	0	0	0	0	2	0	0	0	2	0	0	0	0	0	0	0	0	0	0	0	0	0	0	0	0	0	0	0	0	0	0	0	0	0	0	0	0	0	0	0	0	0	0	0	0	0	0	0	0	0	0	0	0	0	0	0	2	0	0	0	0	0	0	0	0	0	0	0	0	0	0	0	0	0	0	0	0	0	0	0	0	0	0	0	0	0	0	2	0	0	0	0	0	0	0	0	2	0	0	0	0	0	0	0	0	0	2	0	0	0	0	0	0	0	0	0	0	0	0	0	0	0	0	0	0	0	0	0	0	0	0	0	0	0	0	0	2	0	0	0	0	0	0	0	0	0	0	0	0	0	0	0	0	0	0	2	0	0	0	0	0	0	0	0	0	0	0	2	0	0	0	0	0	0	0	0	0	0	0	0	0	0	0	0	0	0	0	0	0	0	0	0	0	0	0	0	0	2	0	0	0	0	0	0	0	0	0	0	2	0	0	0	0	0	0	0	0	2	0	0	0	0	0	0	0	0	0	0	0	0	0	0	0	0	0	0	0	0	0	0	0	0	0	2	2	0	0	0	0	0	0	2	0	0	0	0	0	0	0	0	0	0	0	0	0	0	0	0	0	0	0	0	0	0	0	0	0	0	0	0	0	0	0	0	0	0	0	0	0	0	0	0	0	0	0	0	0	0	0	0	0	0	0	0	0	0	0	0	0	0	0	0	0	0	0	0	0	0	0	0	0	0	0	0	0	0	2	0	0	0	0	0	0	2	0	0	0	0	0	0	0	0	0	0	0	0	0	0	2	0	0	0	0	0	0	0	0	0	0	0	0	0	0	0	0	0	0	0	0	0	0	0	0	0	0	2	0	0	0	2	0	0	0	0	0	0	0	0	2	0	0	0	0	0	0	0	0	0	0	0	0	0	0	0	0	0	0	0	0	0	0	0	0	0	0	0	0	0	0	0	0	0	0	0	0	0	0	0	0	0	0	0	0	0	0	0	0	0	0	0	0	0	0	0	0	0	0	0	0	0	0	0	0	0	0	0	0	0	0	0	0	0	0	0	0	0	0	0	0	0	0	0	0	0	0	0	0	0	0	0	0	0	0	0	0	0	0	0	0	0
1982.58007307158	0	2	0	0	2	0	0	0	2	0	0	0	0	0	0	0	0	0	0	0	0	0	0	0	0	0	2	0	0	0	0	0	0	0	2	0	0	0	0	0	0	2	0	0	0	2	2	0	2	0	2	0	0	0	0	0	0	0	0	0	2	0	0	0	0	0	0	0	0	0	0	0	0	2	0	0	0	2	0	0	0	0	0	0	0	2	0	0	2	0	0	2	0	0	0	0	0	0	0	0	0	0	0	0	0	0	0	0	0	0	0	0	0	0	0	0	0	0	0	0	0	0	0	0	0	0	0	0	0	2	0	0	0	0	0	0	0	0	0	0	0	0	0	0	0	0	0	0	0	0	0	0	0	0	0	0	0	0	0	0	0	0	0	0	0	0	0	0	0	0	0	0	2	0	0	2	0	0	0	2	0	0	2	0	0	0	0	0	0	0	0	0	0	0	0	0	2	0	0	2	0	0	0	0	0	0	0	0	0	0	0	0	0	0	0	0	0	0	0	0	0	0	0	0	0	0	0	0	0	0	0	0	2	0	2	0	0	0	0	0	2	0	0	0	0	0	0	0	2	0	2	2	0	0	2	0	0	0	0	0	0	0	0	2	0	0	0	0	0	0	2	0	0	0	0	0	0	0	0	0	2	0	0	2	0	0	0	0	0	0	0	0	0	0	0	2	0	0	0	0	0	0	0	0	0	0	0	2	0	0	0	0	0	0	0	0	0	0	0	0	0	0	0	0	0	0	0	0	0	0	0	0	0	0	0	2	0	0	2	0	0	0	0	0	0	0	0	0	0	0	0	0	0	0	0	0	0	0	0	0	0	0	0	2	0	0	0	2	0	0	0	0	0	0	0	0	0	0	0	0	2	0	0	0	0	0	0	0	0	0	0	0	0	0	0	0	0	0	0	0	0	0	0	0	0	2	0	0	0	0	0	0	0	0	0	0	0	0	0	0	0	0	0	0	0	0	2	0	0	0	2	0	0	0	0	0	0	0	2	0	0	0	0	0	0	0	0	0	0	0	0	0	0	0	0	0	0	0	0	0	2	0	0	0	0	0	0	0	0	0	0	0	0	0	0	0	0	0	0	0	2	0	0	0	0	0	0	0	0	0	0	0	0	0	0	0	0	0	0	0	0	0	0	0	0	0	0	0	0	0	0	0	0	0	0	0	0	0	0	0	0	2	0	0	2	0	0	0	0	0	0	0	0	0	0	0	0	0	0	0	0	0	0	0	0	0	0	0	0	0	0	0	0	0	0	0	0	0	0	0	0	2	0	0	0	0	2	0	0	0	0	0	0	0	0	0	0	0	0	0	0	0	0	0	0	2	0	0	0	2	0	2	0	0	0	0	0	0	0	0	0	0	0	0	0	0	0	0	0	0	0	0	0	2	0	2	2	0	0	0	2	0	0	0	0	0	0	0	0	0	0	0	0	0	0	0	0	0	0	0	0	0	0	0	0	0	0	0	2	0	0	0	0	0	0	0	0	0	0	0	0	0	0	0	0	0	0	0	0	0	0	2	0	0	0	0	0	2	2	0	2	0	2	0	0	0	2	0	0	0	0	0	0	0	2	0	0	0	0	0	0	0	0	0	0	0	0	0	0	0	0	0	0	0	0	0	0	0	0	0	0	0	0	0	0	0	0	0	0	0	0	0	0	0	0	0	0	0	0	0	2	0	2	0	0	0	0	0	2	0	0	2	2	0	0	0	0	2	0	0	0	0	0	0	0	0	2	0	0	0	0	0	0	0	0	0	0	0	0	0	0	0	0	0	0	0	0	0	0	0	0	0	0	0	0	0	0	0	0	0	0	0	0	0	0	0	2	0	0	0	2	0	0	2	0	0	2	0	0	0	2	0	0	0	0	0	0	0	0	0	0	0	0	0	2	2	0	0	0	0	0	2	0	0	0	0	0	2	2	0	0	0	0	0	0	0	0	0	0	0	0	0	0	2	0	0	0	0	0	2	0	0	0	0	0	0	0	2	0	0	0	0	0	0	0	0	0	0	0	0	0	0	0	0	0	0	0	0	0	0
1985.32845545405	0	0	0	0	0	0	0	0	0	2	0	0	0	0	0	2	0	0	2	0	0	0	0	0	0	0	0	0	0	0	0	0	0	0	0	0	0	0	0	0	0	0	0	0	0	0	0	0	0	0	0	0	0	2	2	0	2	0	2	0	0	0	2	0	0	0	0	0	0	0	2	0	0	0	0	0	0	0	2	0	0	0	2	0	2	0	0	0	0	0	0	0	0	0	2	0	2	0	0	0	0	0	0	0	0	0	0	0	0	0	0	0	0	0	0	0	0	0	0	0	0	0	0	0	0	0	0	0	0	0	0	0	0	0	0	0	0	0	0	0	0	0	0	0	0	2	0	0	2	0	0	0	0	0	0	0	2	0	2	0	0	0	0	0	0	0	0	0	0	0	0	0	0	0	0	0	2	0	0	0	0	0	0	0	0	0	0	0	0	0	0	0	0	0	0	0	0	0	0	0	0	0	0	0	2	0	0	0	0	0	0	0	2	0	0	0	0	0	0	0	0	2	0	0	2	0	0	2	0	0	0	0	0	0	0	2	0	0	0	0	0	0	0	0	0	0	0	0	0	0	0	0	0	0	0	0	2	2	0	0	0	0	0	0	0	0	0	0	0	0	0	0	0	0	0	0	0	0	0	0	0	0	0	0	0	0	0	0	0	0	0	0	0	0	0	0	0	0	0	2	2	0	0	0	0	0	0	0	0	2	2	0	0	0	0	2	0	0	0	0	0	0	0	0	0	0	0	0	0	0	0	2	0	0	0	0	0	0	0	2	0	0	0	0	0	0	0	0	0	0	0	0	0	0	0	0	0	0	0	0	0	0	0	0	0	0	0	0	0	0	0	0	0	0	2	0	0	0	2	0	0	0	0	0	0	0	0	0	0	0	0	0	0	0	0	0	0	0	2	0	0	0	0	0	0	0	2	0	0	2	0	0	0	2	0	2	0	0	0	0	0	0	0	0	0	2	0	0	0	0	0	0	0	0	0	0	0	0	0	0	0	2	2	2	0	0	0	0	0	0	0	0	0	0	2	0	0	0	0	0	0	0	0	0	0	0	0	2	0	0	0	0	0	0	0	0	0	0	0	0	0	0	0	0	0	0	0	0	0	0	0	0	2	0	0	0	0	0	0	0	0	0	0	0	0	0	0	2	0	0	0	0	0	0	0	0	0	2	0	0	0	0	0	0	0	2	0	0	0	0	0	0	0	0	0	0	0	0	0	2	0	0	0	0	0	0	0	0	0	0	0	2	0	0	2	0	0	0	2	0	2	0	0	0	0	0	0	0	2	0	0	0	0	0	0	0	2	0	0	0	2	2	0	0	0	0	0	0	0	0	0	0	0	0	0	0	0	0	2	0	2	0	0	0	0	0	0	0	2	0	0	0	0	0	0	0	0	0	0	0	0	0	0	0	0	0	0	0	0	2	0	0	2	0	0	0	2	0	0	0	0	0	0	0	0	0	2	0	0	0	0	0	0	0	0	0	0	0	0	0	0	0	2	0	2	0	0	0	0	0	0	0	0	0	0	2	0	0	0	0	0	0	0	0	0	2	0	2	0	0	0	0	0	0	0	0	0	2	0	0	0	2	0	0	0	0	0	0	0	0	2	0	0	0	0	0	0	0	0	0	0	0	0	0	0	0	0	0	2	0	2	0	0	0	2	0	0	0	0	0	0	0	0	0	0	0	2	2	0	0	0	0	0	2	0	0	0	0	0	0	0	0	0	0	0	0	0	2	0	0	2	0	0	0	0	0	0	0	0	0	0	0	0	2	0	0	0	0	0	0	0	0	0	0	0	0	0	0	0	2	0	0	0	0	0	0	0	0	0	0	0	0	0	0	0	0	0	2	0	0	0	2	0	0	2	0	0	0	0	0	0	0	2	0	0	0	0	0	2	0	2	0	0	0	0	0	0	0	0	0	0	0	0	0	0	0	0	0	0	0	0	0	0	0	0	0	0	0	0	0	0	0	0	0	0	0	0	0	0	0	0	0	0	0	0	0	0	2	0	2	0	0	0	0	2	0	0	2	0	0
1988.07683783653	0	0	0	2	0	0	2	0	0	0	0	0	0	0	0	0	0	2	0	0	0	0	0	0	0	0	0	0	0	2	0	0	0	2	0	0	0	0	0	0	2	0	0	0	0	0	0	0	0	2	0	0	0	0	0	0	0	0	0	0	0	0	0	0	0	0	0	0	0	0	0	0	0	0	0	0	2	0	0	0	0	2	0	0	0	0	0	2	0	0	0	0	0	0	0	0	0	0	0	0	0	0	2	0	0	0	0	0	0	0	0	0	0	0	0	0	0	0	0	0	0	0	0	0	0	0	0	0	0	0	0	0	0	0	0	0	0	0	0	0	0	0	0	0	2	0	0	0	0	0	0	0	0	0	0	0	0	0	0	0	0	0	0	0	2	2	0	0	0	0	0	0	0	0	0	0	0	0	0	0	2	0	0	0	0	0	0	0	0	0	0	0	0	0	0	0	0	0	0	0	0	0	0	0	0	2	0	0	0	0	0	0	0	0	0	0	0	0	0	0	0	0	0	0	0	0	0	0	0	0	0	0	0	0	0	0	0	0	0	0	0	0	0	0	0	0	0	0	0	0	0	0	0	0	0	0	0	0	0	0	0	0	0	0	0	2	0	0	0	0	0	0	0	0	0	0	0	0	2	0	0	0	0	0	0	0	0	0	0	0	0	0	2	2	0	0	0	0	0	0	0	0	0	0	0	0	0	0	0	0	0	0	0	0	0	0	0	0	0	2	0	0	0	0	0	0	0	0	0	0	0	0	0	0	0	0	0	0	0	0	0	0	0	0	0	0	2	0	2	0	0	0	0	0	0	0	0	0	0	0	2	0	0	0	0	0	0	0	0	0	2	0	2	0	0	0	0	0	0	0	0	0	0	0	0	0	0	0	0	0	0	0	0	0	0	0	0	0	0	0	0	0	0	0	0	0	0	0	0	0	0	2	2	0	0	0	0	0	0	0	0	0	0	0	0	0	0	0	2	0	0	0	0	0	0	0	0	0	0	0	2	0	0	0	0	0	0	0	0	0	0	0	0	0	0	2	0	0	0	0	0	0	0	0	0	0	0	0	0	0	0	0	0	2	0	0	0	0	0	0	0	0	2	0	0	0	0	0	0	0	0	2	0	0	0	0	0	0	0	0	0	0	0	0	0	0	0	0	0	2	0	0	0	0	0	0	0	0	0	0	0	0	0	0	0	0	0	2	0	0	0	0	0	0	0	0	0	0	0	0	0	0	0	0	0	0	0	0	0	0	0	0	0	0	0	0	0	0	0	0	0	0	0	0	2	0	0	0	0	0	0	2	0	0	0	0	0	0	0	2	0	0	0	0	2	0	0	0	0	0	0	0	0	0	0	0	0	0	0	0	0	0	0	0	0	0	2	0	0	0	0	2	0	0	0	0	0	0	0	0	0	0	0	0	0	0	0	0	2	0	0	0	0	0	0	0	0	0	0	2	0	0	0	0	0	0	0	0	0	2	0	0	0	0	0	0	2	0	0	0	0	0	0	0	0	0	2	0	2	0	0	0	0	0	0	0	0	0	0	0	0	0	0	0	0	0	0	0	0	0	0	0	0	0	0	2	0	0	0	0	0	0	0	0	0	0	0	0	2	0	0	0	0	0	0	0	0	2	0	0	0	0	0	2	0	0	0	0	0	0	0	0	0	0	0	2	0	0	0	0	0	0	0	0	0	0	0	0	0	2	0	0	0	0	0	0	0	0	0	0	0	0	0	0	0	0	0	0	0	0	0	0	0	0	0	2	0	2	0	0	0	0	0	0	0	0	0	0	0	0	0	0	0	0	0	0	0	0	0	0	0	0	2	0	0	0	0	0	0	0	0	2	0	0	0	0	0	0	0	0	0	0	0	0	0	2	0	0	0	0	0	0	0	0	0	0	0	0	0	0	0	0	0	0	0	0	0	0	0	0	0	0	0	0	0	0	2	0	0	0	0	0	2	0	0	0	0	0	0	0	0	0	0	0	0	0	0	0	0	0	0	0	0	0	0	0	0	0	0	0	0	2	2	2	0	0	0	0	0	0
1990.82522021901	0	0	0	0	0	0	0	0	0	0	0	0	0	0	0	0	0	0	0	0	0	0	0	0	0	0	0	0	0	0	0	0	0	0	0	0	0	0	0	0	0	0	0	0	0	0	0	0	0	0	0	0	0	0	0	0	0	0	0	0	0	0	0	0	0	0	0	0	0	0	0	2	0	0	0	0	0	0	0	0	0	0	0	0	0	0	0	0	0	0	0	0	0	0	0	0	0	0	0	0	0	0	0	0	0	0	0	0	0	0	0	0	0	0	0	0	0	0	0	0	0	0	0	0	0	0	0	0	0	0	0	0	0	0	0	0	0	0	0	0	0	0	0	0	0	0	2	0	0	0	0	0	0	0	0	0	0	0	0	0	2	0	0	0	0	0	0	0	0	2	0	0	0	0	0	0	0	0	0	0	0	0	0	0	0	0	0	0	0	0	0	0	0	0	0	0	0	0	0	0	0	0	0	0	0	0	0	0	0	0	0	0	0	0	0	0	0	0	0	0	2	0	0	0	0	0	0	0	0	0	0	0	0	0	0	0	0	0	0	0	0	0	0	0	0	0	0	0	0	0	0	0	0	0	0	0	0	0	0	0	0	0	0	0	0	0	0	0	0	0	0	0	0	0	0	0	0	0	0	0	0	2	0	0	0	0	0	0	0	0	0	0	0	0	0	0	0	2	0	0	0	0	0	0	0	0	0	0	0	0	0	0	0	0	0	0	0	0	0	0	0	0	0	0	0	0	2	0	0	0	2	0	0	0	0	0	0	0	0	0	0	0	0	0	0	0	0	0	0	0	0	0	0	0	0	0	0	0	0	0	0	0	0	0	0	0	2	0	0	0	0	0	0	0	0	0	0	0	0	0	0	2	0	0	0	0	0	0	0	0	0	0	0	0	0	0	0	2	0	0	0	0	0	0	0	0	0	0	0	0	0	0	0	0	0	0	0	0	0	2	0	0	0	0	0	0	0	0	0	0	0	0	0	0	0	0	0	0	0	0	0	0	0	0	0	0	0	0	0	0	0	0	0	0	0	0	0	0	0	0	0	0	0	0	0	0	0	0	0	0	0	0	0	0	0	0	0	0	0	0	0	0	0	0	0	0	0	0	0	0	0	0	0	0	0	0	0	0	0	0	0	0	0	0	0	0	0	0	0	0	0	0	0	0	0	0	0	0	0	0	0	0	0	0	0	0	0	0	0	0	0	0	0	0	0	0	0	0	2	0	0	0	0	0	0	0	0	0	0	0	0	0	0	0	0	0	0	0	0	0	0	0	0	0	0	0	0	0	0	0	0	0	0	0	0	0	0	0	0	0	0	0	0	0	0	0	0	0	0	0	0	0	0	0	0	0	0	0	0	0	0	0	0	0	0	0	0	0	0	0	0	0	0	0	0	0	0	0	0	0	0	0	0	0	0	0	0	0	0	0	0	0	0	2	0	0	0	0	0	0	0	0	0	0	0	0	0	0	0	0	0	0	0	0	0	0	0	0	0	0	0	0	0	0	0	0	0	0	0	0	0	0	0	0	0	0	0	0	0	0	0	0	0	0	0	0	0	0	0	0	0	0	0	0	0	0	0	0	0	0	0	0	0	0	0	0	0	0	0	0	0	0	0	0	0	0	0	0	2	0	0	0	0	0	0	0	0	0	0	0	0	0	0	0	0	0	0	0	0	0	0	0	0	0	0	0	0	0	0	0	0	0	0	0	0	0	2	0	0	0	0	0	0	0	0	0	0	0	0	0	0	0	0	0	0	0	0	0	0	0	0	0	0	0	0	0	0	0	0	0	0	0	0	0	0	0	0	0	0	0	0	0	0	0	0	0	0	0	0	0	0	0	0	0	0	0	0	0	0	0	0	0	0	0	0	0	0	0	0	0	0	0	0	0	0	0	0	0	0	0	0	0	0	0	0	0	0	0	0	0	0	0	0	0	0	0	0	0	2	0	0	0	0	0	0	0	0	0	0	0	0	0	0	0	0	0	0	0	0	0	0	0	0	0	0	0	0	0	0	0	0	0	0	0	0	0	0	0	0	0
1993.57360260149	0	0	0	0	0	0	0	0	0	0	0	0	0	0	0	0	0	0	0	0	0	0	0	0	0	0	0	0	0	0	0	0	0	0	0	0	0	0	0	0	0	0	0	0	0	0	0	0	0	0	0	0	0	0	0	0	0	0	0	0	0	0	0	0	0	0	0	0	0	0	0	0	0	0	0	0	0	0	0	0	0	0	0	0	0	0	0	0	0	0	0	0	0	0	0	0	0	0	0	0	0	0	0	0	0	0	0	0	0	0	0	0	0	0	0	0	0	0	0	0	0	0	0	0	0	0	0	0	0	0	0	0	0	0	0	0	0	0	0	0	0	0	0	0	0	0	0	0	0	0	0	0	0	0	0	0	0	0	0	0	0	0	0	0	0	0	0	0	0	0	0	0	0	0	0	0	0	0	0	0	0	0	0	0	0	0	0	0	0	0	0	0	0	0	0	0	0	0	0	0	0	0	0	0	0	0	0	0	0	0	0	0	0	0	0	0	0	0	0	0	0	0	0	0	0	0	0	0	0	0	0	0	0	0	0	0	0	0	0	0	0	0	0	0	0	0	0	0	0	0	0	0	0	0	0	0	0	0	0	0	0	0	0	0	0	0	0	0	0	0	0	0	0	0	0	0	0	0	0	0	0	0	0	0	0	0	0	0	0	0	0	0	0	0	0	0	0	0	0	0	0	0	0	0	0	0	0	0	0	0	0	0	0	0	0	0	0	0	0	0	0	0	0	0	0	0	0	0	0	0	0	0	0	0	0	0	0	0	0	0	0	0	0	0	0	0	0	0	0	0	0	0	0	0	0	0	0	0	0	0	0	0	0	0	0	0	0	0	0	0	0	0	0	0	0	0	0	0	0	0	0	0	0	0	0	0	0	0	0	0	0	0	0	0	0	0	0	0	0	0	0	0	0	0	0	0	0	0	0	0	0	0	0	0	0	0	0	0	0	0	0	0	0	0	0	0	0	0	0	0	0	0	0	0	0	0	0	0	0	0	0	0	0	0	0	0	0	0	0	0	0	0	0	0	0	0	0	0	0	0	0	0	0	0	0	0	0	0	0	0	0	0	0	0	0	0	0	0	0	0	0	0	0	0	0	0	0	0	0	0	0	0	0	0	0	0	0	0	0	0	0	0	0	0	0	0	0	0	0	0	0	0	0	0	0	0	0	0	0	0	0	0	0	0	0	0	0	0	0	0	0	0	0	0	0	0	0	0	0	0	0	0	0	0	0	0	0	0	0	0	0	0	0	0	0	0	0	0	0	0	0	0	0	0	0	0	0	0	0	0	0	0	0	0	0	0	0	0	0	0	0	0	0	0	0	0	0	0	0	0	0	0	0	0	0	0	0	0	0	0	0	0	0	0	0	0	0	0	0	0	0	0	0	0	0	0	0	0	0	0	0	0	0	0	0	0	0	0	0	0	0	0	0	0	0	0	0	0	0	0	0	0	0	0	0	0	0	0	0	0	0	0	0	0	0	0	0	0	0	0	0	0	0	0	0	0	0	0	0	0	0	0	0	0	0	0	0	0	0	0	0	0	0	0	0	0	0	0	0	0	0	0	0	0	0	0	0	0	0	0	0	0	0	0	0	0	0	0	0	0	0	0	0	0	0	0	0	0	0	0	0	0	0	0	0	0	0	0	0	0	0	0	0	0	0	0	0	0	0	0	0	0	0	0	0	0	0	0	0	0	0	0	0	0	0	0	0	0	0	0	0	0	0	0	0	0	0	0	0	0	0	0	0	0	0	0	0	0	0	0	0	2	0	0	0	0	0	0	0	0	0	0	0	0	0	0	0	0	0	0	0	0	0	0	0	0	0	0	0	0	0	0	0	0	0	0	0	0	0	0	0	0	0	0	0	0	0	0	0	0	0	0	0	0	0	0	0	0	0	0	0	0	0	0	0	0	0	0	0	0	0	0	0	0	0	0	0	0	0	0	0	0	0	0	0	0	0	0	0	0	0	0	0	0	0	0	0	0	0	0	0	0	0	0	0	0	0	0	0	0	0	0	0	0	0	0	0	0	0	0
1996.32198498397	0	0	0	0	0	0	0	0	0	0	0	0	0	0	0	0	0	0	0	0	0	0	0	0	0	0	0	0	0	0	0	0	0	0	0	0	0	0	0	0	0	0	0	0	0	0	0	0	0	0	0	0	0	0	0	0	0	0	0	0	0	0	0	0	0	0	0	0	0	0	0	0	0	0	0	0	0	0	0	0	0	0	0	0	0	0	0	0	0	0	0	0	0	0	0	0	0	0	0	0	0	0	0	0	0	0	0	0	0	0	0	0	0	0	0	0	0	0	0	0	0	0	0	0	0	0	0	0	0	0	0	0	0	0	0	0	0	0	0	0	0	0	0	0	0	0	0	0	0	0	0	0	0	0	0	0	0	0	0	0	0	0	0	0	0	0	0	0	0	0	0	0	0	0	0	0	0	0	0	0	0	0	0	0	0	0	0	0	0	0	0	0	0	0	0	0	0	0	0	0	0	0	0	0	0	0	0	0	0	0	0	0	0	0	0	0	0	0	0	0	0	0	0	0	0	0	0	0	0	0	0	0	0	0	0	0	0	0	0	0	0	0	0	0	0	0	0	0	0	0	0	0	0	0	0	0	0	0	0	0	0	0	0	0	0	0	0	0	0	0	0	0	0	0	0	0	0	0	0	0	0	0	0	0	0	0	0	0	0	0	0	0	0	0	0	0	0	0	0	0	0	0	0	0	0	0	0	0	0	0	0	0	0	0	0	0	0	0	0	0	0	0	0	0	0	0	0	0	0	0	0	0	0	0	0	0	0	0	0	0	0	0	0	0	0	0	0	0	0	0	0	0	0	0	0	0	0	0	0	0	0	0	0	0	0	0	0	0	0	0	0	0	0	0	0	0	0	0	0	0	0	0	0	0	0	0	0	0	0	0	0	0	0	0	0	0	0	0	0	0	0	0	0	0	0	0	0	0	0	0	0	0	0	0	0	0	0	0	0	0	0	0	0	0	0	0	0	0	0	0	0	0	0	0	0	0	0	0	0	0	0	0	0	0	0	0	0	0	0	0	0	0	0	0	0	0	0	0	0	0	0	0	0	0	0	0	0	0	0	0	0	0	0	0	0	0	0	0	0	0	0	0	0	0	0	0	0	0	0	0	0	0	0	0	0	0	0	0	0	0	0	0	0	0	0	0	0	0	0	0	0	0	0	0	0	0	0	0	0	0	0	0	0	0	0	0	0	0	0	0	0	0	0	0	0	0	0	0	0	0	0	0	0	0	0	0	0	0	0	0	0	0	0	0	0	0	0	0	0	0	0	0	0	0	0	0	0	0	0	0	0	0	0	0	0	0	0	0	0	0	0	0	0	0	0	0	0	0	0	0	0	0	0	0	0	0	0	0	0	0	0	0	0	0	0	0	0	0	0	0	0	0	0	0	0	0	0	0	0	0	0	0	0	0	0	0	0	0	0	0	0	0	0	0	0	0	0	0	0	0	0	0	0	0	0	0	0	0	0	0	0	0	0	0	0	0	0	0	0	0	0	0	0	0	0	0	0	0	0	0	0	0	0	0	0	0	0	0	0	0	0	0	0	0	0	0	0	0	0	0	0	0	0	0	0	0	0	0	0	0	0	0	0	0	0	0	0	0	0	0	0	0	0	0	0	0	0	0	0	0	0	0	0	0	0	0	0	0	0	0	0	0	0	0	0	0	0	0	0	0	0	0	0	0	0	0	0	0	0	0	0	0	0	0	0	0	0	0	0	0	0	0	0	0	0	0	0	0	0	0	0	0	0	0	0	0	0	0	0	0	0	0	0	0	0	0	0	0	0	0	0	0	0	0	0	0	0	0	0	0	0	0	0	0	0	0	0	0	0	0	0	0	0	0	0	0	0	0	0	0	0	0	0	0	0	0	0	0	0	0	0	0	0	0	0	0	0	0	0	0	0	0	0	0	0	0	0	0	0	0	0	0	0	0	0	0	0	0	0	0	0	0	0	0	0	0	0	0	0	0	0	0	0	0	0	0	0	0	0	0	0	0	0	0	0	0	0	0	0	0	0	0	0	0	0	0	0	0	0	0
1999.07036736645	0	0	0	0	0	0	0	0	0	0	0	0	0	0	0	0	0	0	0	0	0	0	0	0	0	0	0	0	0	0	0	0	0	0	0	0	0	0	0	0	0	0	0	0	0	0	0	0	0	0	0	0	0	0	0	0	0	0	0	0	0	0	0	0	0	0	0	0	0	0	0	0	0	0	0	0	0	0	0	0	0	0	0	0	0	0	0	0	0	0	0	0	0	0	0	0	0	0	0	0	0	0	0	0	0	0	0	0	0	0	0	0	0	0	0	0	0	0	0	0	0	0	0	0	0	0	0	0	0	0	0	0	0	0	0	0	0	0	0	0	0	0	0	0	0	0	0	0	0	0	0	0	0	0	0	0	0	0	0	0	0	0	0	0	0	0	0	0	0	0	0	0	0	0	0	0	0	0	0	0	0	0	0	0	0	0	0	0	0	0	0	0	0	0	0	0	0	0	0	0	0	0	0	0	0	0	0	0	0	0	0	0	0	0	0	0	0	0	0	0	0	0	0	0	0	0	0	0	0	0	0	0	0	0	0	0	0	0	0	0	0	0	0	0	0	0	0	0	0	0	0	0	0	0	0	0	0	0	0	0	0	0	0	0	0	0	0	0	0	0	0	0	0	0	0	0	0	0	0	0	0	0	0	0	0	0	0	0	0	0	0	0	0	0	0	0	0	0	0	0	0	0	0	0	0	0	0	0	0	0	0	0	0	0	0	0	0	0	0	0	0	0	0	0	0	0	0	0	0	0	0	0	0	0	0	0	0	0	0	0	0	0	0	0	0	0	0	0	0	0	0	0	0	0	0	0	0	0	0	0	0	0	0	0	0	0	0	0	0	0	0	0	0	0	0	0	0	0	0	0	0	0	0	0	0	0	0	0	0	0	0	0	0	0	0	0	0	0	0	0	0	0	0	0	0	0	0	0	0	0	0	0	0	0	0	0	0	0	0	0	0	0	0	0	0	0	0	0	0	0	0	0	0	0	0	0	0	0	0	0	0	0	0	0	0	0	0	0	0	0	0	0	0	0	0	0	0	0	0	0	0	0	0	0	0	0	0	0	0	0	0	0	0	0	0	0	0	0	0	0	0	0	0	0	0	0	0	0	0	0	0	0	0	0	0	0	0	0	0	0	0	0	0	0	0	0	0	0	0	0	0	0	0	0	0	0	0	0	0	0	0	0	0	0	0	0	0	0	0	0	0	0	0	0	0	0	0	0	0	0	0	0	0	0	0	0	0	0	0	0	0	0	0	0	0	0	0	0	0	0	0	0	0	0	0	0	0	0	0	0	0	0	0	0	0	0	0	0	0	0	0	0	0	0	0	0	0	0	0	0	0	0	0	0	0	0	0	0	0	0	0	0	0	0	0	0	0	0	0	0	0	0	0	0	0	0	0	0	0	0	0	0	0	0	0	0	0	0	0	0	0	0	0	0	0	0	0	0	0	0	0	0	0	0	0	0	0	0	0	0	0	0	0	0	0	0	0	0	0	0	0	0	0	0	0	0	0	0	0	0	0	0	0	0	0	0	0	0	0	0	0	0	0	0	0	0	0	0	0	0	0	0	0	0	0	0	0	0	0	0	0	0	0	0	0	0	0	0	0	0	0	0	0	0	0	0	0	0	0	0	0	0	0	0	0	0	0	0	0	0	0	0	0	0	0	0	0	0	0	0	0	0	0	0	0	0	0	0	0	0	0	0	0	0	0	0	0	0	0	0	0	0	0	0	0	0	0	0	0	0	0	0	0	0	0	0	0	0	0	0	0	0	0	0	0	0	0	0	0	0	0	0	0	0	0	0	0	0	0	0	0	0	0	0	0	0	0	0	0	0	0	0	0	0	0	0	0	0	0	0	0	0	0	0	0	0	0	0	0	0	0	0	0	0	0	0	0	0	0	0	0	0	0	0	0	0	0	0	0	0	0	0	0	0	0	0	0	0	0	0	0	0	0	0	0	0	0	0	0	0	0	0	0	0	0	0	0	0	0	0	0	0	0	0	0	0	0	0	0	0	0	0	0	0	0	0	0	0	0	0
2001.81874974893	0	0	0	0	0	0	0	0	0	0	0	0	0	0	0	0	0	0	0	0	0	0	0	0	0	0	0	0	0	0	0	0	0	0	0	0	0	0	0	0	0	0	0	0	0	0	0	0	0	0	0	0	0	0	0	0	0	0	0	0	0	0	0	0	0	0	0	0	0	0	0	0	0	0	0	0	0	0	0	0	0	0	0	0	0	0	0	0	0	0	0	0	0	0	0	0	0	0	0	0	0	0	0	0	0	0	0	0	0	0	0	0	0	0	0	0	0	0	0	0	0	0	0	0	0	0	0	0	0	0	0	0	0	0	0	0	0	0	0	0	0	0	0	0	0	0	0	0	0	0	0	0	0	0	0	0	0	0	0	0	0	0	0	0	0	0	0	0	0	0	0	0	0	0	0	0	0	0	0	0	0	0	0	0	0	0	0	0	0	0	0	0	0	0	0	0	0	0	0	0	0	0	0	0	0	0	0	0	0	0	0	0	0	0	0	0	0	0	0	0	0	0	0	0	0	0	0	0	0	0	0	0	0	0	0	0	0	0	0	0	0	0	0	0	0	0	0	0	0	0	0	0	0	0	0	0	0	0	0	0	0	0	0	0	0	0	0	0	0	0	0	0	0	0	0	0	0	0	0	0	0	0	0	0	0	0	0	0	0	0	0	0	0	0	0	0	0	0	0	0	0	0	0	0	0	0	0	0	0	0	0	0	0	0	0	0	0	0	0	0	0	0	0	0	0	0	0	0	0	0	0	0	0	0	0	0	0	0	0	0	0	0	0	0	0	0	0	0	0	0	0	0	0	0	0	0	0	0	0	0	0	0	0	0	0	0	0	0	0	0	0	0	0	0	0	0	0	0	0	0	0	0	0	0	0	0	0	0	0	0	0	0	0	0	0	0	0	0	0	0	0	0	0	0	0	0	0	0	0	0	0	0	0	0	0	0	0	0	0	0	0	0	0	0	0	0	0	0	0	0	0	0	0	0	0	0	0	0	0	0	0	0	0	0	0	0	0	0	0	0	0	0	0	0	0	0	0	0	0	0	0	0	0	0	0	0	0	0	0	0	0	0	0	0	0	0	0	0	0	0	0	0	0	0	0	0	0	0	0	0	0	0	0	0	0	0	0	0	0	0	0	0	0	0	0	0	0	0	0	0	0	0	0	0	0	0	0	0	0	0	0	0	0	0	0	0	0	0	0	0	0	0	0	0	0	0	0	0	0	0	0	0	0	0	0	0	0	0	0	0	0	0	0	0	0	0	0	0	0	0	0	0	0	0	0	0	0	0	0	0	0	0	0	0	0	0	0	0	0	0	0	0	0	0	0	0	0	0	0	0	0	0	0	0	0	0	0	0	0	0	0	0	0	0	0	0	0	0	0	0	0	0	0	0	0	0	0	0	0	0	0	0	0	0	0	0	0	0	0	0	0	0	0	0	0	0	0	0	0	0	0	0	0	0	0	0	0	0	0	0	0	0	0	0	0	0	0	0	0	0	0	0	0	0	0	0	0	0	0	0	0	0	0	0	0	0	0	0	0	0	0	0	0	0	0	0	0	0	0	0	0	0	0	0	0	0	0	0	0	0	0	0	0	0	0	0	0	0	0	0	0	0	0	0	0	0	0	0	0	0	0	0	0	0	0	0	0	0	0	0	0	0	0	0	0	0	0	0	0	0	0	0	0	0	0	0	0	0	0	0	0	0	0	0	0	0	0	0	0	0	0	0	0	0	0	0	0	0	0	0	0	0	0	0	0	0	0	0	0	0	0	0	0	0	0	0	0	0	0	0	0	0	0	0	0	0	0	0	0	0	0	0	0	0	0	0	0	0	0	0	0	0	0	0	0	0	0	0	0	0	0	0	0	0	0	0	0	0	0	0	0	0	0	0	0	0	0	0	0	0	0	0	0	0	0	0	0	0	0	0	0	0	0	0	0	0	0	0	0	0	0	0	0	0	0	0	0	0	0	0	0	0	0	0	0	0	0	0	0	0	0	0	0	0	0	0	0	0	0	0	0	0	0	0	0	0	0	0	0	0
2004.56713213141	0	0	0	0	0	0	0	0	0	0	0	0	0	0	0	0	0	0	0	0	0	0	0	0	0	0	0	0	3	0	0	0	0	0	0	0	0	0	3	0	0	0	3	0	0	0	0	0	0	0	0	0	0	0	0	0	0	0	0	0	0	0	0	0	0	0	0	0	0	0	0	0	0	0	0	0	0	0	0	0	0	0	0	0	0	0	0	0	0	0	0	0	0	0	0	0	0	0	0	0	0	0	0	0	0	0	0	0	0	0	0	0	0	0	0	0	0	0	0	0	0	0	0	0	0	0	0	0	0	0	0	0	0	0	0	0	0	0	0	0	0	0	0	3	0	0	0	0	0	0	0	0	0	0	0	0	0	0	0	0	0	0	0	0	0	0	0	0	0	0	0	0	0	0	0	0	0	0	0	0	0	0	0	0	0	0	0	0	0	0	0	0	0	0	0	0	0	0	0	0	0	0	0	0	0	0	0	0	0	0	3	0	0	0	0	0	0	0	0	0	0	0	0	0	0	0	0	0	0	0	0	0	0	0	0	0	3	0	0	0	0	0	0	0	0	0	0	0	0	0	0	0	3	0	3	0	0	0	0	0	0	0	0	0	0	0	0	0	0	0	0	0	0	0	0	0	0	0	0	0	0	0	3	0	0	0	0	0	0	0	0	0	0	0	0	0	0	0	0	0	0	0	0	0	0	0	0	0	0	0	0	0	0	0	0	0	0	0	0	0	0	0	3	0	0	0	0	0	0	0	0	0	0	0	0	0	0	0	0	0	0	0	0	0	0	0	0	0	0	3	0	0	0	0	0	0	0	0	0	0	0	0	0	0	0	0	0	0	0	0	0	0	0	0	0	0	0	0	0	0	0	0	0	0	0	0	0	0	0	0	0	0	0	0	0	0	0	0	0	0	0	0	0	0	0	0	0	0	0	0	0	0	0	0	3	0	0	0	0	0	0	0	3	0	0	0	0	0	0	0	0	0	0	0	0	0	0	0	0	0	0	0	0	0	0	0	0	3	0	0	0	3	0	0	0	0	0	0	0	0	0	0	3	0	0	0	0	0	0	0	0	0	0	0	0	0	0	0	0	0	0	0	0	0	0	0	0	0	0	0	0	0	0	0	0	0	0	0	0	0	0	0	0	0	0	0	0	0	0	0	0	0	0	0	0	0	0	0	0	3	0	0	0	0	0	0	0	0	0	0	0	0	0	0	0	0	0	0	0	0	0	0	0	3	0	0	0	0	0	0	0	0	0	0	0	0	0	0	0	0	0	0	0	0	0	0	0	0	0	0	0	0	0	0	0	0	0	0	3	0	0	0	0	0	0	0	0	0	0	0	0	0	0	0	0	0	0	0	0	0	0	0	0	0	0	0	0	0	0	0	0	0	0	0	0	0	0	0	0	0	0	0	0	0	0	0	0	0	0	0	0	0	0	0	3	0	0	0	0	0	3	0	0	0	0	0	0	0	0	0	0	0	0	0	0	0	0	0	0	0	0	0	0	0	0	0	0	0	0	0	0	0	0	0	0	0	0	3	0	0	0	0	0	0	0	0	0	0	0	0	0	0	3	0	0	0	0	0	0	0	0	0	0	0	0	0	0	0	0	0	0	0	0	0	0	0	0	0	0	0	0	0	0	0	0	0	0	0	0	0	0	0	0	0	0	0	3	0	0	3	0	0	0	3	0	0	0	0	0	0	0	0	0	0	0	0	0	0	0	0	0	0	0	0	0	0	0	0	3	0	3	0	0	0	0	0	3	0	0	0	0	0	0	0	0	0	0	0	0	0	3	0	0	0	0	0	0	0	0	0	0	0	0	0	0	0	3	3	0	0	0	0	0	0	0	0	0	0	0	0	3	3	0	0	0	0	0	0	3	0	0	0	0	0	0	0	0	0	0	0	0	0	0	0	0	0	0	0	0	0	0	0	0	0	0	0	0	0	0	0	0	0	0	0	0	0	0	0	0	0	0	0	0	0	0	0	0	0	0	0	3	0	0	0	0	0	3	0	0	0	0	0	0	0	0	0	0	3	0	0
2007.31551451389	3	0	0	0	0	0	0	0	0	0	3	0	0	3	0	0	0	0	0	0	3	3	0	0	0	3	3	0	0	0	3	3	3	0	0	0	3	0	0	0	0	0	0	3	3	0	0	0	0	0	0	3	0	0	3	0	3	3	3	0	0	3	3	3	3	3	3	0	0	0	3	0	0	0	3	0	3	0	0	0	0	0	0	0	3	3	0	0	3	0	0	3	0	3	3	3	3	0	0	0	0	0	0	0	3	3	0	3	0	3	0	3	3	0	0	0	3	0	0	0	0	3	0	0	3	0	3	3	0	0	0	0	0	0	3	0	0	0	0	0	0	3	0	0	3	0	0	3	0	0	0	0	0	0	0	0	3	0	3	0	0	0	0	0	3	0	0	3	3	3	0	3	0	0	3	3	0	0	0	0	0	0	0	3	0	3	0	0	3	0	0	0	0	0	3	0	3	0	3	0	3	0	0	3	0	0	3	0	0	0	0	0	0	0	0	0	0	0	3	0	0	3	0	0	3	0	0	0	0	0	0	3	0	0	0	0	0	0	3	3	0	0	0	0	0	0	3	0	0	0	0	0	0	3	3	0	0	3	3	0	0	0	0	3	3	0	0	3	0	0	0	0	3	0	3	0	3	0	3	3	3	3	0	3	0	0	0	3	0	0	0	0	0	0	3	0	0	0	0	3	0	0	3	0	3	0	3	0	0	0	3	0	0	0	0	0	0	0	3	0	3	3	0	3	3	3	0	0	0	0	0	0	0	0	0	3	0	0	0	3	3	0	3	3	0	0	0	0	3	0	0	0	0	0	0	0	0	0	0	0	0	0	0	3	3	0	0	3	0	0	3	0	0	3	0	3	0	0	0	0	3	0	0	0	3	0	0	0	0	0	0	3	0	0	0	0	0	0	3	0	0	0	0	0	3	3	0	0	3	0	3	0	3	3	0	3	0	0	0	0	3	0	0	0	0	0	3	3	0	0	0	3	3	0	3	0	0	0	0	0	0	0	0	0	3	0	3	0	0	0	0	0	0	0	3	3	0	0	0	0	3	0	0	0	0	0	0	0	3	0	0	0	3	0	0	0	0	0	0	0	0	0	3	0	3	0	0	0	3	0	3	3	0	0	3	3	0	3	3	0	0	0	0	0	3	0	0	0	3	0	0	0	0	0	0	3	0	3	0	0	0	0	0	0	0	0	0	0	0	3	0	0	0	0	3	0	0	3	0	0	0	0	3	0	0	0	0	3	3	0	3	0	0	3	0	0	3	0	3	0	3	0	0	0	3	0	0	3	0	0	3	0	0	3	3	0	3	0	0	3	0	0	0	3	0	0	3	0	3	0	3	0	0	0	0	0	0	3	3	0	3	0	3	0	0	0	0	0	3	0	0	0	0	0	3	3	0	0	0	0	0	0	0	3	3	0	0	0	0	0	0	3	3	0	0	3	3	0	0	0	0	3	0	0	0	0	3	3	0	0	0	0	0	3	0	0	0	0	3	0	0	0	0	0	0	0	0	0	0	0	0	3	0	0	0	3	0	0	0	0	0	3	0	3	0	0	3	0	0	0	0	3	0	0	0	0	0	3	3	0	0	0	0	0	0	3	0	3	0	0	3	0	0	0	3	0	0	0	0	0	0	0	0	0	0	0	0	0	0	0	0	0	3	0	0	0	0	3	0	0	3	0	3	0	0	3	0	3	0	3	0	3	0	0	0	0	0	0	0	3	3	3	0	3	0	0	3	3	0	0	0	0	0	0	0	0	0	0	0	0	0	0	0	0	0	0	0	0	0	0	0	0	3	0	0	0	0	3	3	0	0	3	0	0	0	0	0	0	0	3	0	0	3	3	0	0	3	0	0	0	0	0	3	0	0	0	0	0	0	0	3	3	3	3	3	3	0	0	3	0	0	3	0	0	0	0	0	0	0	0	0	0	0	0	0	3	0	0	0	0	0	3	0	0	0	3	0	0	3	0	3	3	3	3	0	0	3	3	0	0	0	0	0	0	0	0	0	0	0	3	0	0	0	0	3	0	0	0	3	0
2010.06389689637	0	0	0	0	0	0	0	0	0	0	0	3	0	0	0	0	3	0	3	0	0	3	0	0	0	0	0	0	3	0	0	0	3	0	3	3	0	0	0	3	3	0	0	0	3	0	3	3	0	0	0	0	0	0	0	3	0	3	0	0	0	0	0	0	0	0	0	0	0	0	0	0	0	0	0	0	0	0	0	0	0	0	3	0	0	0	0	0	0	0	0	0	0	0	0	0	0	0	3	0	0	3	0	3	3	3	3	0	3	0	0	0	0	0	0	0	0	3	0	3	0	3	3	0	0	0	0	3	3	3	0	0	0	0	0	0	0	0	0	3	0	3	0	0	3	0	0	0	0	0	0	0	0	0	0	0	0	0	0	0	3	0	0	0	0	0	3	0	0	0	0	0	3	0	3	0	3	0	3	0	3	0	0	3	0	0	3	0	0	0	0	0	0	0	0	3	0	3	3	0	0	0	0	0	3	3	0	0	0	0	3	0	0	0	0	0	3	0	3	0	0	0	0	0	0	3	3	0	3	0	0	0	0	3	0	3	3	0	0	0	0	0	0	0	0	3	0	0	0	3	0	3	0	0	0	0	0	3	0	0	0	0	0	0	3	0	0	0	3	0	3	0	0	0	0	0	0	0	0	0	0	0	0	0	0	0	3	0	0	0	3	0	0	0	0	0	0	0	3	0	3	0	0	0	0	0	0	0	3	0	3	0	3	0	0	0	0	0	0	0	3	0	0	0	0	0	0	0	0	0	0	0	0	0	0	0	0	0	0	0	0	0	0	0	0	0	0	0	0	3	0	0	0	0	0	0	0	0	3	3	0	0	0	0	0	0	0	0	0	0	3	0	0	0	0	0	3	0	0	0	0	0	0	0	0	0	3	0	0	3	0	0	3	3	0	0	0	0	0	0	0	0	0	3	0	0	0	0	0	0	3	0	3	0	0	0	0	0	0	0	0	0	0	0	3	0	0	0	0	0	0	3	0	0	0	0	3	0	0	3	0	3	0	0	0	0	0	0	0	0	0	3	0	0	0	0	0	0	0	3	0	0	0	3	3	0	0	0	0	0	0	3	0	0	0	0	0	0	0	0	0	3	0	3	0	0	0	0	0	0	0	0	0	0	0	0	0	3	0	0	0	0	0	0	3	0	0	3	0	0	0	3	0	0	3	0	0	3	0	3	0	0	0	3	3	3	0	0	0	3	0	0	0	0	0	0	0	0	0	0	3	0	0	0	0	0	0	3	0	0	3	0	0	0	3	3	0	0	0	3	0	0	3	0	0	0	0	0	0	0	0	0	0	0	0	3	0	3	3	3	0	0	0	0	3	0	0	0	0	3	0	0	0	0	0	3	3	3	3	3	0	0	0	0	0	0	0	0	0	3	0	0	3	0	0	0	0	0	0	0	3	0	0	0	0	3	0	0	3	0	3	3	0	0	0	0	0	0	0	0	0	0	0	0	0	0	0	3	0	0	3	0	0	0	3	3	0	0	0	0	3	0	0	0	0	0	0	0	0	0	0	0	0	0	0	3	3	0	0	0	0	0	0	0	0	0	0	3	0	0	0	3	0	3	3	3	3	0	0	0	0	0	3	3	0	0	0	3	0	0	3	3	0	0	0	3	3	0	0	0	0	0	3	0	0	0	0	0	0	0	0	0	0	0	0	0	0	0	0	0	0	0	0	3	0	0	0	0	3	0	0	3	0	0	3	0	0	0	3	0	0	0	0	0	3	0	3	0	0	0	3	0	3	0	0	0	0	3	3	0	3	0	0	3	0	0	0	3	0	0	0	0	0	3	0	0	0	0	0	0	0	0	0	3	0	0	3	0	0	0	0	0	0	3	0	0	0	0	0	0	0	3	0	0	0	0	0	0	3	0	0	0	0	0	0	0	3	0	0	0	0	3	0	3	0	0	3	0	0	0	3	0	0	0	0	0	0	0	0	0	3	3	0	0	0	0	0	0	0	3	0	0	0	0	0	0	0	0	0	0	0	0	0	0	0	0	3	0	0	0	0	0	0	0	3	0	0	0	0	3
2012.81227927884	12	0	3	5	5	8	5	0	3	6	5	5	3	8	9	7	3	0	9	6	0	3	5	0	7	10	3	6	6	7	0	0	0	7	8	5	3	6	5	0	5	5	5	9	5	0	3	5	7	5	3	0	0	10	5	3	5	0	3	5	0	0	10	3	5	10	0	5	3	7	3	5	5	7	5	10	6	5	0	7	3	7	3	8	0	5	5	0	8	3	3	0	3	8	6	9	7	0	5	5	7	0	0	3	3	5	5	3	3	3	5	3	7	0	5	3	5	7	3	5	8	5	0	8	3	3	5	3	7	5	5	3	3	3	9	0	3	0	3	7	0	3	3	5	0	3	0	3	5	5	0	3	8	5	3	5	3	5	0	0	0	3	3	3	8	0	3	0	3	5	3	3	5	3	7	7	3	10	3	8	3	3	5	5	3	0	0	8	3	6	3	3	3	3	0	5	3	0	5	5	7	5	3	3	5	0	3	8	3	0	5	3	0	5	5	8	0	8	7	5	3	6	3	5	6	3	7	5	5	5	7	3	3	0	3	5	11	7	0	0	6	8	8	5	6	3	3	3	8	5	7	5	3	0	5	3	3	0	3	8	3	5	5	5	0	3	5	3	0	9	3	0	7	5	5	0	5	5	9	5	5	0	5	3	3	0	9	6	8	6	3	5	3	0	0	3	3	0	3	3	9	8	8	8	0	7	5	8	5	5	5	3	0	3	10	3	0	6	5	3	5	0	3	5	0	5	0	5	3	5	3	0	7	3	5	0	8	3	8	12	3	6	3	3	3	3	0	3	7	5	8	5	0	5	3	9	3	0	0	5	0	0	5	0	3	0	3	6	6	3	5	3	5	5	5	5	3	3	3	3	8	8	5	3	5	6	3	12	3	3	3	8	7	7	7	3	6	3	3	3	3	5	0	8	8	3	8	6	8	5	3	0	5	0	7	5	0	3	5	0	3	3	6	3	9	3	0	5	3	6	3	0	0	3	7	0	3	5	0	5	3	3	3	8	5	3	3	5	5	6	3	3	7	3	5	3	3	5	3	8	6	10	3	0	5	5	3	3	3	0	3	5	8	0	0	0	3	5	3	0	0	0	3	3	0	0	3	0	6	3	3	3	0	5	3	3	8	0	0	3	8	0	5	10	5	3	3	8	5	0	5	3	3	3	3	7	0	7	0	6	5	5	5	8	3	3	0	0	7	6	5	3	3	3	6	5	3	3	0	6	3	5	0	0	5	0	5	11	3	5	0	3	0	5	0	3	0	5	0	3	0	3	5	6	8	5	3	3	0	0	3	0	0	0	0	0	5	8	5	3	5	3	3	6	0	5	6	6	5	7	5	6	0	3	6	0	3	0	0	5	3	6	5	5	5	5	3	7	8	5	0	0	5	0	3	3	3	0	7	3	3	8	7	3	3	3	0	3	3	5	5	0	5	6	7	3	7	6	0	3	3	5	0	5	3	5	5	7	3	8	5	6	0	3	8	3	5	5	5	3	3	3	0	5	0	6	5	0	7	3	3	9	5	3	3	6	0	0	5	3	8	0	0	5	0	5	5	3	5	5	5	5	9	5	3	5	5	3	3	6	9	3	3	3	3	5	3	5	0	0	0	5	5	10	5	5	5	9	3	6	10	0	7	5	7	0	3	3	0	0	0	5	7	3	3	5	3	5	3	3	0	0	0	0	3	5	3	5	9	3	3	3	0	0	5	3	8	3	11	5	6	3	5	3	3	0	7	6	0	3	5	5	7	5	9	8	12	5	5	6	7	3	8	3	0	8	3	3	3	3	5	5	6	7	5	3	10	0	3	5	7	3	6	5	8	5	5	5	7	3	7	7	0	0	8	6	5	6	0	0	7	5	3	8	0	8	0	3	8	0	6	3	3	8	6	3	5	5	5	10	3	5	5	5	3	3	3	3	3	6	7	7	3	0	3	8	5	5	5	3	9	3	3	6	10	0	3	5	3	0	5	8	3	3	3	8	3	5	8	6	6	6	0	5	0	3	5	5	3	0	0	6	5	3	0	3	3	5	5	12
2015.56066166132	57	60	54	59	60	63	53	60	55	54	62	60	57	55	55	65	52	47	62	55	62	58	54	55	58	57	53	67	49	56	56	53	52	56	56	55	61	58	60	55	57	50	48	60	58	68	67	59	51	55	55	52	63	58	54	49	43	55	57	64	54	53	62	47	57	58	52	60	63	58	59	47	60	52	49	50	46	62	61	57	54	58	52	62	61	61	62	56	53	49	56	66	57	57	57	58	60	56	46	51	57	55	60	53	49	54	60	62	62	53	64	52	55	68	58	53	67	58	49	49	61	58	62	59	55	64	50	58	59	60	51	63	59	58	46	55	57	59	50	65	50	51	51	61	57	57	54	62	50	61	62	59	42	58	51	51	60	47	48	56	55	58	49	52	54	58	51	56	53	68	52	52	42	58	55	59	59	50	55	56	53	63	62	51	52	55	58	52	56	57	58	59	53	47	65	58	57	60	55	51	55	52	47	60	49	48	47	58	55	55	52	58	58	53	57	60	62	59	57	53	58	49	65	53	50	64	59	58	62	54	64	58	60	62	50	55	59	62	57	63	57	52	57	56	70	57	55	57	58	56	55	51	61	54	53	62	69	52	55	58	56	57	51	60	56	52	51	59	47	61	58	62	53	55	55	51	46	59	58	57	53	59	62	54	53	49	54	65	61	53	54	42	55	51	67	58	55	45	63	62	57	59	53	65	55	62	65	46	69	62	49	56	57	63	46	57	48	55	56	58	52	67	56	50	50	64	52	56	60	63	62	61	55	59	62	61	58	61	58	51	59	66	67	66	51	51	56	64	52	55	51	57	48	67	74	61	61	45	52	51	57	48	56	53	60	60	43	48	45	62	52	55	54	55	57	56	57	52	57	36	59	44	61	60	50	54	53	60	51	69	61	64	56	60	61	45	48	55	61	56	48	52	57	51	55	60	59	56	57	63	56	55	69	58	63	56	57	58	60	54	61	48	57	59	56	62	56	65	55	58	60	54	63	53	63	55	52	66	57	58	55	59	51	55	58	63	62	54	65	56	62	62	58	54	58	61	49	60	57	54	56	62	51	61	52	61	55	58	60	61	54	56	52	66	58	59	57	59	53	47	59	51	55	57	56	59	56	67	60	56	58	56	66	54	43	63	67	60	62	71	60	57	60	56	68	63	66	51	67	57	49	57	54	53	60	54	61	66	61	64	54	67	59	59	58	64	58	57	61	55	56	63	51	48	57	57	56	55	56	58	61	68	67	66	55	52	61	52	59	49	59	62	59	58	55	53	49	60	56	64	50	65	62	51	55	55	54	60	57	43	56	60	61	46	53	49	53	60	60	58	67	60	53	46	45	62	68	51	56	55	60	62	63	59	48	63	54	59	51	61	58	53	48	66	62	63	48	56	53	60	63	61	67	61	58	50	50	52	63	60	52	64	58	59	52	70	52	56	53	53	49	58	54	54	64	60	50	55	68	56	63	59	57	67	57	59	58	52	54	57	53	57	51	61	54	50	53	59	64	56	51	64	53	56	48	63	54	45	60	57	64	56	61	56	53	68	62	55	60	64	63	56	48	57	57	66	62	51	47	63	63	58	48	59	60	55	58	63	49	54	56	54	57	58	53	42	57	68	55	56	56	54	58	54	52	53	43	53	57	65	57	57	53	55	47	45	57	54	63	57	62	66	55	66	52	54	70	64	56	59	47	55	59	53	61	66	59	59	59	50	60	58	58	62	60	57	53	61	54	60	58	62	69	59	53	60	51	58	63	49	54	63	45	56	65	65	56	58	54	49	54	56	54	52	54	68	60	49	55	62	54	56	64	49	56	64	50	55	54	52	65	60	57	63	56	57	57	54	49	56	54	56	50	65	57	60	50	60	57	57	60	66	57	57	53	59	51	53	57	58	64	57	61	53	52	51	58	63	56	60	53	57	54	61	57	54	61	45	57	47	49	57	56	57	56	58	58	55	53	55	49	55	46	56	57	54	54	65	56	60	56	58	55	56	52	62	61	66	55	55	59	52	59	51	64	61	45	49	55	52	44	51	56	62	61	55	45	65	54	52
2018.3090440438	64	67	58	66	56	68	63	62	64	67	60	68	70	60	64	58	68	57	61	61	66	60	59	63	63	64	65	68	61	67	67	55	71	58	58	69	63	58	68	63	54	77	72	57	62	68	71	68	61	65	58	56	60	67	60	64	57	57	64	62	64	53	50	67	49	63	60	65	64	56	63	52	59	73	50	61	60	64	64	62	53	62	54	62	67	62	60	66	70	56	64	58	67	58	55	73	62	70	65	59	60	57	63	65	65	64	56	55	72	62	50	59	53	64	54	62	58	51	61	66	55	57	62	72	63	60	63	70	63	62	60	66	65	66	63	59	57	64	67	65	64	62	61	54	65	51	59	66	66	53	63	63	65	69	59	61	60	62	60	60	64	59	65	68	58	61	64	62	61	60	65	67	67	63	53	67	64	63	60	59	67	63	68	66	65	73	63	65	66	70	61	53	60	62	59	64	57	60	63	63	58	59	68	65	72	55	68	63	53	63	57	67	58	69	68	66	54	67	68	59	57	64	69	61	66	63	63	65	67	54	54	58	63	68	75	65	60	71	63	58	55	63	52	55	56	65	65	59	56	58	63	53	67	57	55	60	70	65	72	63	64	62	56	66	65	54	68	56	59	56	61	59	53	56	57	58	62	63	64	62	63	60	67	58	61	51	63	58	62	70	60	56	63	61	65	57	56	71	60	54	51	55	71	62	55	60	65	53	71	56	57	60	67	69	63	73	66	65	66	66	59	64	64	57	68	59	58	57	57	64	60	65	63	67	63	65	50	59	54	51	64	53	66	65	65	66	62	60	64	63	69	54	65	66	60	59	65	63	59	59	62	61	69	54	57	55	64	63	58	56	66	58	60	58	66	58	63	55	61	63	69	61	65	61	67	58	67	68	70	58	64	67	60	63	57	67	67	64	59	66	58	70	65	63	59	50	54	62	68	63	58	60	55	75	65	61	62	63	61	59	60	63	64	65	63	57	59	62	59	64	64	73	58	59	58	57	61	62	69	55	63	62	65	57	61	65	59	73	70	51	55	68	64	62	52	64	54	58	69	61	62	61	53	61	59	58	66	59	70	61	64	59	59	67	65	60	63	46	60	56	66	65	69	57	68	61	52	67	59	55	49	53	60	53	60	60	53	54	59	58	63	62	58	64	55	62	58	64	66	57	65	56	64	61	64	62	58	59	58	70	57	56	62	59	69	60	58	51	61	69	62	64	61	67	64	56	68	65	61	63	67	67	63	61	56	60	64	60	61	61	59	51	58	68	56	57	63	62	67	60	63	66	65	58	57	61	61	60	60	60	76	60	54	69	69	57	60	69	59	60	58	65	56	58	65	66	63	53	65	68	65	65	70	56	69	56	64	60	54	65	66	55	60	62	55	57	61	59	61	67	59	55	62	63	57	72	48	62	51	65	61	69	60	63	63	50	67	63	61	52	69	55	59	70	58	61	65	61	66	68	67	61	57	64	62	58	70	51	59	63	68	64	52	61	55	58	67	53	65	58	72	62	62	62	60	64	66	62	56	59	68	70	64	67	62	61	61	63	59	55	55	59	62	66	64	63	60	60	68	53	60	66	60	66	54	58	59	58	64	60	63	57	61	60	61	69	59	59	59	59	60	58	56	54	57	62	62	61	67	59	55	66	58	59	62	50	69	62	54	67	59	63	56	61	60	65	57	71	63	62	64	63	74	63	58	66	58	53	62	60	63	62	65	60	62	68	59	72	56	61	59	58	70	61	63	70	74	62	66	63	65	66	60	54	58	58	59	64	63	62	66	63	66	71	64	56	65	63	68	61	58	57	70	64	68	66	56	62	64	59	61	58	63	65	62	65	69	66	72	67	58	64	66	54	61	67	61	56	72	67	55	59	54	53	54	56	60	73	61	55	64	59	60	58	59	62	62	64	65	68	59	61	54	59	63	63	52	68	67	63	60	68	63	58	60	61	67	58	64	60	65	62	56	66	69	58	60	59	61	57	56	66	62	57	64	64	58	50	57	64	66	57	58	58	55	61	52	62	62	59	68	55	59	54	61	61	60	65	65	62
2021.05742642628	64	62	57	58	58	65	56	63	57	62	59	70	63	47	55	61	56	58	58	53	53	67	64	62	56	53	59	55	53	63	64	58	59	66	69	60	60	54	57	57	58	59	59	55	58	63	66	62	53	61	64	59	63	62	57	68	63	59	56	64	66	61	58	66	65	57	67	60	62	65	61	61	51	59	58	54	56	66	57	63	62	59	67	61	60	59	55	67	63	61	57	55	54	60	63	61	57	56	64	60	52	53	65	65	56	64	57	59	68	66	62	51	52	66	66	58	65	66	61	59	56	62	62	54	64	60	54	57	58	52	48	61	60	58	62	60	68	54	56	63	61	63	68	58	60	63	54	61	65	57	58	66	55	58	56	59	60	56	61	58	65	56	64	57	62	63	60	69	60	56	63	66	58	57	61	66	70	55	53	62	55	52	59	64	61	68	64	57	65	50	50	57	61	63	61	60	52	59	63	68	61	62	64	56	50	57	62	56	58	59	59	60	56	61	56	59	48	59	58	62	60	60	51	51	63	56	60	55	63	65	60	50	51	58	64	61	62	68	61	69	61	67	57	59	60	62	62	59	64	57	58	60	57	63	58	59	65	65	61	53	56	60	64	57	58	60	57	65	56	64	57	52	62	61	58	60	60	53	64	60	57	57	51	66	62	65	57	70	62	63	62	55	56	52	56	57	69	62	62	62	64	56	64	61	57	58	62	63	63	62	57	61	57	63	59	58	56	65	63	54	54	63	57	65	62	62	53	61	58	60	58	57	66	55	68	51	57	63	58	52	52	59	66	56	55	59	57	62	61	60	59	55	54	59	58	60	58	55	64	68	57	55	53	64	64	63	58	59	60	52	57	55	54	63	52	59	65	56	61	53	68	63	70	63	58	58	60	54	65	65	67	60	66	65	65	57	56	56	58	57	65	67	55	54	67	62	69	59	56	56	68	59	58	68	68	57	51	59	64	54	57	62	56	55	64	54	67	52	61	58	60	52	61	66	59	62	63	65	65	58	60	60	59	67	60	46	51	62	62	55	57	65	69	56	55	59	63	62	50	58	59	61	62	54	52	56	62	59	56	64	62	62	61	62	59	59	60	53	57	55	68	62	59	59	53	54	65	69	66	62	57	52	73	60	61	59	64	53	57	59	64	55	62	54	64	57	59	60	55	56	63	58	63	54	49	67	63	64	53	58	59	56	63	66	63	64	62	58	59	59	55	55	62	64	63	56	55	64	59	61	61	62	53	59	57	60	70	57	51	54	62	63	64	65	64	62	59	64	60	65	63	52	62	64	58	61	56	59	60	62	56	63	57	63	62	61	60	65	66	59	55	55	54	53	57	51	56	52	61	59	63	60	69	60	54	65	50	58	58	57	57	67	57	65	60	59	52	60	61	67	61	57	59	60	58	58	64	65	59	61	62	57	59	54	58	59	59	61	60	68	55	59	58	60	66	68	62	68	65	60	62	60	60	54	58	58	56	55	58	63	72	57	56	63	64	58	55	52	53	62	60	60	54	59	56	62	55	58	53	56	59	60	60	57	59	58	53	64	62	57	61	63	50	59	63	70	50	59	59	67	59	60	66	58	64	62	60	56	62	55	60	59	60	54	55	53	62	69	64	56	72	65	58	54	58	53	55	54	63	62	60	60	58	56	56	68	61	54	71	61	56	67	70	66	48	56	60	58	61	66	60	63	66	56	51	66	58	67	51	71	62	61	64	64	59	56	55	58	60	66	54	57	60	57	67	54	54	59	57	57	65	57	62	58	58	63	62	57	57	61	61	68	63	51	64	66	63	66	61	56	61	63	51	60	60	64	63	68	61	66	56	61	59	64	57	63	54	60	62	57	61	66	67	60	63	56	52	58	63	59	62	57	66	64	66	60	60	50	54	59	67	58	61	59	55	67	58	57	62	63	64	64	58	68	57	63	64	48	57	54	63	63	65	58	61	53	62	52	60	55	62	58	63	60	53	60	62	61	63	57	64	62	65	56	54	58	68	67	61	69	58	61	54	56	62	60	61	55	62	58	57	62	56	59	56	62	64	61	62	57
2023.80580880876	14	15	16	15	15	14	16	16	14	16	16	15	16	18	15	15	15	15	16	17	18	15	14	14	15	16	14	17	15	16	16	16	15	16	15	15	16	18	15	15	16	15	16	15	16	16	15	15	15	16	14	17	16	15	17	15	14	14	16	17	16	16	16	16	16	16	20	15	18	15	16	15	17	15	16	15	16	15	16	15	16	16	15	15	15	15	16	18	16	15	15	16	16	15	18	17	15	16	15	14	15	16	16	18	16	16	15	16	16	18	14	15	16	15	16	15	15	15	16	15	15	18	16	16	16	15	15	16	14	14	18	14	16	16	15	16	14	16	16	15	16	19	17	16	16	14	16	15	16	16	15	15	15	16	15	17	16	16	16	16	16	20	14	15	15	16	16	17	16	15	15	15	16	16	16	16	15	15	16	15	15	19	15	16	16	16	16	15	16	18	15	15	15	15	18	15	15	14	15	18	15	18	15	16	15	15	15	16	15	15	18	17	17	15	16	15	18	14	17	15	15	18	14	16	16	15	16	16	15	16	16	18	16	15	16	15	15	14	16	19	15	18	18	20	15	17	16	16	14	16	15	14	18	17	16	16	15	15	16	16	17	14	16	18	17	16	15	16	16	15	18	15	15	16	16	16	15	14	15	15	15	16	19	15	16	15	16	16	17	18	16	16	16	17	14	17	15	16	16	16	15	16	15	15	15	14	15	15	15	16	15	16	16	15	18	15	15	15	15	16	16	15	16	15	18	16	19	16	15	16	16	15	14	19	15	16	16	16	16	16	15	16	15	16	15	15	15	16	14	15	15	15	15	18	16	15	16	18	15	15	16	19	16	16	16	15	15	16	16	16	16	15	16	16	15	16	18	16	15	18	19	15	16	15	18	16	15	16	15	16	15	18	16	16	14	15	16	14	18	15	16	16	17	16	15	16	16	16	16	16	14	15	15	18	15	16	16	15	16	19	16	16	15	16	16	16	16	15	18	16	16	15	16	16	15	15	15	20	16	15	16	16	15	14	16	16	16	15	15	15	16	15	16	16	15	16	16	16	14	16	15	14	16	16	16	16	16	16	15	17	16	16	16	16	16	14	15	15	15	16	16	16	18	14	14	15	16	18	16	16	16	16	16	15	16	20	15	16	16	16	16	15	16	20	19	15	16	16	15	16	15	16	15	15	16	16	15	15	16	16	18	15	14	14	17	18	16	15	18	14	18	15	15	16	18	16	16	15	16	17	15	16	16	15	15	16	14	16	15	19	16	19	17	19	16	15	15	15	17	16	15	16	15	15	18	15	16	15	16	15	16	16	16	19	15	19	15	15	15	14	15	14	16	16	15	15	15	15	16	15	15	15	15	16	15	15	16	16	16	16	16	16	16	15	15	18	16	17	15	14	15	16	14	16	17	16	16	15	16	15	15	16	16	18	16	15	17	16	18	19	15	15	16	17	16	16	16	16	15	15	17	17	15	15	17	14	14	16	16	16	16	15	16	16	16	18	16	17	15	19	17	18	16	16	17	16	15	16	17	15	16	14	16	16	16	14	16	16	16	18	15	16	16	17	14	15	15	16	15	14	15	18	16	15	18	14	15	16	18	16	15	15	16	16	15	16	15	16	16	16	15	15	16	18	16	16	18	16	16	15	15	15	16	16	16	15	15	16	15	16	18	15	14	16	16	16	15	16	14	15	16	16	14	16	18	16	16	15	15	16	16	14	16	15	15	15	15	16	15	16	16	16	15	15	15	16	18	16	15	15	19	18	15	16	16	15	14	14	15	15	18	16	16	17	16	15	16	15	15	18	16	16	15	14	16	16	18	16	15	15	15	16	16	16	20	15	15	14	15	16	14	16	17	17	16	16	16	16	15	16	16	14	16	16	15	16	16	15	16	14	16	16	18	16	16	15	16	16	16	15	15	15	16	14	16	16	16	15	16	15	16	18	15	16	16	16	18	16	16	16	15	15	16	16	15	18	16	15	16	16	14	16	16	16	16	15	16	16	15	17	15	16	20	16	18	19	15	16	16	16	16	15	17	16	15	16	19	16	15	15
