time	tree_1	tree_2	tree_3	tree_4	tree_5	tree_6	tree_7	tree_8	tree_9	tree_10	tree_11	tree_12	tree_13	tree_14	tree_15	tree_16	tree_17	tree_18	tree_19	tree_20	tree_21	tree_22	tree_23	tree_24	tree_25	tree_26	tree_27	tree_28	tree_29	tree_30	tree_31	tree_32	tree_33	tree_34	tree_35	tree_36	tree_37	tree_38	tree_39	tree_40	tree_41	tree_42	tree_43	tree_44	tree_45	tree_46	tree_47	tree_48	tree_49	tree_50	tree_51	tree_52	tree_53	tree_54	tree_55	tree_56	tree_57	tree_58	tree_59	tree_60	tree_61	tree_62	tree_63	tree_64	tree_65	tree_66	tree_67	tree_68	tree_69	tree_70	tree_71	tree_72	tree_73	tree_74	tree_75	tree_76	tree_77	tree_78	tree_79	tree_80	tree_81	tree_82	tree_83	tree_84	tree_85	tree_86	tree_87	tree_88	tree_89	tree_90	tree_91	tree_92	tree_93	tree_94	tree_95	tree_96	tree_97	tree_98	tree_99	tree_100
2011.80464594572	NA	NA	NA	NA	NA	2.85099863296791	NA	NA	NA	NA	0.0118064837939593	NA	NA	NA	NA	NA	NA	NA	NA	NA	NA	NA	0.857002270508622	NA	NA	NA	NA	NA	NA	NA	NA	NA	NA	NA	NA	NA	NA	NA	NA	NA	NA	NA	NA	NA	NA	NA	NA	NA	NA	NA	NA	NA	NA	NA	NA	0.135881057831911	NA	NA	NA	NA	NA	NA	NA	NA	0.110117352830622	0.137337951588633	0.43394110359937	NA	NA	NA	NA	NA	NA	NA	NA	NA	NA	NA	NA	NA	NA	NA	NA	NA	NA	NA	NA	NA	NA	NA	NA	NA	NA	NA	NA	NA	NA	NA	NA	NA
2012.49056153825	NA	NA	NA	NA	NA	9.48906070106589	NA	NA	2.15109414113763	NA	0.458254157578491	NA	5.66625454353504	NA	NA	NA	NA	NA	7.73173002454881	NA	NA	NA	1.60635554838297	NA	NA	NA	NA	NA	NA	NA	0.419318475589504	0.145295039954321	0.475567752499647	NA	NA	1.37366164863605	NA	NA	0.558904510262472	0.661096196046222	NA	NA	NA	0.104455427171421	NA	5.99321190948576	NA	NA	NA	6.55553248239128	NA	3.78058256283321	6.31924799144727	NA	NA	0.691454106189465	NA	NA	NA	NA	3.93553247723785	NA	NA	NA	0.37223686967479	7.52836475121147	4.30609055646113	0.838487301340722	NA	NA	NA	3.63381780921594	0.852741987283554	NA	3.8776401867945	NA	NA	NA	NA	NA	0.806326738386481	1.35403368921735	NA	2.592697900498	NA	NA	NA	NA	0.102225622643304	NA	NA	NA	2.29451603969418	0.120635971467498	NA	NA	NA	NA	NA	21.7344908298721
2013.17647713078	0.399574756247067	0.363191079468498	5.70354564371781	5.36133988291567	NA	6.65683290763694	3.72315472779756	1.35992362452094	0.308122622497579	7.37916785177767	NA	NA	4.07743539337366	2.22491791136319	5.43119836573385	1.04862620941366	8.82829047215148	4.50035455368883	2.16291157489921	2.7816390538119	1.71885323333084	NA	1.16165331352505	NA	6.88702726302892	NA	0.0826452546297989	6.42575396669938	5.73207836969259	NA	4.31566959873206	4.61133622689938	6.92608077722292	21.8869072987659	2.92569258383001	8.1258951696672	NA	2.55128743370135	1.97984519475001	4.02131387948604	4.75366109289316	NA	NA	7.04468727522914	0.245091983573587	19.1508566848753	5.54301223744579	0.711196328952829	3.87978184798289	1.84915493467567	0.47258917630811	9.98550479573438	10.4787483789776	11.7927950316717	NA	0.813743836231246	2.5375475233049	NA	0.487172797149455	NA	1.25409484026029	6.10406798047276	0.4767804287115	3.10913665942387	0.369651287990821	4.44846289000077	1.16016668229478	9.68391671673338	NA	NA	0.481642362119211	6.52118565288913	5.39350235780319	3.92983110682429	5.36011726572247	1.23199582353607	NA	NA	NA	4.73638833132466	4.56246794386886	1.88879917229022	6.64790889855511	0.0396116655066022	3.8922816124929	0.512021322137933	NA	7.01043810609121	3.69292276530333	5.88574820029885	16.6271709845265	NA	1.64121008768067	1.31348743378726	NA	7.75202814214584	NA	5.45896331254897	NA	6.41030174235136
2013.8623927233	14.5637812891354	1.00727202108946	2.99664597375376	5.36462249744158	1.27901424303527	1.38248479330946	5.61929074963624	3.05087124875873	0.956637701595907	4.5350753472414	0.332514580048275	2.15240762964608	1.57055280391555	4.78051668278929	9.00250301816093	2.85334662501766	4.41793937363146	15.0303272152718	0.301360813790452	5.31925592199071	2.55166004330294	45.9493839421131	2.36594326110932	13.936345653088	0.897266756295457	15.4581144102566	10.641906740616	11.7652928619991	7.68734542937639	14.6458244300431	3.78705654960692	10.8277574738078	8.13122805069424	4.39595703913965	4.10058005023445	1.48347909655007	36.0874115831494	0.458147230476535	0.553854209988181	3.73259426191331	9.32850372451939	4.03617822977464	7.9796003916849	2.04159963019202	0.909774588400696	9.42584752946052	8.26322648986719	12.0585832624221	13.6696641085237	0.649609550844065	8.04285831554043	1.75059800744884	0.200229068418432	3.24675654611307	5.44955112546179	4.41252621075804	3.31355315529341	33.0357911910734	2.66554377304935	2.34624204890324	3.32051064683269	2.53453894620562	1.78020509716079	4.1368106980558	9.3778975285149	0.536541914731999	5.4520336611283	9.78584010076414	26.1221612729313	7.80329968677483	3.71809587123904	6.92285951797826	2.10825105767084	14.3591749582073	0.850200478521318	1.38741383179522	19.5510994315898	1.450705140551	24.5622862825288	8.84042756169267	7.00505375728813	1.70493860193461	15.7259599160739	4.90010265981875	3.84201596739911	2.34546712518138	13.6600406674241	3.38292877275092	4.69528517235394	4.95070195684693	10.161258169065	8.14500692746934	0.889811133212555	2.04180482051719	15.4306201023235	6.92980614689139	2.56284199510598	12.3024827890643	0.885657137625476	0.85758855866091
2014.54830831583	2.31495711246234	2.84339287731832	1.80429238555301	0.757945687354994	7.04478572382299	0.555833153221904	1.55338808001788	2.07915786251532	1.30025333103282	2.0118803993669	4.46314000886682	3.51873128220401	6.83799281053363	1.54223358314015	1.24739055331184	3.70027204192346	1.08494251911297	1.38190420846825	3.92715569409432	0.994256899718832	2.63128216397389	6.35516204441494	1.52962670768308	1.92024514668968	1.03211017827986	1.10846299646351	5.43015187354128	1.10726569316452	1.61410428914947	3.21187471218579	1.70349968009108	0.958930450004796	1.25679369733715	0.393486647624804	1.45881678207556	0.824851355462726	4.2021845958272	1.75126258555772	1.46863191577462	1.56961065878494	5.35963314308739	6.34515447719065	4.0412530828002	0.464885708936209	3.1406760168439	2.53105158995311	1.43288060287713	2.05493988384543	1.44640953478333	3.42548338029086	2.25954824768418	1.33175659324049	1.719103888241	2.45648763663257	6.31110252667353	2.58796259094906	2.1674123957056	6.06270787627891	2.87665366768207	3.38680751394178	3.71561348867009	2.64340212357405	2.37483205788454	1.86948506689171	3.92458871327838	1.75808663492375	0.774103841829877	1.92855550818449	4.30230475831942	1.19124287603874	3.61346632270195	2.09800480765984	1.85864343428377	2.80169272205801	0.884901174019872	1.28948437075011	1.92092468392378	6.83315276141195	2.91522508681675	1.1453645289994	6.25407644197755	0.965716542212933	2.99010862441075	2.83708772915321	1.82002970185058	3.56719045813965	3.40747407476559	4.46030789166399	1.189462677804	1.11702477737508	1.63106916085629	4.40040875684207	1.01137243426061	3.35656630107275	2.36715249337677	1.91196676861767	7.04317426894045	2.01290930445032	4.15095386180894	2.17975834142006
2015.23422390836	1.88177219212054	1.96115774053801	1.78474245545538	2.29350368852506	2.82751155419074	1.09539581950863	2.63651916510838	1.97957487265219	1.52933912986104	1.80572117914617	2.68630937314665	2.18611502078212	3.30966229280147	1.15003308589639	2.47947348334541	2.71810136816276	2.08059083764286	1.47664732709307	2.56398895349665	2.70029988247034	2.81767180986445	1.75316087211763	2.39898161591094	2.13966856904125	2.26529274270559	1.42319334731648	1.97763563876519	1.93922998320049	1.40020370395644	4.04532932387492	1.81133605511512	2.24237634597307	1.38011713712215	2.4499291835913	1.5871487179611	2.23956988842238	2.50749264400893	2.1831335376499	2.31410491560161	2.32825160118672	1.54318477914511	2.55421253645489	2.7450535496037	2.03460313666834	1.9845332385561	3.29708474389633	1.97051837870281	1.92954263610509	1.10473478377418	2.66029132855969	1.39541366458098	3.37865300096282	2.26748514623508	2.13099120860044	1.36365470469951	1.89521704048247	3.00119765041096	2.94770629805726	2.47068993474738	3.34042538105503	2.40234390825382	1.52945234678413	1.01628749964998	1.64982150598906	1.62770770723686	1.13401455000708	2.13436898874856	1.91214424485623	2.26010335185208	1.86577808907277	1.65391995547876	1.52967590901818	2.18079103651301	3.53036148630712	1.71238455880023	2.37764590853451	1.32613391788963	1.63183482671431	1.18540691128895	1.43530855231052	2.90607753272627	2.42861738379712	2.34684974239974	1.92219957392331	1.44091016060592	2.63838779121004	3.27350964624302	3.73515866034138	2.35575701731738	2.30847950708838	1.46545281683457	2.3367183525257	1.74226297140611	3.21702806545115	2.39207268622402	3.16401596302005	2.04196712132603	2.08049892585545	3.43532230141418	1.94805420317119
2015.92013950089	1.91996115662671	3.36976011125903	3.35057195989337	3.49206800341179	3.76891323814108	4.743257209301	2.49845368692421	2.62792728169733	3.1814662119175	3.87315705761193	2.68360103758311	3.8847236538071	4.83455938113031	3.43929066904598	2.57005579946937	1.68548712314856	2.90769807446594	3.91667618367727	3.73206531438857	2.94593793417301	3.81531357278652	3.23864646522442	2.86982848549444	2.75239666375476	5.3468450465868	2.97700994930277	2.56428317740431	4.80581353093018	5.22477874204362	2.9217768184864	4.08700129693355	2.93318967103714	3.44830690301325	2.74962589589874	3.01533689268903	2.04000868581146	3.51211265391428	3.85737396898259	3.95950139328693	3.4474718890758	4.51410317010448	2.61207569771875	3.04438932891474	3.71496474505532	3.3272693961663	4.24331419386261	3.72522969411338	2.49814619424486	3.74569831671243	2.42024838967498	2.89522962484835	2.80648149749442	3.80713756642878	2.94137013802158	2.99673423250491	3.0975599193695	3.39817760236382	3.88028722282547	2.6869162394865	2.1993114967185	2.11562125575528	3.8210466708892	4.4805580956151	3.05146287562191	4.22271381396775	2.3580351626593	2.91150713687347	4.6930528220967	3.71356485331528	2.57183626657337	4.46248882082433	3.48348245244533	3.51295549058687	2.57302369082279	3.14135720469854	1.92975685185231	3.83868298650661	2.83423607256659	4.90999959863025	2.76195746175183	3.42166159747593	2.73560794580509	2.76768575136359	2.38822653596234	2.35259040409464	2.89320997953239	3.75007799035618	3.84137723039851	5.26396301597372	5.14128154411109	2.90595557570537	6.10128628215753	3.43901288415693	3.03699867085068	2.31117159400184	3.00733223302757	4.41408836374138	2.55101440451872	3.2701721836314	3.68489998516662
2016.60605509341	7.04526638454414	5.89693277843313	7.2785340509014	6.52292661435861	8.4335009170182	3.96594517983713	7.26626469516451	4.4668830703101	8.18574249717882	7.65940561508651	5.80573500254638	6.0504331622339	6.550846585683	7.37488930511131	3.66163571128865	8.82962977191088	6.31282788541034	7.24607991426805	9.76985630633508	5.91677036168386	5.82956062350669	5.15910702907928	7.22431357061653	10.0285617821327	3.95782420991404	7.16903803102504	6.79238339626556	6.62751960365887	6.77434198106667	6.50141178349923	3.49534535876367	6.83173093908728	6.41739000157476	6.55264055261058	3.09830561981428	5.07023462130232	5.54557127033087	4.56977485514301	6.62399303577496	8.40308936727306	5.25710368401771	7.63131040248007	9.37424704447893	7.76734087545266	6.78630895849885	5.5116030197522	4.35541209414373	5.97004385487392	8.25982520003047	6.90587220059215	6.87110094850435	6.23849436284314	4.65922467628298	8.27617966337606	8.80971023914475	5.32905923245725	10.1780001019113	6.87427661697162	8.40172362240136	7.07882986792058	6.76781964466357	5.48981694509077	6.10648190480798	6.40672677484739	5.44957896514637	6.42621079861943	4.97516774015115	6.28911435147143	6.20076045301577	9.86466903392131	7.8385348859027	7.81608343702246	6.99248060075996	7.28280277818082	5.64007117064553	5.65918400585526	8.51874290815384	5.8002886027374	7.69958411544693	8.02168862141967	5.86022923013736	6.35337944357355	6.4181593341527	8.96185776880414	8.5129601512765	7.51092419004098	9.39360744323887	5.75883126973646	5.1508928529903	6.64565250543373	7.93794831092046	5.45615884880913	7.09744105008308	3.46774553920848	5.73812483512706	6.78736231078897	7.43527263623137	9.8749193079993	5.15916432892069	5.81199800777934
2017.29197068594	5.33193235286782	6.61353247220598	4.07805765783309	5.25562349667405	5.12895001678804	4.54268507519405	7.13767146967866	4.70482928923417	5.16719275964002	6.28488557837724	5.07293222526218	4.57584217101991	5.52302933581494	5.38572164453122	4.07157263418869	5.36534153043581	3.5490012930619	4.44267644438603	5.12677146184665	3.96249351788527	4.97328710681692	3.05221082232787	4.39895908154656	6.09760045191302	5.29809741939227	6.03637723178003	4.47958980408762	5.36053425289095	7.09424456715023	5.96858212954186	3.67535700338168	5.44289902262402	4.87405984838611	4.79455846145953	4.84469024555737	5.38704249814157	5.27530734514035	3.92902133627763	6.24586312887666	4.3151904518979	4.02435908858547	8.92861949876132	4.69377189420347	4.40085878174844	6.06094344201367	4.62493975918091	3.71374502967712	5.07261625290216	4.15571632206785	4.34774775889157	4.00435511030032	3.86544446973525	4.3784524112532	6.12249450870492	5.77014145996768	3.72444530894465	7.35245390230022	3.88282497772363	4.64330668417266	4.91653223788364	5.48886653730647	4.86450887424061	4.9948502627563	4.37027854085247	4.10605200493553	5.15693883814713	5.2660569037446	4.42376725468395	5.27023509250879	4.17015767349449	6.790829880682	3.0270999816448	5.25344787023109	7.28436018345536	3.5173489971325	6.29095910410438	7.12425485054711	7.02583583290612	5.31495972155852	6.25012144882547	5.50914931497315	6.43891257164371	4.29316241890865	3.76872932306743	7.67803520048626	3.50314751205528	5.76038319578288	4.36917503346272	4.11379747990644	5.32118815969179	6.04148897454059	5.59837463995906	4.36448672192155	4.16262252757224	4.31100960119432	4.85752786491517	4.99074039077128	6.55324635208531	3.7289295466969	4.1000667984765
2017.97788627847	3.74940753552502	4.80068778396392	3.18307481923016	3.56343143335647	3.74588487217123	5.32028429876755	5.48560947973507	2.99528932848818	5.17094922621972	4.72130767661384	4.87718385139148	4.65825641422322	4.60051341899197	3.17904892118621	2.985458794619	4.03480494337329	3.59113258417535	5.42217403043708	4.97535474330397	4.34031174942736	5.71210674374668	3.91304247979512	2.90222091875517	5.30856819022122	4.79728019552688	4.91540294540673	4.64531688159703	5.11877143420852	4.30555892259731	4.08396805571989	4.19272074086157	2.74395073290022	3.35739821353672	5.00949886118306	4.76893640329336	2.41330187526768	4.01913401481075	4.34430889502166	6.72265572641774	3.9344659850829	4.96075575433951	6.01331789696126	2.54471709777981	3.78082667196531	3.53530714451271	4.70471378233719	3.29635088936326	4.60455687259356	3.22886764257737	4.41449504227895	3.37497127732965	4.30119722810155	3.13892176569151	4.39671729045373	3.46822972569203	4.78506413894561	4.51311705171535	5.61746749009759	3.22010223237106	4.73870083156886	3.9628298018089	5.55801775329408	5.7268157055814	4.0953640512979	3.58904718601285	4.72401785886809	4.99911926709443	5.25756211751791	6.59463333571669	3.52754683542267	3.78936394853996	3.12489704745091	2.90802424132292	5.57678257999871	3.09513522418733	5.07535873259693	4.3845700359584	3.12280892617643	3.71999598240551	5.3456454587968	4.24412718436322	5.25266331091186	5.64809860447017	3.58893437650615	5.36451215669172	5.49417237674451	3.97345230560941	2.64332731799035	2.41248560891765	4.56495592476184	5.1558184683981	5.78818575468051	3.97105361432323	4.63577819109235	4.48439636434437	3.44037146377013	4.06839082936942	4.8537986393365	2.55475243448938	3.90914518780943
2018.66380187099	3.01784994440175	2.50396418505336	3.58687517989702	3.4686605906259	3.56749082384177	2.60142196711302	5.83154581719805	3.15493519722626	3.34438636180392	3.66725875636925	4.96744482573106	3.64567070269235	2.35236001255695	2.9341646925674	3.58012764199253	3.15136447755456	2.94247113599826	2.97629186866831	3.22357057987397	3.73529972333134	3.02491050154595	2.70867537787384	3.32096962486601	2.87927828628825	1.89801137526707	3.63763952995358	3.7618520684087	3.08327592283394	4.77729532668108	3.17008276174168	2.15828716391922	3.14397476563874	2.90065203930758	3.15029629972423	3.67210779528563	3.04517980372757	3.04778171199507	3.53312685411788	2.89299300364469	3.53454872172633	3.10651248660385	4.10708822420301	3.31512149653727	2.03408294922688	2.19933254303832	2.41122556955705	1.86707373650148	4.79105517658252	2.71857630647372	4.64818319227738	3.18088142673026	2.19204773863091	3.6159835547996	3.30964977076477	4.819095840965	3.02305570686295	1.92483106033255	4.87801154844517	4.02943006972149	3.90838319746994	3.27324305247038	3.3084365512964	2.29353498876451	3.10646831440562	2.27550038195415	3.33401960321345	2.85730831301659	4.01391570377828	3.32827700403869	3.30815020192357	3.5874707368826	2.81595792251836	2.1358839166075	4.03200819688119	2.77807503663933	3.00058902679875	3.2879598187667	2.11452114577615	2.15929669195989	4.00398415580057	3.8284579128337	3.83236448349377	2.89693157422291	2.52602350119518	4.4509527971559	4.42647406326667	2.89804902538875	3.96668221148232	2.18907617689336	3.17054958103141	3.03916850979503	2.76431321344305	4.43140829754543	6.0054478492695	2.6697519049923	6.08119741360098	3.62096567574768	4.44261247184772	2.10038089938764	4.57260148800676
2019.34971746352	9.21015380799214	7.74260771643693	9.42852120689057	9.43039813528428	6.20982565972638	5.57168087407425	6.84961419234271	6.10245527329779	8.7008666593278	8.676163628081	8.39674470031677	9.22005124969167	5.89613552557752	9.24835141763225	8.76405803307406	6.74980390097289	4.66599436568571	6.36154623373817	9.01292631187189	4.21003335266166	4.90927295423967	5.65769407276664	7.52185419132716	9.36928990718746	8.45939203853183	11.3939958750467	10.7366463290502	6.34746292819624	10.8302023292765	8.83684190263134	9.13887829882743	6.9774494832239	7.38900182727365	4.10694352534644	6.30801940141282	8.35563358213767	6.34177617329462	9.61484246278434	6.82772203713393	6.75058171202418	8.05186311810064	7.92828650873865	8.02040806574942	7.36189852079134	6.71212993632018	9.49846197239255	10.8776325118158	7.31476887294388	9.20652540704365	7.15187947907675	5.25786926967023	5.84375971500434	10.4032461558973	8.77820129249257	7.29074525089601	6.2255380033552	8.42769004030065	12.8425625293346	7.59795939501845	8.83438045227734	4.35498442329312	5.10774293702531	11.1018175489647	5.60297430301548	7.40493142805715	5.77295968126295	9.45110471364185	8.22386770501309	9.83124529921941	5.29668108828138	7.0662925812431	9.8125672806064	4.92280372994472	5.50755643374032	5.69385631946523	9.27380673356676	9.63265016052804	9.88835633945617	7.14247332328887	8.05926554491059	6.22468104596141	7.78599452183356	12.3456532188491	7.27856776277466	5.82823619860447	7.89147392810185	9.53108822093338	8.95977434694871	8.76596794992921	7.06608872649253	5.58608223448578	12.1260780176522	7.3239252400137	6.4658588702215	7.88219862019375	8.69037141219075	5.82619560396637	8.27096424834656	5.48049822961262	9.1545841306928
2020.03563305605	8.8746273843326	11.8993911604685	9.88375741118825	11.5374051341873	13.2469577086541	3.15752698241988	7.62963220836519	10.8545115749836	17.9557216931257	12.8059437327493	4.44446351070974	13.387214438916	11.2238568433447	4.93950929037974	4.8313105598365	9.50496726840887	9.29913403253205	6.07135009952418	3.55228790915097	9.32253291610756	4.72831484991823	9.52466972517679	5.17637542912759	14.4030435590043	7.10040033500484	7.11209112841522	10.6910943914234	19.5786822782261	12.8859667042193	11.5008639498999	5.44926503977059	21.4069924019305	17.5285317071593	3.30451659353547	3.68434441408023	4.19124587587328	10.1273477977756	3.77325074030099	12.9798728762149	9.95747529994686	4.1548657072491	24.706801526788	4.93911491585854	7.9105862855587	9.894162251338	12.5616713616684	6.4220936038109	5.68863530268041	5.83695354944975	11.3628650118797	18.4096568562047	12.4460493835937	9.37739321355909	18.7953484074776	18.1390959176295	2.81210647545263	8.13093511547402	4.36073971436017	12.8790747013762	6.42399582082651	2.53255032967183	2.34244566495636	4.74663790197937	10.3074886016751	12.5955265179744	2.32400648263772	8.68249783237702	15.5103941797901	9.84442526543204	3.91324833376682	8.62097656789025	12.2581411640192	3.51652740848243	2.33437501657507	14.9928526646702	12.8372191586879	6.67224351686514	12.2380203503027	9.63399041726244	11.1017870506568	20.9144799625026	4.23658679305818	7.5317786085374	8.73086439231974	3.47393118400776	5.87535610177034	5.79238086587623	14.3514091843231	9.19212379155456	5.16546002198282	4.00643663324085	5.77359121836698	20.7225621217722	2.46815860209059	11.1634959151579	10.9494525756344	5.2920766360389	6.67713805490333	14.7584962831795	11.7590886811306
2020.72154864857	7.15830315245566	2.83208211786417	4.93737839673499	8.532309719977	13.6814251144114	6.16124291959204	4.72511450579351	4.89727093753231	3.61778140036819	5.90767533335444	5.37802595035853	6.47916000045883	4.46707592985363	6.87044108688077	6.64527168993282	5.7036101308664	7.18410600957724	5.88126090326877	9.36012118299783	6.21960506840225	6.70428519399756	12.0051279492826	5.87536291643326	5.86646648968433	6.81926930424288	6.77678155459492	8.22389688415916	7.67660221208158	6.22330325072283	8.31567563969988	10.1334184546665	11.099174744798	3.3637315816489	14.4141487252211	8.10416079203619	7.862519931904	9.95087522096116	5.74880885222284	8.9040733821996	6.80122775285336	5.21799522538818	6.92404054672269	6.82065631649568	8.96529926437734	9.6277754034631	5.67205938772432	7.88246490804624	9.57181836656137	5.4517469733392	4.60470811799374	7.20593620070145	8.08885898414001	5.15956538883771	6.33304137127567	6.48699098558325	8.89135340850113	7.96432692788952	7.89829169469308	9.90952263166592	8.93923722859141	7.98980090544668	7.92252578577217	4.25595388221741	9.83766834846025	8.31138820465038	10.4110005878129	8.31143503377993	5.1347971137498	9.85118271717646	6.35360643253796	4.14642279283586	15.9603421942858	6.67071834593637	8.88639655920283	6.84514352988104	5.78078443567807	4.02065472157316	5.43806685843577	9.22889626031319	10.1794503970928	6.22770905525125	5.14176789250682	8.2818078186318	7.93737649236059	5.88402150568455	5.33278382687258	6.11555778817847	4.92660611521305	4.67540746115115	8.59012105774615	6.79698603569096	7.41402616792003	10.2664530197265	4.08070890600763	9.85422789222776	14.2754004797675	11.8884866623947	8.03247546408845	9.35300207834533	5.65534262064539
2021.4074642411	5.96021147683397	4.03935984265291	5.23120271930407	4.88064980595655	11.6411269178926	5.12311959711814	4.78754488177719	5.03516129074336	7.71337811889489	14.5028007879082	8.49780168650343	5.61475356353949	8.53380945222202	3.17142558318676	10.2866953042306	7.12611395175955	10.5477443910676	7.67608262037325	20.8341111638792	6.06770520132634	10.0781743023088	12.2290027443592	12.6465479568649	3.95903022558956	15.1331196922347	19.608266733339	7.71346512982372	7.07171605610734	6.33870868467914	5.38970716296139	5.9458761164482	4.7411091483763	6.0969578412461	5.6634033142869	13.2811086592998	16.2917954526649	16.4489542582747	12.5835366220696	10.8666378068982	11.1729194929828	8.61097895228087	5.87712347861323	9.76895817315072	9.49807481317261	9.21481856033564	4.46086919917833	5.9728617180734	25.930222398266	11.2757639010289	13.4303416432296	14.2090876692762	3.19378779912888	5.83197024099208	6.04847200374758	9.99061172413383	17.7758574066545	9.65278844751927	12.592215183187	17.086780206574	11.0088266811679	9.7616273406666	7.18230253688687	15.0925718422128	19.4933938138147	7.47575790352966	8.98978362729985	5.58026100109684	6.94402901578354	8.49645099581192	26.0397410624647	10.893692012804	6.19306729527896	5.02209979340066	7.20459859391143	6.03932652794205	25.1143639386678	6.25892078999176	8.03866601794634	7.50640680331228	10.0101002240375	8.09330907494922	5.55333336618239	6.91235736947102	6.22446855755857	4.38600600487979	8.94785799315028	9.23021722328466	10.892256891072	6.19487501272344	14.3620650879087	17.1377402495148	9.29140945336117	11.9117105008316	8.1241577714967	6.88145058873129	9.73228658238174	7.81440878662085	6.32079232412609	8.25646011791728	8.9906931210858
2022.09337983363	77.9522331692156	61.6791423369543	93.1464020015599	77.035139817832	67.819106269859	66.7001089752054	76.422397328684	59.3779719620789	71.1522570382481	79.168011303734	66.2163406550822	75.3595449540286	77.4898249184028	80.8066703207	71.0655975302599	70.7115473084806	91.6522896170008	65.883768538073	8.81460640827981	78.4003893772677	86.2312418768852	71.93786279821	11.4244830343691	78.5000040526237	78.1383435673804	73.3572689357606	71.4434045985195	92.1755733776895	77.8547764692816	75.1595932459674	83.7886046160768	91.7311765493706	82.2884758178294	83.6042739661884	9.7762652195548	12.2559848850401	79.1033685989828	67.259975139463	72.4155613213686	68.7547133485684	83.6527582741956	74.8030676632125	90.4150086606502	69.6064887987988	65.7109353211578	74.7062346724011	55.4400638126984	14.7114362845656	83.3127754108625	90.317258571763	84.5305525977537	92.6074469949027	61.1904150035644	79.4862349034368	76.9412671537562	13.6118050282127	73.2270736722038	86.438609379143	11.1899292054913	66.8694394052273	62.1530267677815	72.4498719635332	81.6075025348739	9.97798275618259	74.4485440926364	73.0866288179073	77.9162153828291	80.411166161012	85.2092592267689	8.10637857386418	88.3079859653208	63.3569888906836	75.7402120504701	93.0084867989231	67.9441681319754	17.6047724853748	63.7311763571213	68.9425098953055	84.6251096229896	111.572084669707	72.8934899040668	64.2677804634859	90.403434444355	77.9283712206316	66.0679255055449	65.6844813835913	68.5982424400462	68.1933207768376	61.881807883418	9.82191689384056	14.6425373567482	79.9958833228069	89.9393951316254	78.4419578449235	75.1447700667757	74.6073861038657	92.7121116546165	73.9853637405444	77.4924994753032	69.2028048614185
2022.77929542616	26.5590086064341	30.1021622820119	25.9513489297349	64.0982217568574	25.2615002666766	23.1518025215621	29.7626622577555	33.8101491848186	53.696979896197	21.7938137546456	82.5634913087161	45.4629564151784	38.7236062217268	61.4764176200918	25.3917460294153	32.3878813916181	23.5528118046574	57.7563643240101	14.5208822224496	26.9823533289609	28.1626222888348	29.2499068510953	16.5441793679922	38.4938816926975	15.3140445670141	18.3108331171843	21.2292775047623	39.0425851899154	38.7626107274615	35.4807072547505	35.7576386103439	24.4811886514662	40.8502445571272	37.1552238007606	19.2886943568334	16.903260021237	19.2359801272189	43.7783279845061	25.5988724851803	81.8264516531537	27.0865274161038	23.7932632181854	29.1489440876741	17.6079060631191	26.2164074947497	59.573445870817	86.6488037286344	16.4152291736178	44.6728707422484	19.039964575222	22.9866148648169	33.8566080596007	101.516187307652	43.0937394597148	23.2992040773575	17.9870679182078	22.0544666224509	50.1585197582193	17.6980332710206	50.6229658157222	28.601161240275	33.0372508485317	35.7640185188367	12.1129925450636	33.7169957758566	50.1920752388835	41.5708604272818	42.0059570633031	21.5136254908705	14.6315976845541	40.797330544794	56.3014512285613	37.5453498068067	24.7353540247353	39.8275304928698	11.4531613798426	65.4969226008694	96.2180796698585	24.4690237422512	33.5993390073319	28.3686415756475	23.2949615735232	55.2963618614102	28.9909938119583	39.6403786839636	31.45047363735	45.5808436206353	89.4770844416406	34.3730126205129	16.2518925050581	13.7895919938356	38.7422749154145	42.214475435033	23.1332751796057	49.059684391322	23.8363483156778	32.6461912439065	49.2672839589612	24.0149090675623	26.8387772958283
2023.46521101868	1.8701722706192	3.04138719860823	4.47671061409972	1.61760702218066	1.83143976828617	1.75789940926677	1.63236683459039	1.11000749473896	3.95529224628856	2.89834705689105	4.62188616875415	2.58798639498515	5.65591944980411	5.65121849962447	2.68256638987756	4.7999023611807	3.15326521086187	2.96203713594177	4.83718500108049	3.74726677813353	5.50607829098049	1.82313684810169	4.79560694378	3.10446952762608	3.08307251580806	3.15322463760815	3.85159648227299	4.57877221000217	6.0234089057638	0.945800695660441	2.55914768177096	1.41726186468249	2.02972181221817	4.99981212861111	3.13594185351576	1.73323067031506	4.84157055071954	4.85083252240687	3.21922948157277	4.07166020251379	4.25031148385243	5.53467763898219	4.11457124504844	2.93981628551105	3.58409681004163	4.67866438696996	6.91758659856746	1.89688335690534	3.7790562846262	2.4731946170086	2.91627015049668	2.15122038228371	3.40073816294996	4.07842247590442	4.2713897271364	2.4717902209182	4.06046015385976	4.90188286359649	5.57562988265347	3.24911179763664	1.35630189127356	3.58553127961655	4.00856285376736	1.94216134915562	3.65848406161208	1.89528088396477	2.48281604750009	2.9976595199846	4.93239563307897	1.93761545080969	3.11020384427826	6.2513049184585	3.26025296855417	3.53087461521463	1.64833414374545	4.9509018330925	4.1572575772201	3.96446199999982	5.38396531258528	6.58862031365923	4.23950561231847	1.64134091985001	3.6940540112443	2.33028650345555	2.51756864833942	3.05874991987235	5.16072957449913	3.03746965194706	3.92212469102368	5.00616427172222	1.21893776635038	4.52605341035211	3.56697440154539	2.55721056213982	4.59815215843275	2.41615443159689	5.37423035461627	2.80011800194333	1.9338912719247	3.00564950374228
2024.15112661121	0.495165001118977	1.15275822822493	1.01779754875434	1.88400294876226	1.44409893400003	0.762780835625478	0.446282396446234	0.960177686874931	1.24343507790912	0.370640137354223	0.95585710901801	3.28437886062964	2.19810557927822	1.37219218679945	0.804455705861184	1.2379180904583	0.568007452937812	0.747663778219527	0.48213015836104	1.58886389433554	1.22707882790708	0.532979945859798	0.858313159695234	0.888882513263217	0.409495412230383	1.26587472809646	0.480489489099471	1.19740527819455	1.43409943347244	0.854619946184165	0.749367377960116	3.9587570681002	1.96002006447848	0.769879106898072	0.453784935986097	1.10245664509253	0.845707284845478	0.977423315627416	0.682958191223105	0.530260456305647	2.14647224955477	1.81204552900024	0.923309582107287	0.770689287595428	1.57547298982019	0.990079109340515	13.0207499195863	1.39448304152627	1.36261430685264	0.937889047136428	0.697351047639319	1.74756057040711	1.28833793715828	0.812048591790377	1.79581698001793	1.31690240028696	3.72541944144703	0.222306054220768	1.73600881273956	0.714504437535473	1.11372168428557	0.736929053643712	1.26694898042014	0.606213990356692	0.584287578250879	0.802408242046189	1.03853393032771	1.39560550707228	0.493768205660949	1.29615487989434	1.92073633020696	2.45173259384853	0.870277600129066	1.18035993168064	0.542568411380365	0.240106386347379	1.99136855972985	1.33914990142238	1.30563403035352	3.21470540233295	2.20094598095367	0.994275933269397	0.601469562041777	0.945890171145765	1.52852738670546	0.950579747599767	0.62744267411862	0.579252594447066	2.64461242618726	1.62203404811778	0.353848755017281	1.64813146316225	0.709527846131803	1.44144386643682	2.41912780059087	1.2182303936417	0.688069119316628	1.27991749739358	0.937189259405976	2.2263623427647
2024.83704220374	0.241639859338431	0.0309025561283693	0.190865214200373	0.674559216560553	0.152134082844365	0.340317443499538	0.114353493515283	0.667433335623392	0.173681861950453	0.24175561717056	0.78496931729252	0.396637582007957	0.364793032866716	0.799323264473373	0.03210150848746	0.446966409469277	0.081897737680459	0.466265212261383	0.163157704909243	0.105615777187412	0.931098952126671	0.873440676549337	0.00857210762643503	0.214603808145964	0.416185936457846	0.584157578875235	0.328800411249713	0.573595393985412	0.241633107892208	0.260555070085265	0.631457980947649	0.377945970015806	4.46875735491915	0.0347226663851332	0.204592501134406	0.67318650554048	0.302470336252023	0.0718961988510916	0.249788270876599	0.209909329332131	0.10941637523274	0.228268172677368	0.0320531231230005	0.103555626959212	0.670714843929805	0.0595942494021495	0.52276010080154	0.289950663339638	0.000286577458055831	0.330852218625765	0.0193479087274968	0.100211239137814	0.991829701112916	0.0453993498298509	0.974649046572253	1.41798765006717	0.806431714903885	2.57553504993481	0.394129548329691	0.184126560901157	0.222635585768468	0.466110076350762	0.778105748786223	0.351483017429274	0.195143501182466	0.382390506014234	0.424147413329165	0.350203781795915	0.179548520424243	0.0653005690567201	0.000530001922479948	0.0883257601450614	0.36318650480203	0.0738723605517394	0.48734153957709	0.205621734998305	0.0476502819945958	0.306058818334549	0.325452797726932	0.0199509253974823	0.0333569184758768	0.0480005641702472	0.109816253746887	0.106760128566084	0.0314623501470215	0.80293487028402	0.708605926861509	0.122611581211182	0.0597887553523764	0.362973461844442	0.585586527833439	0.911659456571664	0.300597568121666	2.04603051799599	0.580283885682695	0.902628735416235	0.920057411820745	0.589124891158131	0.380415831230824	0.807754384849681
