time	95%HPD_lower_value	95%HPD_higher_value
1971.58654354166	NA	NA
1974.33492592414	0.000130438034885553	0.0345537302296058
1977.08330830662	0.0000434086136344288	0.0235297235339018
1979.8316906891	0.0000601561859652771	0.0261628594222112
1982.58007307158	0.0000616518735731418	0.031285905755758
1985.32845545405	0.0000441486410855062	0.0814769337617956
1988.07683783653	0.0000361937646375588	0.0375896158006584
1990.82522021901	0.000364243753642831	0.736654463286117
1993.57360260149	0.00190486368248984	0.00190486368248984
1996.32198498397	NA	NA
1999.07036736645	NA	NA
2001.81874974893	NA	NA
2004.56713213141	0.00255730232644473	0.36284348574934
2007.31551451389	0.00117689422141542	0.51297280742252
2010.06389689637	0.00280649581473965	0.624737003820783
2012.81227927884	0.00340581123746912	12.5062461334655
2015.56066166132	0.840755024249995	4.14715229829649
2018.3090440438	1.60733656734758	6.95725076179222
2021.05742642628	2.65541796395121	8.70532230247106
2023.80580880876	0.459488541466356	4.53164269506469
