time	distance_tree2700000	distance_tree5400000	distance_tree8100000	distance_tree10800000	distance_tree13500000	distance_tree16200000	distance_tree18900000	distance_tree21600000	distance_tree24300000	distance_tree27000000	distance_tree29700000	distance_tree32400000	distance_tree35100000	distance_tree37800000	distance_tree40500000	distance_tree43200000	distance_tree45900000	distance_tree48600000	distance_tree51300000	distance_tree54000000	distance_tree56700000	distance_tree59400000	distance_tree62100000	distance_tree64800000	distance_tree67500000	distance_tree70200000	distance_tree72900000	distance_tree75600000	distance_tree78300000	distance_tree81000000	distance_tree83700000	distance_tree86400000	distance_tree89100000	distance_tree91800000	distance_tree94500000	distance_tree97200000	distance_tree99900000	distance_tree102600000	distance_tree105300000	distance_tree108000000	distance_tree110700000	distance_tree113400000	distance_tree116100000	distance_tree118800000	distance_tree121500000	distance_tree124200000	distance_tree126900000	distance_tree129600000	distance_tree132300000	distance_tree135000000	distance_tree137700000	distance_tree140400000	distance_tree143100000	distance_tree145800000	distance_tree148500000	distance_tree151200000	distance_tree153900000	distance_tree156600000	distance_tree159300000	distance_tree162000000	distance_tree164700000	distance_tree167400000	distance_tree170100000	distance_tree172800000	distance_tree175500000	distance_tree178200000	distance_tree180900000	distance_tree183600000	distance_tree186300000	distance_tree189000000	distance_tree191700000	distance_tree194400000	distance_tree197100000	distance_tree199800000	distance_tree202500000	distance_tree205200000	distance_tree207900000	distance_tree210600000	distance_tree213300000	distance_tree216000000	distance_tree218700000	distance_tree221400000	distance_tree224100000	distance_tree226800000	distance_tree229500000	distance_tree232200000	distance_tree234900000	distance_tree237600000	distance_tree240300000	distance_tree243000000	distance_tree245700000	distance_tree248400000	distance_tree251100000	distance_tree253800000	distance_tree256500000	distance_tree259200000	distance_tree261900000	distance_tree264600000	distance_tree267300000	distance_tree270000000
1991.11315079778	0	0	0	0	0	0	0	0	0	0	0	0	0	0	0	0	0	0	0	0	0	0	0	0	0	0	0	0	0	0	0	0	0	0	0	0	0	0	0	0	0	0	0	0	0	0	0	0	0	0	0	0	0	0	0	0	0	0	0	0	0	0	0	0	0	0	0	0	0	0	0	0	0	0	0	0	0	0	0	0	0	0	0	0	0	0	0	0	0	0	0	0	0	0	0	0	0	0	0	0
1992.81649325789	0	0	0	0	0	0	0	0	0	0	0	0	0	0	0	0	0	0	0	0	0	0	0	0	0	0	0	0	0	0	0	0	0	0	0	0	0	0	0	0	0	0	0	0	0	0	0	0	0	0	0	0	0	0	0	0	0	0	0	0	0	0	0	0	0	0	0	0	0	0	0	0	0	0	0	0	0	0	0	0	5.23157500724703	0	0	0	0	0	0	0	0	0	0	0	0	0	0	0	0	0	0	0
1994.519835718	0	0	0	0	0	0.11290043907342	0	0	0	0	0	0	0	0	0	0	0	0	0	0	0	0	0	0	0	0	0	0	0	3.25678056062518	0	0	0	0	0	0	0	0	0	0	0	0	0	0	0	0	0	0	2.78013218855893	0	0	0	0	0	0	0	0	0	0	0	0	0	0	0	0	0	0	0	0	0	0	0	0	0	0	0	0	0	0	0	17.1150783232011	0	0	0	0	0	0	0	0	0	0	0	0	0	0	0	0	0	0	0
1996.22317817811	0	0	0	0	0.557045100947172	1.45279679247369	0	0	0	0	0	0	0	0	0	0	0	0	0	0	0	0	0	0	0	0	0	0	0	8.8300333563328	0	0	0	0	0	0	0	0	0	0	0	0	0	0	0	0	0	0	6.42453662031014	0	0	0	0	0	0	0	0	0	0	0	0	0	0	0	0	0	0	0	0	0	0	0	0	0	0	0	0	0	0	0	51.6318242359063	0	0	0	0	0	0	0	0	0	0	0	0	0	0	0	0	0	0	0
1997.92652063822	0	0	0	0	1.35900094125805	2.79267906864557	0	0	0	0	0	0	0	0	0	0	0	2.5449938947648	0	0	0	0	0	0	0	0	0	0	0	14.4034822181356	0	0	0	0	0	0	0	0	0	0	0	0	0	0	0	0	0	0	10.0689217328028	0	0	0	0	0	0	0	0	0	0	0	0	0	0	0	0	0	0	0.246252053103436	0	0	0	0	0	0	0	0	0	0	0	0	86.422955708016	0	0	0	0	0	0	0	0	0	0	0	0	0	0	0	0	0	0	0
1999.62986309834	0	0.182306642230057	0	0	2.16095746839351	4.13254727910105	0	0	0	0	0	0	0	0	0	0	2.33866981645853	7.26443782745211	0	0	0	0	0	0	0	0	0	0	0	19.9771265711153	10.8980084684189	0	0.0101400556249389	0	0	0	0	0.738988329768241	0	0	0	0	0	0	0	0	0	0	13.7132874846413	0	0	0	0	0	0	0	0	0	0	0	0	0	0	0	1.9230890009424	0	0	0.969967152421947	0	0	0	0	0	0	0	0	0	1.62236178698687	0	0	121.235960486639	0	0	1.71409908014584	3.16688407235126	0	0	3.81437029216739	0	0	0	0	0.13054773776298	0	0	0	0	0	0	0
2001.33320555845	8.92146155616673	2.67958076027082	49.8479073182152	0	2.96291468403701	5.47240141863445	0.792204293736195	8.1503850398975	0	0	0.447064609635265	0	0	0	0	0	9.2170049267494	11.9838815245593	0	0	0	2.12472300550364	0	3.71556604960983	0	0	0	0	0	25.5509658369088	23.3093024522721	0	0.651314426969887	0	0	0	1.61380168087537	2.24128591632613	3.51906779127758	0	0	0	0	0	0	0	0	0	17.3576338363017	0	3.38132182069177	0	0	0	2.22810626681638	0	0	0	0	0	58.650475352032	0	0	0	32.1650656383606	0	0	1.69367772187537	0	0	0	0	0	0	0	0	0	33.2921534228218	0	3.81985360875827	156.043101411786	0	0	8.47027898532258	6.96593125772098	0.582276390890949	0	9.31051625577392	0	21.7196619105795	0	0	3.58489764996088	0	0	0	0	0	0	0.630032647925677
2003.03654801856	90.7782663801758	151.261878033829	196.162319747963	3.56206705860938	54.0513727544786	196.780565511779	1.88518789635767	65.5443578662108	0	0	5.5008903869793	0	0	0	0	6.34019021421549	16.0953386208262	16.7033249887218	0	4.05246890130948	3.37042143985398	9.36089001896924	0	12.9480156861114	0	0	0	0	0	27.295576563058	35.7207261766527	0	1.29248296803383	0	0	4.06711008928892	8.99338953497639	3.74361533412608	10.7278955321573	6.14166778021711	0	5.38732253756219	4.21585938924161	2.30519209993385	0	0	0	0.0957576503327915	21.0019607493563	0	9.29081196696634	0.390747945977592	1.17375875674313	0	60.4988051978389	1.35860336728337	0	3.43175873702028	0	0	152.435227881992	0	1.92404451969079	0.261408235594819	70.5048184020496	5.14571270575089	0	8.1038515683277	0	0	6.94054904555121	0	0	0	1.23232522648486	0	0	67.6817668447049	2.11903838322773	10.1524907419019	183.456202545261	0	0	15.2264567246302	10.7649777071354	28.9562487553502	0.327462356009962	14.8068462105733	0	48.2350254777062	0.0987827981625099	0	7.03906921448597	11.4233239600516	6.33163131787489	2.0593064248738	3.06642899267765	0	0	3.95940006762755
2004.73989047867	173.243106182941	193.915284648607	196.162319747963	61.2190160142932	109.59663706199	196.868817352164	120.891056079846	130.38140103547	0.380476908655617	8.60895727737366	13.6434267194026	0	0.301265828990269	1.45680245024205	0.872579674651782	28.7858355780134	22.9736708957054	21.422768218493	0.653820407335368	11.0122635036949	12.0271227051953	16.8251591667161	74.3801925770751	22.1804634059895	0	0	0	0.42126843604821	0	66.2676858625984	48.1322787437218	2.65053366796673	1.93364556726825	13.6137006709494	0	10.2786130124419	16.372945785662	5.10321520798435	17.9367616296015	20.0541703316958	21.0073803409438	12.2404823480571	11.7868330396328	13.0439068524279	5.20298116778317	0	0	22.3206266688668	24.6462681832709	74.0025261431156	15.2002948064992	1.34805335411579	6.57330471859666	4.72849843579716	131.756443475476	9.00430046871168	36.6399948905996	12.4381079748394	0	4.16392737394827	195.207901115094	28.7893305663424	8.97660898863166	1.60516687023499	108.820716477499	63.077895391867	0	15.578940733872	9.92069875001326	0	15.3964738783327	0	0	9.2102244507976	8.87171548225456	0	25.7112266766952	102.067333081803	76.2745068013107	16.485127872879	184.641771483446	0	0	21.9826322902952	14.5640234188224	182.804846666538	1.76695569306955	19.8555793050961	0	48.5136153906142	0.460042720786904	0	13.1796104701715	47.7909728508515	13.5138989413354	79.0191403509403	10.7129238780964	0	0	7.28893566331911
2006.44323293878	198.772924080313	194.147433297036	196.162319747963	180.538042754356	165.215908574373	196.957507907772	202.801242740043	195.205745099463	3.80482356311907	13.7143796962982	21.8022637384597	14.5449951669518	6.30460398352025	3.94687545893416	5.17956752228562	48.5473055985049	29.852001745677	26.1422112130647	11.6621975678425	19.9101149840901	20.7920857654902	158.490432611387	158.036980392187	31.4129091992356	0	0	0	3.1719536012322	12.4279370960669	184.111177560146	54.3602124887351	16.182893459672	2.57480221878888	34.9584812957035	2.46166620010226	18.9604405016854	23.7524702946138	13.7417387407048	21.332244234529	30.4539866844677	76.7588631673073	19.0936395123507	19.3577256952296	23.7824846576233	69.7165447206458	5.85181541103406	4.91874410703442	87.6491076773133	28.2905560986683	162.204646205644	21.1097703157632	7.95586305384222	15.9207366604751	17.0692734262255	182.655852082793	16.6499675240107	129.44420610221	21.4444565183679	3.6132033486852	77.9561122091794	195.354217744072	95.7104619676381	17.3371227340879	2.94889987854555	147.11168044768	120.954262792599	0.0433165118512457	23.1076024125368	138.377803881883	0	21.698503848722	5.27281733425481	18.7733106357991	40.2357872851586	18.2181351136985	0	34.6822880684355	136.436800150427	158.69978121632	22.8177650009658	185.827808541514	7.03357646373678	5.19823959235783	28.7388056740374	18.3630683901529	201.027080546849	3.20642213159065	20.5070911955473	1.59856815744785	48.8034098331588	4.85052206929648	58.6043981060447	21.2462231357066	84.1377537978578	20.6961492786983	155.884620197113	18.3593865054425	3.38715590607713	7.21355347243871	9.37609116042379
2008.14657539889	199.3236964683	194.397119566468	196.162319747963	203.031996498315	195.699342000062	197.04663657841	204.119907206204	201.415781196134	38.6548916110816	21.8875328606143	29.9640874777978	98.0174634107392	19.1019383956661	13.6974314366415	114.645924461144	54.7600587433733	197.630152721851	30.8616539722165	22.6705579286807	29.0146537557466	114.618080729258	197.62401070226	197.663255825544	80.266331354244	2.21600401074665	2.73522746490933	160.559234981354	38.9721025119766	189.270166329482	191.340216483359	56.1504919532741	106.000848104988	17.2005241285912	47.7650494073139	166.187443514293	129.338852932872	31.1319629307366	71.4567080745031	24.0756407951809	31.7585384861002	132.459052008451	25.9467940198546	26.9285370129598	34.5209246820521	134.163777439289	31.9644597602155	8.13338885739691	152.913044539435	31.9348244565192	190.33108809395	43.9997992604418	20.7723736275682	50.3425008251359	29.4100399464598	183.492420733584	24.2956044039039	196.376403787636	30.4508043654106	55.5314202619239	151.656804379615	195.502249624254	162.581383814014	57.2505728868065	38.6798678947476	185.377234012789	178.773585233282	21.6225425639411	202.065672956562	193.993472191783	58.1553731676638	22.6969007599444	18.3641900117393	121.120032824275	49.7276664475624	111.128508805356	0	43.6536205146068	170.787612751422	209.003368578452	109.383278142363	187.0143042939	19.5025801040373	17.8239047874668	35.4949768671615	22.1621126204126	201.157778999586	12.5518903722929	56.3341860143726	11.2134856045657	112.166651817239	17.2503693921499	119.361060070473	96.539474882785	120.463210703975	27.8783822594733	205.256952219574	26.0058167355508	14.3691894392465	19.2681181370139	45.24012072642
2009.849917859	200.150532398376	195.017559312744	196.162319747963	203.140131047456	196.55687269435	197.230425531151	204.313265904232	201.479012619414	181.600963738187	105.365725143732	38.1269786871142	181.412885995157	87.2143091169226	81.9396986857843	205.121563627078	116.367759079356	198.773715988671	188.329980746459	121.325222833861	103.538023258295	197.116336232485	198.328270888748	197.663255825544	143.886891336456	147.229571686474	21.8301117077794	198.328171835659	127.566385360004	189.270166329482	191.340216483359	74.2204825351798	193.542678721152	106.388100927214	174.808917513789	185.627971746616	199.519103896028	101.233807985228	129.12364376024	85.4109743116237	77.4498345617716	188.10683427764	133.469637209436	184.287009413749	157.632006949956	194.812707984309	48.7565227659197	33.2510602451565	190.041155451667	111.470307867409	190.33108809395	103.507684301236	87.4852482405646	185.43095719213	199.435495334963	184.338039305563	153.528406351066	196.376403787636	193.707732288736	139.047455004727	186.77577244523	195.651992847202	196.307841180715	97.2312410288221	197.490191174835	194.637664488024	192.097117695281	127.263541739657	202.065672956562	195.169829810848	192.9680261303	33.6300430378767	31.4554899236802	198.376210824767	51.2193120821528	200.820828108173	80.0454269323748	153.374727541002	199.960595894933	209.049750944475	191.750473720117	188.201249549184	111.116936651736	62.6997924504947	127.615619296889	114.697127638666	201.288584154534	37.1176981959895	188.378130367199	92.2021900270096	171.714661237921	136.356872228416	180.05603121093	172.729154155039	156.767022052841	64.2409175045254	205.256952219574	188.43703170466	25.3511844005732	78.1095579680849	134.801654483677
2011.55326031911	200.150532398376	195.017559312744	196.162319747963	203.140131047456	196.55687269435	197.230425531151	204.313265904232	201.542264428465	197.523457652777	191.543313057886	198.803506750464	195.577783058095	183.299340178137	191.629750470529	205.121563627078	164.210615245257	199.917268033449	189.067677882068	200.980191070942	201.669575757789	199.963596220835	199.034569689039	197.663255825544	203.504991428822	205.496066867275	141.306194946218	198.734466791046	196.520950424927	189.270166329482	191.340216483359	175.713683663314	195.1207251222	192.166685566004	174.884064813944	187.021671468756	199.519103896028	185.272602585673	183.055654860955	172.477251753464	168.457797102754	196.128887379447	191.603267018849	184.406705334192	210.426208789939	195.331274483206	164.654222797979	174.897056682795	193.132387901565	184.00951152396	190.33108809395	162.978147376208	176.474211975937	195.845032072433	199.442033168892	185.192583812809	198.346037040575	196.376403787636	197.766600830015	196.7983930038	187.051438867717	195.803443471647	196.307841180715	137.196186552399	197.490191174835	194.637664488024	192.434892450133	198.565076762691	202.065672956562	196.354490253158	195.132588998316	174.157825133272	146.88123753731	198.376210824767	161.447470892859	200.820828108173	195.981487339341	166.206064175439	199.960595894933	209.096134078019	191.750473720117	189.388635342642	197.551298157028	195.274463563131	197.71715189817	181.871211358958	201.419495804475	194.974027985226	189.831691519144	196.152432158361	171.882395235414	195.905472189939	200.476502038138	201.692604641532	193.048873582077	150.647438900606	205.256952219574	188.43703170466	191.752156015026	195.228837715239	195.703777629505
2013.25660277922	200.150532398376	195.017559312744	196.162319747963	203.140131047456	196.55687269435	197.230425531151	204.313265904232	203.34935214168	197.523457652777	193.340111717452	199.467150327488	196.970670723646	197.932114268992	194.998923289006	205.121563627078	168.63075645185	200.627631324277	189.818476922001	200.980191070942	202.228991645706	202.31323102299	199.779689493944	197.912628033969	206.088345652388	205.496066867275	197.072376293374	199.872968244464	196.520950424927	189.270166329482	192.89523484882	178.255192371332	196.096629855735	194.372440534899	175.012389464388	187.950863663933	199.519103896028	200.886029507168	187.784876740725	180.89107728623	171.667845436745	196.325086314988	192.11294513717	184.952197995444	211.261790835927	197.373175426292	171.592878549474	197.264856093396	193.132387901565	184.428233744066	190.33108809395	189.880523883297	199.387076473903	196.400803901859	202.179316735512	185.449956276357	198.346037040575	196.399574319155	197.766600830015	200.105585767556	187.327752078541	196.632330608898	196.307841180715	169.952300568916	197.581299686765	194.637664488024	194.855567898373	200.033382122416	202.065672956562	197.4825098378	197.648632513466	176.370240369902	198.658085335906	198.376210824767	171.33039391193	200.820828108173	195.981487339341	167.118143182379	199.960595894933	209.795862753222	193.160736906819	190.608278639388	200.273489571074	197.519241952839	197.916832062859	182.720832349639	201.419495804475	197.602867951758	191.873501423931	197.619071030025	174.86970756867	195.905472189939	200.476502038138	201.692604641532	204.154829841368	191.420833908963	205.256952219574	188.43703170466	192.459776796835	195.228837715239	197.903815008316
2014.95994523933	200.150532398376	195.017559312744	196.162319747963	203.140131047456	196.55687269435	197.230425531151	204.313265904232	205.783232434719	198.664443577885	196.357611329497	202.423348555213	197.415664850721	199.617676907503	195.384259170037	205.121563627078	169.744246895825	202.090772305637	193.108271875318	200.980191070942	204.12791955133	202.365386500072	201.855084988611	199.84886414969	207.578079577833	206.909537762079	197.728900926249	201.261856934772	196.990721104745	189.566732576296	194.594175430507	180.727408358455	196.827772648835	197.992667996232	179.860329311885	187.950863663933	199.97585948359	202.330809868272	189.425591832489	184.656237429583	174.745584006571	198.103193951204	193.4545088783	188.486618145415	211.989565735746	198.86721404634	172.577676667068	200.109953445861	193.346547616592	186.238324482718	192.59807228634	191.782637897267	201.115085679504	199.066551466089	203.550054296622	189.437692836108	198.346037040575	198.396359462016	201.182943761906	201.494862997383	189.776424035495	198.639268610478	197.283859373733	174.638116424133	200.132990235	197.782375783223	196.578850457938	202.100922797549	202.065672956562	197.4825098378	198.894050787317	176.44411994703	202.264828834858	198.376210824767	172.913518837284	200.820828108173	197.620112019065	170.905848176096	201.295750403336	210.442085853126	195.077211448684	192.666708340108	201.722617819613	198.196649394128	201.657884004316	187.287879692531	202.383938572044	197.602867951758	191.873501423931	198.778034707324	177.32079927007	198.119772115835	200.476502038138	201.692604641532	208.504988115008	192.140745278446	205.256952219574	190.522952825915	196.094974322424	196.367686558344	200.822326304038
2016.66328769944	200.150532398376	195.017559312744	196.162319747963	203.140131047456	196.55687269435	197.230425531151	204.313265904232	213.705635704006	207.258363677747	209.105062991772	213.7961674253	210.71146240261	211.697479740001	203.196708916948	205.121563627078	178.822704785824	212.988598460454	207.819216471481	215.208964933046	213.762439218587	210.175930318135	216.269063482965	213.433992918854	221.858486443379	220.211771862394	207.192436797977	208.574966582172	202.719455617165	198.800756791535	206.124045696849	190.639157077376	200.821350439314	208.467912151463	189.617330133979	197.66324264777	202.495243405317	206.611150972967	193.586020503706	188.631965024522	182.645028364226	206.537204404598	198.904576854866	194.204925389044	223.596593865789	211.68227793716	180.739301039748	203.636057447909	197.121247814457	199.625477980196	202.129779992696	196.485828710555	212.339345161734	207.878926935565	210.761533608817	201.05476170634	204.116376505587	210.803154474708	210.870707565546	208.548408004125	203.317933676091	202.818789898303	200.461369832097	186.407687416371	205.923740286837	201.117825299116	207.673764290516	207.327571344564	212.409838286243	208.957065374813	209.146695387696	181.660136011684	212.83482827049	208.843553566317	177.555746275092	213.315001312584	206.15854209779	182.406250208757	207.868487704228	221.96547393578	208.456158159175	204.099872537741	208.960616452309	207.591334117318	211.361929133771	197.393847009545	215.191264611675	199.810444103594	195.279083454079	210.925307053225	188.745187685296	210.230380257732	213.510554252173	210.961689169462	218.941071388203	197.365179972916	207.813937310452	204.547165400011	201.147070856974	207.84630117223	207.879900295842
2018.36663015956	200.150532398376	195.017559312744	196.162319747963	203.140131047456	196.55687269435	197.230425531151	204.313265904232	213.705635704006	207.258363677747	209.105062991772	213.7961674253	210.71146240261	211.697479740001	203.196708916948	205.121563627078	178.822704785824	212.988598460454	207.819216471481	215.208964933046	213.762439218587	210.175930318135	216.269063482965	213.433992918854	221.858486443379	220.211771862394	207.192436797977	208.574966582172	202.719455617165	198.800756791535	206.124045696849	190.639157077376	200.821350439314	208.467912151463	189.617330133979	197.66324264777	202.878613769879	206.611150972967	193.84693264678	188.872884046122	182.645028364226	206.537204404598	198.904576854866	194.204925389044	223.596593865789	211.68227793716	180.739301039748	203.636057447909	197.121247814457	199.625477980196	202.129779992696	196.485828710555	212.339345161734	207.878926935565	210.761533608817	201.05476170634	204.116376505587	210.803154474708	210.870707565546	208.548408004125	203.317933676091	202.818789898303	201.003246739718	186.407687416371	205.923740286837	201.117825299116	207.673764290516	207.327571344564	212.409838286243	208.957065374813	209.146695387696	181.660136011684	212.83482827049	208.843553566317	177.555746275092	213.315001312584	206.15854209779	182.406250208757	207.868487704228	221.96547393578	208.456158159175	204.099872537741	208.960616452309	207.591334117318	211.361929133771	197.393847009545	215.191264611675	199.810444103594	196.273772760709	210.925307053225	188.745187685296	210.230380257732	213.510554252173	210.961689169462	218.941071388203	197.365179972916	207.813937310452	204.547165400011	201.147070856974	207.84630117223	207.879900295842
2020.06997261967	200.150532398376	195.017559312744	196.162319747963	203.140131047456	196.55687269435	197.230425531151	204.313265904232	244.832840016755	248.002349396724	229.213128776206	254.259408974356	220.491663925343	234.122538805088	232.109139549592	238.548859077766	217.579819612636	254.675616668281	247.610406702174	227.431216686127	244.998958262603	252.545252766169	255.817906345197	226.898610760511	242.512376489911	251.768891832446	246.347217185344	231.424621174949	235.346247797836	244.469115025596	244.620495130877	235.392404256109	245.772735093133	216.928652504504	205.443808484155	224.467641157443	242.079769148989	241.530117301194	209.173123680793	204.793412553329	223.254330648445	239.082379987158	232.837483380464	218.297124722287	232.968740690485	223.112611348239	226.461597653205	240.011933141563	241.59975208774	236.307467705615	226.513365099736	225.988721478028	253.674080566347	242.373069482079	251.332251730388	224.733221423687	253.0179658473	247.658596433623	229.232735215745	243.45079672001	231.524486154354	252.697507463746	242.027541002871	200.146161396131	221.625804723072	250.10561327637	251.711876535138	230.171870711824	243.904599199541	226.188524232048	226.404752415434	207.727271529479	244.720643806183	222.97182499584	228.037301443282	242.914294653464	243.388558978253	208.637040302041	247.76042719109	248.186392176496	248.813598121319	241.685741832971	238.274334598885	220.675467696088	240.400171242708	235.674188777466	250.411055916235	235.308865013222	248.466613700937	224.222848786467	221.557107040045	237.025067357754	253.757950625001	254.956715116301	252.488978086427	225.128747569353	234.171527840855	222.739266437038	235.869580764409	238.797362091652	242.312907157592
2021.77331507978	200.150532398376	195.017559312744	196.162319747963	203.140131047456	196.55687269435	197.230425531151	204.313265904232	244.832840016755	248.002349396724	229.213128776206	254.259408974356	220.491663925343	234.122538805088	232.109139549592	238.548859077766	217.579819612636	254.675616668281	247.610406702174	227.431216686127	244.998958262603	252.545252766169	255.817906345197	226.898610760511	242.512376489911	251.768891832446	246.347217185344	231.424621174949	235.346247797836	244.469115025596	244.620495130877	235.392404256109	245.772735093133	216.928652504504	205.443808484155	224.467641157443	242.079769148989	241.530117301194	209.173123680793	204.793412553329	223.254330648445	239.082379987158	232.837483380464	218.297124722287	232.968740690485	223.112611348239	226.461597653205	240.011933141563	241.59975208774	236.307467705615	226.513365099736	225.988721478028	253.674080566347	242.373069482079	251.332251730388	224.733221423687	253.0179658473	247.658596433623	229.232735215745	243.45079672001	231.524486154354	252.697507463746	242.027541002871	200.146161396131	221.625804723072	250.10561327637	251.711876535138	230.171870711824	243.904599199541	226.188524232048	226.404752415434	207.727271529479	244.720643806183	222.97182499584	228.037301443282	242.914294653464	243.388558978253	208.637040302041	247.76042719109	248.186392176496	248.813598121319	241.685741832971	238.274334598885	220.675467696088	240.400171242708	235.674188777466	250.411055916235	235.308865013222	248.466613700937	224.222848786467	221.557107040045	237.025067357754	253.757950625001	254.956715116301	252.488978086427	225.128747569353	234.171527840855	222.739266437038	235.869580764409	238.797362091652	242.312907157592
2023.47665753989	200.150532398376	195.017559312744	196.162319747963	203.140131047456	196.55687269435	197.230425531151	204.313265904232	244.832840016755	248.002349396724	229.213128776206	254.259408974356	220.491663925343	234.122538805088	232.109139549592	238.548859077766	217.579819612636	254.675616668281	247.610406702174	227.431216686127	244.998958262603	252.545252766169	255.817906345197	226.898610760511	242.512376489911	251.768891832446	246.347217185344	231.424621174949	235.346247797836	244.469115025596	244.620495130877	235.392404256109	245.772735093133	216.928652504504	205.443808484155	224.467641157443	242.079769148989	241.530117301194	209.173123680793	204.793412553329	223.254330648445	239.082379987158	232.837483380464	218.297124722287	232.968740690485	223.112611348239	226.461597653205	240.011933141563	241.59975208774	236.307467705615	226.513365099736	225.988721478028	253.674080566347	242.373069482079	251.332251730388	224.733221423687	253.0179658473	247.658596433623	229.232735215745	243.45079672001	231.524486154354	252.697507463746	242.027541002871	200.146161396131	221.625804723072	250.10561327637	251.711876535138	230.171870711824	243.904599199541	226.188524232048	226.404752415434	207.727271529479	244.720643806183	222.97182499584	228.037301443282	242.914294653464	243.388558978253	208.637040302041	247.76042719109	248.186392176496	248.813598121319	241.685741832971	238.274334598885	220.675467696088	240.400171242708	235.674188777466	250.411055916235	235.308865013222	248.466613700937	224.222848786467	221.557107040045	237.025067357754	253.757950625001	254.956715116301	252.488978086427	225.128747569353	234.171527840855	222.739266437038	235.869580764409	238.797362091652	242.312907157592
2025.18	200.150532398376	195.017559312744	196.162319747963	203.140131047456	196.55687269435	197.230425531151	204.313265904232	244.832840016755	248.002349396724	229.213128776206	254.259408974356	220.491663925343	234.122538805088	232.109139549592	238.548859077766	217.579819612636	254.675616668281	247.610406702174	227.431216686127	244.998958262603	252.545252766169	255.817906345197	226.898610760511	242.512376489911	251.768891832446	246.347217185344	231.424621174949	235.346247797836	244.469115025596	244.620495130877	235.392404256109	245.772735093133	216.928652504504	205.443808484155	224.467641157443	242.079769148989	241.530117301194	209.173123680793	204.793412553329	223.254330648445	239.082379987158	232.837483380464	218.297124722287	232.968740690485	223.112611348239	226.461597653205	240.011933141563	241.59975208774	236.307467705615	226.513365099736	225.988721478028	253.674080566347	242.373069482079	251.332251730388	224.733221423687	253.0179658473	247.658596433623	229.232735215745	243.45079672001	231.524486154354	252.697507463746	242.027541002871	200.146161396131	221.625804723072	250.10561327637	251.711876535138	230.171870711824	243.904599199541	226.188524232048	226.404752415434	207.727271529479	244.720643806183	222.97182499584	228.037301443282	242.914294653464	243.388558978253	208.637040302041	247.76042719109	248.186392176496	248.813598121319	241.685741832971	238.274334598885	220.675467696088	240.400171242708	235.674188777466	250.411055916235	235.308865013222	248.466613700937	224.222848786467	221.557107040045	237.025067357754	253.757950625001	254.956715116301	252.488978086427	225.128747569353	234.171527840855	222.739266437038	235.869580764409	238.797362091652	242.312907157592
