LR1_coefficients_null_raster	LR1_coefficients_SES_class_C	LR1_R2_null_raster	LR1_R2_SES_class_C	LR1_Q_SES_class_C	LR2_coefficients_null_raster	LR2_coefficients_SES_class_C	LR2_R2_null_raster	LR2_R2_SES_class_C	LR2_Q_SES_class_C
0.0051558864384021	3.55410327383797	0.04849073608163	0.0456669734224712	-0.0028237626591588	0.000169700186984084	75.5832674772177	0.0322709126953177	0.0258495245648119	-0.0064213881305058
0.00413505003969747	2.97060586239388	0.0358432668669227	0.0378416922907509	0.00199842542382818	0.00014553960025195	86.6746415906398	0.0201623103622211	0.0256956185224119	0.00553330816019075
0.00458595065211012	3.83062272527856	0.0319195396424104	0.039424602214958	0.00750506257254765	0.0001086198540589	95.7968577908245	0.00830693781726387	0.0187971221631564	0.0104901843458925
0.0154680570404742	13.2805395975599	0.13565921441336	0.204881707943893	0.0692224935305328	0.000733814924840671	646.644909962949	0.0584117744420475	0.147546626126991	0.0891348516849434
0.0113555668013313	7.94065304805863	0.0844124305056045	0.0946351797359831	0.0102227492303786	0.000177349161578829	101.30092156649	0.00931996494188284	0.0143766974364	0.00505673249451721
0.0076487552557048	6.26145137970738	0.120360722487833	0.135229309219895	0.0148685867320623	0.000198255899740517	142.115731267761	0.0360548191157569	0.0476366330709507	0.0115818139551938
0.00382896958392575	2.8102962668087	0.0477366784295935	0.0510156138355278	0.00327893540593427	6.65956151782154e-05	34.7493573744276	0.00798961752856393	0.00819600753204068	0.000206390003476754
0.00288183107499193	2.14557462516353	0.00916089311653867	0.0119255973564338	0.00276470423989513	9.36918997048084e-05	35.2322601295303	0.00403202813594716	0.00294220822191812	-0.00108981991402905
0.00853588527459424	5.49563910598246	0.119245291886279	0.116547233479231	-0.00269805840704747	0.000369507292701265	229.1531699374	0.0795923102168081	0.113324890355132	0.0337325801383243
0.00287870581709669	2.64521477768783	0.00508689017407037	0.00840299804116507	0.0033161078670947	6.5200352555519e-05	66.1433388881832	0.000779003072207199	0.00243130142549231	0.00165229835328511
0.00549769314583212	5.8482981447002	0.0140121552218264	0.0305189826008789	0.0165068273790525	6.99647457647007e-05	69.1073461001096	0.0011989701056691	0.00401265331766932	0.00281368321200022
0.00471930663429093	3.73440229347406	0.0286166917016912	0.0364495647774278	0.00783287307573659	4.21768506557291e-05	52.1196739522159	0.000934225944702255	0.00401719475721058	0.00308296881250833
0.0170866088233274	11.6884363005852	0.136109947643521	0.181819045314183	0.0457090976706626	0.00102470045022148	431.408459408957	0.0751991666425676	0.120652087383701	0.045452920741133
0.0117537704043814	8.50293957415435	0.146909441226174	0.174495952815444	0.0275865115892694	0.000383298356036875	221.041559545141	0.0645047012872479	0.097561881777414	0.0330571804901662
0.0109721888216614	8.80604681447427	0.0915570662360138	0.118044169694513	0.0264871034584995	0.000294705608379982	181.128956836521	0.0416755366530223	0.0562814155505813	0.014605878897559
-0.00215353078275995	-1.27556738741985	0.00897924199481146	0.00505769713493477	-0.00392154485987669	-0.000104528065904928	-56.1197830573365	0.014429446053707	0.0109607814662924	-0.00346866458741466
0.00326397480946805	2.17244691415928	0.0153142690525169	0.0134020353151829	-0.00191223373733392	1.76808229770002e-05	11.5930243805172	0.000238438814778676	0.000364630558873643	0.000126191744094967
0.00797009673121525	5.71821202166918	0.107707909940843	0.108685712146705	0.000977802205861869	0.000245091863235513	124.763445424698	0.0416400326710776	0.0403160844425705	-0.00132394822850711
0.0046739075714382	3.85135915299109	0.0294098929755889	0.0366284116257921	0.00721851865020317	5.9305462468174e-05	60.1557123567581	0.0016619953927578	0.00521135169010445	0.00354935629734665
0.0106230133218402	6.94864896625595	0.0671533338645169	0.0739270728085059	0.00677373894398904	0.000391280866981243	156.965206780494	0.0255795240232217	0.0269187996083443	0.00133927558512257
0.00388689459422557	4.84672250550081	0.0118593146108175	0.0345254200928222	0.0226661054820047	1.62145605526373e-06	87.4822103822766	7.50771867084878e-07	0.00630641821571026	0.00630566744384317
0.0109263980795533	7.64229254821929	0.11478219267572	0.103066124885543	-0.0117160677901771	0.000450619733616713	233.028033787715	0.0652376152051968	0.0542959353965171	-0.0109416798086797
0.0210717901205201	14.0201754664604	0.234140917304648	0.206603684447146	-0.0275372328575016	0.00134219363116336	655.768395766575	0.219805025055193	0.186432449522688	-0.033372575532505
0.0174028401373578	14.1538889516007	0.14314917939943	0.161653708958467	0.0185045295590372	0.000913658392658771	593.477591113035	0.111838391043642	0.119810744718362	0.00797235367472056
0.00549342835603307	4.28651124380933	0.0394412867968571	0.0469046573897055	0.00746337059284839	0.000126521672749895	79.3453229954217	0.00964513825361659	0.0129859600300149	0.0033408217763983
0.00159301270371479	1.46524056827411	0.0046785173781627	0.00589641605094305	0.00121789867278035	0.000124129983621256	77.6522126770357	0.0133546562895282	0.0140562459292805	0.00070158963975233
0.00998535163003447	6.37423782293643	0.103180289308427	0.0912161952070435	-0.011964094101383	0.000376914936122533	187.748727863685	0.0406858433499155	0.0436656074450236	0.00297976409510801
0.00571325681624664	5.29155016428257	0.0403354979713395	0.0643267942606453	0.0239912962893059	0.000203548625392628	203.653550717579	0.0160289015113375	0.0484144751690156	0.032385573657678
0.0103901126691383	8.03702804736836	0.125042195841609	0.11260248108405	-0.012439714757559	0.000609660609786548	363.477323346294	0.0668926324697673	0.06174324755969	-0.00514938491007737
0.0145159984359194	11.8191469408466	0.15935930162544	0.243125884377674	0.0837665827522338	0.000351330113404573	456.424690399128	0.0272354426908297	0.143458943891609	0.116223501200779
0.0176679286216255	9.91251837834435	0.099852417037274	0.0799415722340918	-0.0199108448031822	0.00218691535500648	581.150332343232	0.0809889387181993	0.0450448346450088	-0.0359441040731905
0.00287253132552856	2.41309452489109	0.0160381612314213	0.0213819036909046	0.00534374245948323	9.61436976122705e-05	60.1558989513614	0.00876926352813743	0.0118714463568828	0.00310218282874535
0.00392361464158106	3.34229127667108	0.0222307628695972	0.0316309129801665	0.00940015011056938	0.00012734460868795	73.5636975311325	0.015254496301015	0.0182498044546961	0.00299530815368109
0.0134211479396794	11.6134300503998	0.1207549263944	0.176263015562214	0.0555080891678143	0.000454685312681681	329.633242444666	0.0610964154818566	0.106818579287743	0.0457221638058866
0.0144019952786538	12.6286969581541	0.0811044457869707	0.132103772492158	0.0509993267051876	0.000305774498326309	379.285137103006	0.0119163232277667	0.0550513267021709	0.0431350034744042
0.00800137197741126	7.09880274777024	0.0910687416180943	0.116653286440325	0.0255845448222309	0.00027268917370026	208.793249413677	0.0498629900273454	0.0717454918818552	0.0218825018545098
0.00938218602977928	7.2820347786762	0.10676090480526	0.111454154468134	0.00469324966287378	0.00039685662446614	228.175086994666	0.0914462329857083	0.0939250249396405	0.00247879195393222
0.00341777219713435	2.63862072056127	0.0390021110170906	0.0374562326480389	-0.00154587836905166	2.97565167867292e-05	15.5796673084638	0.00142262304345827	0.000873419086511586	-0.00054920395694668
0.00733310685956161	7.18704718593208	0.0273926150472636	0.0575499901939002	0.0301573751466366	0.000186493619025557	257.20733759056	0.00328562748764304	0.0236755902120196	0.0203899627243766
0.00966427814904749	7.83298998454456	0.198860845494784	0.241359583877846	0.0424987383830616	0.000407384363798436	271.583478746149	0.155081246289432	0.182141304949548	0.0270600586601155
0.0107761311670258	8.2230026163443	0.0537786151135852	0.0628405718015685	0.00906195668798329	0.000344820317204087	210.686588420586	0.0163342619141792	0.0229614732818554	0.0066272113676762
-0.000158922769380857	-0.169707960685209	0.000106951358049207	0.000229952862392942	0.000123001504343735	3.02293613269832e-05	12.767114604627	0.002875166588426	0.00182458921344692	-0.00105057737497908
0.00663073637595228	6.47167598253553	0.0238514915213234	0.0401482211057788	0.0162967295844554	0.000216400985445001	161.490621639403	0.0134087095085047	0.0193687409281819	0.00596003141967728
0.0100994466383583	7.81214594778368	0.0561967242102527	0.0723245370529512	0.0161278128426984	0.000191581552376804	162.854691644361	0.00669593895932965	0.0173092770666988	0.0106133381073692
-0.000772085964123996	-0.745643169384715	0.00317794478235108	0.00480792138510038	0.00162997660274931	-4.90259935867915e-05	-33.7996375661323	0.0101053780080106	0.0150411221693176	0.00493574416130697
0.0144971781257602	11.7361070818041	0.255985423436336	0.290256836381872	0.0342714129455358	0.00069041726669692	468.425381216777	0.188797329938242	0.233135819668697	0.0443384897304541
0.0123268770698346	9.23373407036958	0.0788299778984355	0.0768258978081279	-0.00200408009030766	0.00021581906241389	159.603036285903	0.00845488821043189	0.0121192014734373	0.00366431326300536
-0.000865857122069752	-0.612385633250496	0.00574866481494992	0.00451034443846118	-0.00123832037648874	-5.56668795327862e-05	-30.1520344722547	0.0145457202259838	0.0140425216422883	-0.000503198583695411
0.00307627850657899	2.4263804142157	0.0139020253885226	0.0158673784647256	0.001965353076203	6.57526924825383e-05	49.8434632318876	0.00191556483444011	0.00344834103661602	0.00153277620217591
0.00736079812290837	6.78828427834659	0.0563278616028515	0.0954538197226512	0.0391259581197997	0.000139067789101877	188.7343340863	0.00695342851718382	0.0329798710605397	0.0260264425433559
0.0123447890057339	9.95968013280144	0.0830464961799344	0.1109334580058	0.0278869618258653	0.000386920552320318	329.70094816313	0.0226641252975035	0.0499847662103506	0.0273206409128471
0.00164473002755727	1.73900184382166	0.00928340086756818	0.0173110205232165	0.00802761965564829	8.13624783070902e-05	65.5552762793451	0.0151667403593754	0.031315003777822	0.0161482634184466
0.00735587990914544	6.76962277621551	0.058916673236518	0.0999188860885869	0.041002212852069	0.000146444425940073	171.807200612137	0.00453882936408895	0.0204309509669288	0.0158921216028399
0.000384905333094285	1.72836360612438	0.000272431556077113	0.0103749182750908	0.0101024867190137	-8.99269894219305e-07	35.8321294732683	1.07434036580592e-06	0.00654572361007478	0.00654464926970898
0.0167365231931431	11.7203516254209	0.132668804936689	0.140908798382765	0.00823999344607604	0.000723390388966401	446.292815969476	0.0871987636436138	0.113597138849824	0.0263983752062097
0.00577472508259989	4.91296897514131	0.0554745582812586	0.0854664067113846	0.0299918484301261	0.000112081190535608	89.9640974784779	0.00756118361618441	0.0201913445122276	0.0126301608960432
-0.00556157750309707	-2.83259332026594	0.0444584013649618	0.0173591751558786	-0.0270992262090832	-0.000150433414637383	-28.3814029263397	0.0211634985373243	0.00228836159934512	-0.0188751369379792
0.0043894976091537	3.88366202923683	0.0449142907373485	0.0686084722547822	0.0236941815174336	0.000124831987130865	86.2660383660321	0.0198507779684084	0.0324570749956831	0.0126062970272747
0.00763104779688144	4.80252921464967	0.070278023723816	0.0534018887990611	-0.0168761349247548	0.000229787413223559	105.899605828513	0.024680207235491	0.0188424326497311	-0.00583777458575992
0.010181870641866	10.6897094625931	0.045977355730307	0.0761054583055525	0.0301281025752455	0.000140656398045782	157.777692895762	0.00293421339671743	0.00847803775602604	0.00554382435930861
0.00327873087747418	2.92627908744663	0.0135423629103861	0.0195251407406571	0.00598277783027093	3.14212198378378e-05	27.0434435671547	0.000697802881507387	0.00168783721194393	0.00099003433043654
0.010540133210797	10.7427461118425	0.0745940617526255	0.132977099265963	0.0583830375133376	0.000244744367147171	322.48361074785	0.0142327079365221	0.0594135985998563	0.0451808906633342
0.00461701310521378	3.00187477888201	0.0402354142013371	0.0339248325806653	-0.00631058162067187	0.000135054100320788	55.8611391832502	0.0203853200240702	0.0148609300359998	-0.00552438998807043
0.00616370748634561	4.24317212933657	0.0522406960702326	0.0456108153486952	-0.00662988072153743	0.000239033573929274	135.485221484664	0.0357276326324538	0.0332719876426704	-0.00245564498978338
0.00567393900571525	5.84505473971849	0.0354876401646939	0.0688213684512955	0.0333337282866016	2.40620721172536e-05	79.6544552917196	0.000143964563235162	0.00509630291485329	0.00495233835161813
0.0112671904049959	8.47470869447492	0.0969805883316075	0.112891016643203	0.0159104283115957	0.000444349595318281	284.541448873594	0.0629395406875884	0.0931700265633528	0.0302304858757643
0.0215110402335543	15.2546135596333	0.218822757509591	0.227379103590923	0.00855634608133227	0.00121656013602891	793.624194694181	0.0963421486047547	0.139389004499634	0.0430468558948796
0.0229216359186075	19.5868461783299	0.153570281056721	0.24460321401113	0.0910329329544082	0.000710462516559432	711.053060793187	0.0475014099242954	0.155530605407584	0.108029195483289
0.00746481502604517	8.16087379351221	0.0318546480630525	0.0649515563399506	0.033096908276898	5.71562333456263e-05	79.1466532229041	0.000894319930341731	0.00489447357441098	0.00400015364406925
0.000439472564488189	0.382282623576608	0.000579448339171964	0.000777652228796613	0.000198203889624649	8.27091305743052e-06	8.38267401015402	0.000149155873575245	0.000545171379940472	0.000396015506365227
0.015435575433432	14.5884322388541	0.0735189594806134	0.109734757978296	0.0362157984976828	0.000785969540054635	781.816916925218	0.0211898194229381	0.0444200286190889	0.0232302091961508
0.016048778133906	13.9111683393935	0.0425505947893061	0.0798384884434681	0.037287893654162	0.00117131129856963	817.519516210169	0.0145403052256149	0.0459768893952017	0.0314365841695868
0.0124400879175335	9.74252438216623	0.10099023284472	0.120018230631641	0.019027997786921	0.000550596933738167	399.565880178433	0.0377055705051242	0.0602638816709097	0.0225583111657855
0.00556641303172195	4.21281912094161	0.0651746562701362	0.0638639572681852	-0.00131069900195101	0.000192602667972869	117.915854703372	0.0349855822001605	0.0366593501422498	0.00167376794208932
-0.000230272340257013	0.315129350347366	0.000114414723808186	0.000345970761993375	0.000231556038185189	-1.69533288174172e-05	4.75604406391563	0.000402429434610527	9.68408526150313e-05	-0.000305588581995495
0.00130379018855418	1.36369307057647	0.00550139450163039	0.00993617620364791	0.00443478170201752	4.35060921783718e-05	27.1109387491183	0.00553254369961736	0.00720355811472102	0.00167101441510365
0.0108878814380812	7.25096137082811	0.0970169630823558	0.0956692359027197	-0.00134772717963608	0.000236006437233419	101.344457365891	0.023578428008592	0.0230148032349946	-0.000563624773597383
0.00577772377240398	4.76462564668283	0.0429019356909584	0.069059007805268	0.0261570721143096	9.57816009705094e-05	74.9515187266358	0.00545382191751706	0.0172070582675653	0.0117532363500483
0.0098006431182007	8.2374332377214	0.0912191191635925	0.107571531751792	0.0163524125881996	0.000278520039092651	173.470572527015	0.035727917670731	0.035978127338976	0.000250209668244995
0.0051427385640144	3.97063984097016	0.0186642451047589	0.021025852101673	0.00236160699691417	4.77123618915413e-05	38.5192609881722	0.000768111571011227	0.00182017809457216	0.00105206652356093
0.00222240278279344	1.56173703212352	0.0259214007492711	0.0209396746533993	-0.0049817260958718	0.000119041666044542	48.7164383979919	0.0501147694029	0.0272277365098546	-0.0228870328930454
0.00915439839668404	7.54841921475463	0.0456814015786036	0.0611849601362122	0.0155035585576087	0.000163644742289021	127.548783008294	0.0068461863358619	0.0128287246328515	0.00598253829698962
0.0162792139212441	13.7470471960586	0.125277023866027	0.150411205869758	0.0251341820037305	0.00089620787284429	591.263569347771	0.102806640329401	0.122681599269683	0.0198749589402816
0.0132249864949163	10.5867650236645	0.17298389751462	0.21193509845371	0.0389512009390895	0.000489568024784104	319.919867761277	0.103604063536192	0.133422479583798	0.029818416047606
0.013372996297953	10.2598242534351	0.0730926774153609	0.101155807355091	0.0280631299397305	0.000498274666620867	357.713156093688	0.0189017565616568	0.0434611814132813	0.0245594248516245
0.0113003438828209	8.375504818693	0.0815012009121396	0.0899061251736621	0.00840492426152248	0.000372846168375588	200.74101094436	0.0376191041258898	0.0409454066954883	0.0033263025695985
0.00656601728218298	5.95353749542085	0.0429325274481062	0.0704102720207362	0.02747774457263	2.1300545573865e-05	95.7988061668048	0.00017159632212678	0.00937734178832098	0.0092057454661942
0.0173842713685611	13.5808882787294	0.0898921541396488	0.119419795235411	0.029527641095762	0.00116312515147454	639.406861469768	0.0566536841282084	0.0718218750591824	0.015168190930974
0.00937445295608498	8.28894480189159	0.0809898913849769	0.149448630414686	0.0684587390297092	0.00029283484820443	225.524190103835	0.0273292525496612	0.0741356124370603	0.0468063598873991
0.00780482451904944	5.87416892184953	0.101199299329192	0.101534130601174	0.000334831271982403	0.000314094851202366	166.909942218291	0.0756509477506377	0.0640472556919994	-0.0116036920586383
0.010338331906736	9.66649186540837	0.0993422578956098	0.178405361948904	0.0790631040532942	0.000220574249325815	227.491909713217	0.0216138042445626	0.0802994109439034	0.0586856066993408
0.0148294628815211	12.3732069824913	0.118604012541941	0.166026879346732	0.0474228668047914	0.000463379600256701	435.91610931946	0.0422246854567096	0.117569442482384	0.0753447570256748
0.00412442650299811	2.82191925893915	0.0293150958491633	0.0271927860383301	-0.00212230981083322	6.39809697492208e-05	24.1998515547614	0.0049672061835241	0.00263608494391456	-0.00233112123960954
0.0101902152414119	7.74376886264854	0.114396792365737	0.125090591856568	0.0106937994908312	0.000278318458517104	152.649943782424	0.0469716786670021	0.05050156347949	0.00352988481248787
0.0111616461251926	8.59547399649903	0.226274922775459	0.258651201134053	0.0323762783585939	0.000302093979410585	198.968062225517	0.0778027519038536	0.106002499703989	0.0281997478001353
0.0192494249888648	16.5965556953391	0.124130987284032	0.19508669918969	0.0709557119056584	0.000486398762855147	519.596390694498	0.0295020101465677	0.103459927174226	0.0739579170276587
0.0141198960385361	13.8353713577808	0.0672748261237927	0.138789344645958	0.0715145185221654	0.000323372227783731	572.382852860598	0.00924518225853854	0.0865419651722172	0.0772967829136787
0.0109886467164707	8.43688114447722	0.0728089659798218	0.07759265467479	0.00478368869496823	0.000245320082581946	152.412444121684	0.0197251050063617	0.0219980707521496	0.00227296574578793
0.00798685161134629	7.82174446592919	0.04023686592799	0.0679528026609008	0.0277159367329108	0.000100471858686869	133.118529727162	0.00259030308199228	0.0108177073122282	0.0082274042302359
0.00877387557157574	6.11216814729634	0.0390321862328755	0.036408966506847	-0.00262321972602845	0.000358975803313973	157.856612609614	0.0163373423247546	0.011247887375622	-0.00508945494913256
