LR1_coefficients_null_raster	LR1_coefficients_SES_class_R	LR1_R2_null_raster	LR1_R2_SES_class_R	LR1_Q_SES_class_R	LR2_coefficients_null_raster	LR2_coefficients_SES_class_R	LR2_R2_null_raster	LR2_R2_SES_class_R	LR2_Q_SES_class_R
0.0051558864384021	6.283023715299e-05	0.04849073608163	0.0461203818292343	-0.00237035425239568	0.000169700186984084	2.92604710753541e-08	0.0322709126953177	0.0367131749513062	0.00444226225598848
0.00413505003969747	4.78114249946673e-05	0.0358432668669227	0.0300050365604496	-0.00583823030647304	0.00014553960025195	2.02434334308535e-08	0.0201623103622211	0.015892018558334	-0.00427029180388714
0.00458595065211012	4.88268715934507e-05	0.0319195396424104	0.0257392977411201	-0.00618024190129028	0.0001086198540589	9.46020491257203e-09	0.00830693781726387	0.00330932469716533	-0.00499761312009853
0.0154680570404742	0.000137086011175688	0.13565921441336	0.0745744181666203	-0.0610847962467395	0.000733814924840671	6.49893050275827e-08	0.0584117744420475	0.0247814101253132	-0.0336303643167343
0.0113555668013313	0.000129871367142962	0.0844124305056045	0.0644839858125503	-0.0199284446930543	0.000177349161578829	2.5517991285897e-08	0.00931996494188284	0.00624650839711895	-0.00307345654476389
0.0076487552557048	8.3626153331047e-05	0.120360722487833	0.103288657086453	-0.0170720654013798	0.000198255899740517	2.66861220422411e-08	0.0360548191157569	0.0323687539004983	-0.00368606521525856
0.00382896958392575	4.34470108919741e-05	0.0477366784295935	0.0408030993561283	-0.0069335790734652	6.65956151782154e-05	1.1402993548547e-08	0.00798961752856393	0.00939278392365019	0.00140316639508626
0.00288183107499193	2.90055631630578e-05	0.00916089311653867	0.00548824051460938	-0.00367265260192928	9.36918997048084e-05	1.30944408764669e-08	0.00403202813594716	0.00315951490759269	-0.000872513228354475
0.00853588527459424	0.00010178697741007	0.119245291886279	0.104070255453702	-0.0151750364325764	0.000369507292701265	4.24854432370738e-08	0.0795923102168081	0.053284062610027	-0.0263082476067811
0.00287870581709669	2.52257140822902e-05	0.00508689017407037	0.00272560157693472	-0.00236128859713564	6.5200352555519e-05	8.7379679168058e-09	0.000779003072207199	0.000674095004742949	-0.00010490806746425
0.00549769314583212	3.72889375452949e-05	0.0140121552218264	0.00453302348477737	-0.00947913173704905	6.99647457647007e-05	5.88114681603133e-09	0.0011989701056691	0.000369022896885486	-0.000829947208783618
0.00471930663429093	4.67398592815428e-05	0.0286166917016912	0.0192809748383143	-0.00933571686337691	4.21768506557291e-05	3.53684584102241e-09	0.000934225944702255	0.000328824683872782	-0.000605401260829473
0.0170866088233274	0.000167212911508241	0.136109947643521	0.0679918490542387	-0.0681180985892821	0.00102470045022148	1.07696617780183e-07	0.0751991666425676	0.0217110349764198	-0.0534881316661477
0.0117537704043814	0.000125238433164904	0.146909441226174	0.104581887466669	-0.0423275537595055	0.000383298356036875	5.15271378003523e-08	0.0645047012872479	0.0457202979234243	-0.0187844033638236
0.0109721888216614	0.000116368239910309	0.0915570662360138	0.0661280650059215	-0.0254290012300924	0.000294705608379982	4.2019283329099e-08	0.0416755366530223	0.0339904386202045	-0.00768509803281779
-0.00215353078275995	-2.74337528871406e-05	0.00897924199481146	0.0111022593584964	0.00212301736368494	-0.000104528065904928	-1.54412492652082e-08	0.014429446053707	0.016208531313432	0.00177908525972498
0.00326397480946805	4.19153038703249e-05	0.0153142690525169	0.01633200174597	0.0010177326934531	1.76808229770002e-05	2.70032446806009e-09	0.000238438814778676	0.000232987914681166	-5.45090009751e-06
0.00797009673121525	8.95787649656078e-05	0.107707909940843	0.0936798964781213	-0.0140280134627217	0.000245091863235513	3.39497253377117e-08	0.0416400326710776	0.0364659443056866	-0.00517408836539104
0.0046739075714382	4.54941780107687e-05	0.0294098929755889	0.020341870638334	-0.00906802233725492	5.9305462468174e-05	4.26363806926764e-09	0.0016619953927578	0.000455039339639949	-0.00120695605311785
0.0106230133218402	0.000126588311120587	0.0671533338645169	0.0536783747925834	-0.0134749590719334	0.000391280866981243	7.08774687632355e-08	0.0255795240232217	0.0241592154277532	-0.00142030859546851
0.00388689459422557	1.92782198115221e-05	0.0118593146108175	0.00214393526257721	-0.00971537934824028	1.62145605526373e-06	-9.3365347345524e-09	7.50771867084878e-07	0.00129327819615498	0.00129252742428789
0.0109263980795533	0.000128105856459518	0.11478219267572	0.110716641121809	-0.0040655515539115	0.000450619733616713	6.3423287188152e-08	0.0652376152051968	0.0638075700654227	-0.00143004513977413
0.0210717901205201	0.000240662618717409	0.234140917304648	0.218773665893522	-0.015367251411126	0.00134219363116336	1.8864631075237e-07	0.219805025055193	0.213806771393833	-0.00599825366135992
0.0174028401373578	0.000185039183146206	0.14314917939943	0.118732492312328	-0.0244166870871015	0.000913658392658771	1.20669890464136e-07	0.111838391043642	0.105415603786905	-0.00642278725673666
0.00549342835603307	6.03694172910822e-05	0.0394412867968571	0.0311954201806058	-0.00824586661625132	0.000126521672749895	1.827160080847e-08	0.00964513825361659	0.00817453585855882	-0.00147060239505777
0.00159301270371479	1.60448891626591e-05	0.0046785173781627	0.00395834195221841	-0.000720175425944282	0.000124129983621256	1.45941355847852e-08	0.0133546562895282	0.0102760788404198	-0.0030785774491084
0.00998535163003447	0.000122553698284865	0.103180289308427	0.100947260623035	-0.00223302868539142	0.000376914936122533	5.8579728438675e-08	0.0406858433499155	0.0404580244134905	-0.000227818936425025
0.00571325681624664	5.03522324647232e-05	0.0403354979713395	0.0222974790009799	-0.0180380189703596	0.000203548625392628	1.49029599405661e-08	0.0160289015113375	0.0044359501693236	-0.0115929513420139
0.0103901126691383	0.000109402094249552	0.125042195841609	0.113427180828037	-0.011615015013572	0.000609660609786548	7.86944547509355e-08	0.0668926324697673	0.0621898531272593	-0.00470277934250804
0.0145159984359194	0.000126643081741387	0.15935930162544	0.078169716438376	-0.0811895851870639	0.000351330113404573	1.54242119133304e-08	0.0272354426908297	0.00280973958006149	-0.0244257031107682
0.0176679286216255	0.000207416501693402	0.099852417037274	0.0854044514168073	-0.0144479656204667	0.00218691535500648	2.92468413064737e-07	0.0809889387181993	0.0628326316650831	-0.0181563070531162
0.00287253132552856	2.92124952830732e-05	0.0160381612314213	0.0108009086931398	-0.00523725253828156	9.61436976122705e-05	1.21275250586457e-08	0.00876926352813743	0.00586163025685426	-0.00290763327128317
0.00392361464158106	3.94446919136007e-05	0.0222307628695972	0.0143298951467273	-0.00790086772286988	0.00012734460868795	1.75092076442753e-08	0.015254496301015	0.0121423948306111	-0.00311210147040397
0.0134211479396794	0.000132166856500445	0.1207549263944	0.0781865857347292	-0.0425683406596706	0.000454685312681681	5.55402404724332e-08	0.0610964154818566	0.0416404028360479	-0.0194560126458087
0.0144019952786538	0.000126014821292086	0.0811044457869707	0.0403827878433504	-0.0407216579436203	0.000305774498326309	1.73134975065036e-08	0.0119163232277667	0.00193044481398311	-0.00998587841378359
0.00800137197741126	7.9137218926748e-05	0.0910687416180943	0.0678065466144283	-0.0232621950036659	0.00027268917370026	3.16654302324855e-08	0.0498629900273454	0.0370332463116412	-0.0128297437157042
0.00938218602977928	0.000104067495332007	0.10676090480526	0.0949349065541463	-0.0118259982511138	0.00039685662446614	5.69176856945283e-08	0.0914462329857083	0.08734156155151	-0.00410467143419835
0.00341777219713435	3.77234250091849e-05	0.0390021110170906	0.0353823314187947	-0.00361977959829583	2.97565167867292e-05	4.36350791197786e-09	0.00142262304345827	0.00170900280082695	0.000286379757368688
0.00733310685956161	4.53777608849921e-05	0.0273926150472636	0.0075059403350291	-0.0198866747122345	0.000186493619025557	1.4261927843519e-09	0.00328562748764304	1.03039986544358e-05	-0.0032753234889886
0.00966427814904749	0.000101893329699147	0.198860845494784	0.154798885450622	-0.0440619600441619	0.000407384363798436	5.37613494796458e-08	0.155081246289432	0.14080089139971	-0.0142803548897222
0.0107761311670258	0.000112197436237092	0.0537786151135852	0.0404507577155624	-0.0133278573980228	0.000344820317204087	4.24227739074094e-08	0.0163342619141792	0.0112983880278264	-0.00503587388635285
-0.000158922769380857	-1.94908363694598e-06	0.000106951358049207	0.000107746567194365	7.95209145158652e-07	3.02293613269832e-05	4.10531155748833e-09	0.002875166588426	0.00217058594967475	-0.000704580638751244
0.00663073637595228	5.81771017779091e-05	0.0238514915213234	0.01310832440292	-0.0107431671184034	0.000216400985445001	2.68797148160313e-08	0.0134087095085047	0.010507761013087	-0.00290094849541767
0.0100994466383583	0.000107177368810997	0.0561967242102527	0.0403891691222106	-0.0158075550880421	0.000191581552376804	2.02097843079707e-08	0.00669593895932965	0.00336844265247727	-0.00332749630685237
-0.000772085964123996	-7.52231057914428e-06	0.00317794478235108	0.0021697464207085	-0.00100819836164257	-4.90259935867915e-05	-5.78880571370175e-09	0.0101053780080106	0.00613709376473896	-0.00396828424327165
0.0144971781257602	0.00015121990214724	0.255985423436336	0.205753012740144	-0.0502324106961924	0.00069041726669692	8.4525480371991e-08	0.188797329938242	0.153090721071872	-0.0357066088663702
0.0123268770698346	0.000140019099097727	0.0788299778984355	0.0752645071481515	-0.00356547075028409	0.00021581906241389	3.03996576803784e-08	0.00845488821043189	0.00868043681872912	0.000225548608297229
-0.000865857122069752	-1.02598987945838e-05	0.00574866481494992	0.00620926312846707	0.000460598313517155	-5.56668795327862e-05	-8.2774410778432e-09	0.0145457202259838	0.0149302370352832	0.000384516809299454
0.00307627850657899	3.39022585257628e-05	0.0139020253885226	0.0119138435013529	-0.00198818188716968	6.57526924825383e-05	7.86241652308778e-09	0.00191556483444011	0.00133950797221644	-0.000576056862223671
0.00736079812290837	5.76938602788674e-05	0.0563278616028515	0.0250223099566031	-0.0313055516462484	0.000139067789101877	9.37292483586089e-09	0.00695342851718382	0.00178942751161152	-0.0051640010055723
0.0123447890057339	0.00011829742760317	0.0830464961799344	0.0531461518792636	-0.0299003443006708	0.000386920552320318	3.58835752007505e-08	0.0226641252975035	0.0111803281185518	-0.0114837971789517
0.00164473002755727	1.38499660047563e-05	0.00928340086756818	0.00479470706227738	-0.0044886938052908	8.13624783070902e-05	7.43350971202597e-09	0.0151667403593754	0.00600110537400302	-0.0091656349853724
0.00735587990914544	5.79040536961412e-05	0.058916673236518	0.0266572257088874	-0.0322594475276306	0.000146444425940073	8.65456172165313e-09	0.00453882936408895	0.000803391228790594	-0.00373543813529835
0.000384905333094285	-1.39280668470094e-05	0.000272431556077113	0.00244494777517391	0.0021725162190968	-8.99269894219305e-07	-7.41352838001725e-09	1.07434036580592e-06	0.00308899505756419	0.00308792071719839
0.0167365231931431	0.000186873067808844	0.132668804936689	0.108355129080695	-0.0243136758559943	0.000723390388966401	8.27429685883151e-08	0.0871987636436138	0.0585062947489838	-0.0286924688946301
0.00577472508259989	5.30387786197175e-05	0.0554745582812586	0.0295974996754708	-0.0258770586057878	0.000112081190535608	9.70162423080178e-09	0.00756118361618441	0.00235887552628212	-0.00520230808990229
-0.00556157750309707	-7.41950667693221e-05	0.0444584013649618	0.0639271822155937	0.0194687808506319	-0.000150433414637383	-3.01244092454341e-08	0.0211634985373243	0.0423958023394775	0.0212323038021532
0.0043894976091537	4.00690005413596e-05	0.0449142907373485	0.0250921088408018	-0.0198221818965467	0.000124831987130865	1.50191858362846e-08	0.0198507779684084	0.0125286454953769	-0.00732213247303143
0.00763104779688144	8.80940294182939e-05	0.070278023723816	0.0612336722444159	-0.00904435147940007	0.000229787413223559	3.26672227568017e-08	0.024680207235491	0.0210178525920132	-0.00366235464347786
0.010181870641866	8.94055645747832e-05	0.045977355730307	0.0279744857674776	-0.0180028699628294	0.000140656398045782	1.33010106447155e-08	0.00293421339671743	0.00143108874929674	-0.00150312464742069
0.00327873087747418	3.33981501847261e-05	0.0135423629103861	0.00959790264764992	-0.00394446026273622	3.14212198378378e-05	3.80754774244103e-09	0.000697802881507387	0.000452460641682965	-0.000245342239824422
0.010540133210797	8.43468276144762e-05	0.0745940617526255	0.0363368099617907	-0.0382572517908347	0.000244744367147171	1.64234682338036e-08	0.0142327079365221	0.00382962671927175	-0.0104030812172503
0.00461701310521378	5.96897547313321e-05	0.0402354142013371	0.0423577705390751	0.00212235633773796	0.000135054100320788	2.51612075321376e-08	0.0203853200240702	0.0251081243522687	0.0047228043281985
0.00616370748634561	7.44698448880277e-05	0.0522406960702326	0.0528861529891796	0.000645456918946949	0.000239033573929274	3.43329098926648e-08	0.0357276326324538	0.0371491724731592	0.00142153984070537
0.00567393900571525	4.16588130374314e-05	0.0354876401646939	0.0146493411382961	-0.0208382990263978	2.40620721172536e-05	-2.55401329164963e-09	0.000143964563235162	8.73772483079712e-05	-5.65873149271908e-05
0.0112671904049959	0.000116775794670018	0.0969805883316075	0.0709376568056267	-0.0260429315259808	0.000444349595318281	5.45167340269923e-08	0.0629395406875884	0.0439510889203354	-0.018988451767253
0.0215110402335543	0.0002298955655984	0.218822757509591	0.176414539900328	-0.0424082176092629	0.00121656013602891	1.22808595072546e-07	0.0963421486047547	0.0554050039366869	-0.0409371446680677
0.0229216359186075	0.000197960336293352	0.153570281056721	0.075006020928542	-0.0785642601281793	0.000710462516559432	5.37622084856414e-08	0.0475014099242954	0.0134459701364266	-0.0340554397878688
0.00746481502604517	5.3453041565039e-05	0.0318546480630525	0.0123895577591495	-0.0194650903039031	5.71562333456263e-05	1.55809763193522e-09	0.000894319930341731	3.27792493056731e-05	-0.000861540681036058
0.000439472564488189	4.60919526632998e-06	0.000579448339171964	0.000440363239125167	-0.000139085100046797	8.27091305743052e-06	1.6030250257433e-09	0.000149155873575245	0.000228330988576689	7.91751150014438e-05
0.015435575433432	0.000131236417943996	0.0735189594806134	0.043282872832502	-0.0302360866481114	0.000785969540054635	6.32036588929576e-08	0.0211898194229381	0.0102330476490931	-0.010956771773845
0.016048778133906	0.000103353760342652	0.0425505947893061	0.0118234086692271	-0.030727186120079	0.00117131129856963	3.42564080492018e-08	0.0145403052256149	0.000661834149850703	-0.0138784710757642
0.0124400879175335	0.000115070729921733	0.10099023284472	0.066729159314468	-0.0342610735302525	0.000550596933738167	5.60791507904088e-08	0.0377055705051242	0.024139276420516	-0.0135662940846082
0.00556641303172195	6.20290187229657e-05	0.0651746562701362	0.060071118490855	-0.00510353777928124	0.000192602667972869	2.67068224729148e-08	0.0349855822001605	0.0337920388708921	-0.00119354332926844
-0.000230272340257013	-7.30243574476256e-06	0.000114414723808186	0.000879467822532834	0.000765053098724648	-1.69533288174172e-05	-4.61406733486813e-09	0.000402429434610527	0.00144179315123225	0.00103936371662173
0.00130379018855418	1.01294215047309e-05	0.00550139450163039	0.00246403314277531	-0.00303736135885508	4.35060921783718e-05	5.63977667837827e-09	0.00553254369961736	0.00403178716777981	-0.00150075653183756
0.0108878814380812	0.000132418542565876	0.0970169630823558	0.0894258640949685	-0.00759109898738733	0.000236006437233419	3.96667877846156e-08	0.023578428008592	0.0237157071592585	0.000137279150666438
0.00577772377240398	5.17105798623499e-05	0.0429019356909584	0.0200372260934535	-0.022864709597505	9.57816009705094e-05	7.10223200783173e-09	0.00545382191751706	0.00101266264167354	-0.00444115927584352
0.0098006431182007	0.000102506392181287	0.0912191191635925	0.0748534264718693	-0.0163656926917233	0.000278520039092651	3.92280087664554e-08	0.035727917670731	0.0377989855905762	0.00207106791984526
0.0051427385640144	5.68150593128685e-05	0.0186642451047589	0.015909184896799	-0.00275506020795991	4.77123618915413e-05	5.33993050704588e-09	0.000768111571011227	0.000419896826560306	-0.000348214744450921
0.00222240278279344	2.58600595552839e-05	0.0259214007492711	0.0263402832212781	0.000418882472007033	0.000119041666044542	1.96119271071257e-08	0.0501147694029	0.0636301023911053	0.0135153329882052
0.00915439839668404	8.905413588464e-05	0.0456814015786036	0.0302533897752536	-0.0154280118033499	0.000163644742289021	1.94939988995221e-08	0.0068461863358619	0.00465637655396102	-0.00218980978190088
0.0162792139212441	0.000160235569088034	0.125277023866027	0.0949897650078375	-0.0302872588581895	0.00089620787284429	9.99782509112564e-08	0.102806640329401	0.0802912293554241	-0.0225154109739771
0.0132249864949163	0.000138402046766571	0.17298389751462	0.130491054261963	-0.0424928432526573	0.000489568024784104	6.46089204508014e-08	0.103604063536192	0.0874139853346967	-0.0161900782014948
0.013372996297953	0.000120193958660646	0.0730926774153609	0.0385705649352745	-0.0345221124800865	0.000498274666620867	4.27834620894425e-08	0.0189017565616568	0.00641504554130818	-0.0124867110203487
0.0113003438828209	0.000125279028413662	0.0815012009121396	0.0678211181764544	-0.0136800827356851	0.000372846168375588	5.41462706438392e-08	0.0376191041258898	0.0357713572281415	-0.00184774689774837
0.00656601728218298	5.81654281697736e-05	0.0429325274481062	0.0222020035890174	-0.0207305238590888	2.1300545573865e-05	-6.89904000838169e-09	0.00017159632212678	0.000927376100409972	0.000755779778283192
0.0173842713685611	0.000156806359546281	0.0898921541396488	0.0524163478732197	-0.0374758062664291	0.00116312515147454	1.23964903799868e-07	0.0566536841282084	0.0364988610407191	-0.0201548230874893
0.00937445295608498	7.10198965125851e-05	0.0809898913849769	0.0280513335114005	-0.0529385578735764	0.00029283484820443	2.61236339166398e-08	0.0273292525496612	0.0078912883450951	-0.0194379642045661
0.00780482451904944	8.55453269550637e-05	0.101199299329192	0.0876548986920482	-0.0135444006371435	0.000314094851202366	4.47065196234099e-08	0.0756509477506377	0.075613185718876	-3.77620317617289e-05
0.010338331906736	8.42269865764984e-05	0.0993422578956098	0.0446784948920461	-0.0546637630035637	0.000220574249325815	1.5573590604474e-08	0.0216138042445626	0.00506563858435986	-0.0165481656602028
0.0148294628815211	0.00013417082446766	0.118604012541941	0.0703660029527862	-0.0482380095891543	0.000463379600256701	4.10194532422294e-08	0.0422246854567096	0.0170988751268711	-0.0251258103298385
0.00412442650299811	5.18587159047617e-05	0.0293150958491633	0.0298537307641936	0.000538634915030364	6.39809697492208e-05	1.26207650013166e-08	0.0049672061835241	0.00771467787202657	0.00274747168850247
0.0101902152414119	0.000114833560045979	0.114396792365737	0.0987959131991112	-0.0156008791666254	0.000278318458517104	4.2576532606441e-08	0.0469716786670021	0.0457879276475312	-0.00118375101947095
0.0111616461251926	0.000115805085794546	0.226274922775459	0.164925271765448	-0.0613496510100117	0.000302093979410585	3.76174494192652e-08	0.0778027519038536	0.057534356657202	-0.0202683952466516
0.0192494249888648	0.000164665058458165	0.124130987284032	0.0622295496606725	-0.0619014376233593	0.000486398762855147	3.549957295573e-08	0.0295020101465677	0.00857441538928082	-0.0209275947572868
0.0141198960385361	9.76535777017622e-05	0.0672748261237927	0.021493989792542	-0.0457808363312508	0.000323372227783731	-1.66913768406925e-09	0.00924518225853854	1.30298722602174e-05	-0.00923215238627833
0.0109886467164707	0.000117867643126681	0.0728089659798218	0.0611097832180775	-0.0116991827617442	0.000245320082581946	3.61210908336381e-08	0.0197251050063617	0.0205766209778565	0.00085151597149484
0.00798685161134629	6.97945452997994e-05	0.04023686592799	0.0223616308465419	-0.0178752350814481	0.000100471858686869	8.36474847230233e-09	0.00259030308199228	0.000984309651932491	-0.00160599343005979
0.00877387557157574	9.89269194527129e-05	0.0390321862328755	0.0351908300133372	-0.00384135621953822	0.000358975803313973	5.47271643108166e-08	0.0163373423247546	0.0181789909644622	0.00184164863970762
