LR1_coefficients_null_raster	LR1_coefficients_per_pop_2025_CN_100m_R2025A_v1_R	LR1_R2_null_raster	LR1_R2_per_pop_2025_CN_100m_R2025A_v1_R	LR1_Q_per_pop_2025_CN_100m_R2025A_v1_R	LR2_coefficients_null_raster	LR2_coefficients_per_pop_2025_CN_100m_R2025A_v1_R	LR2_R2_null_raster	LR2_R2_per_pop_2025_CN_100m_R2025A_v1_R	LR2_Q_per_pop_2025_CN_100m_R2025A_v1_R
0.0082874349742427	5.31447370629228e-05	0.0718208327911743	0.0493380790212863	-0.0224827537698879	0.000221683629887479	1.78348183172401e-08	0.0255553927105621	0.0298720724569668	0.0043166797464047
0.00606607708203459	3.15397536492364e-05	0.0378034795048099	0.0212066107180075	-0.0165968687868023	0.000192341127008058	9.54521298248428e-09	0.0147454382347038	0.0117137844849572	-0.0030316537497466
0.00716099072524433	3.91107762638087e-05	0.0306487359145213	0.0209800069835864	-0.0096687289309349	0.000185833435665804	1.10509976526298e-08	0.00723783339831717	0.0100989514120834	0.00286111801376621
0.00811494220503469	4.07459247042057e-05	0.0574601216442218	0.0295306670861256	-0.0279294545580961	0.000203895923042219	1.20537751257868e-08	0.0141985906758289	0.0139193250295503	-0.000279265646278642
0.0104239413305433	6.73450587553559e-05	0.0706489892125939	0.0599661309970248	-0.010682858215569	0.000267362332135181	1.8435396900104e-08	0.0158937442434107	0.027074041128132	0.0111802968847213
0.00908090493742489	5.1956574708475e-05	0.0812208392643022	0.0557753701621797	-0.0254454691021225	0.000291765177585714	1.7551661607011e-08	0.0311234689563738	0.0403840952795108	0.00926062632313702
0.00918911578236778	3.93225314895857e-05	0.0856687088669478	0.0339248363162543	-0.0517438725506935	0.000246562865654862	1.42037563556873e-08	0.0246964952835447	0.0244784728792845	-0.000218022404260162
0.0052923732001507	3.47402035307436e-05	0.0263002613152066	0.0177524403940751	-0.00854782092113148	0.00017343222304474	8.96785938914513e-09	0.0117371975320508	0.00518756860705934	-0.00654962892499146
0.0146316400142628	5.96224708538724e-05	0.159073509089956	0.0497177973472848	-0.109355711742671	0.000623251316109416	2.2306517378438e-08	0.0928415250502684	0.0383649576392851	-0.0544765674109833
0.0104515940078446	4.53985718644242e-05	0.0657635287977507	0.0247428864234194	-0.0410206423743313	0.000335863233677073	1.55204709927067e-08	0.02474986672346	0.0185899677154821	-0.00615989900797783
0.00697127210592457	3.70143772219577e-05	0.0325632120448941	0.0171121179922855	-0.0154510940526086	0.000175200213877913	1.48785228607121e-08	0.00839435620617967	0.0156771717978406	0.0072828155916609
0.0106324856632362	4.2667955396202e-05	0.107877557352324	0.0353369782117212	-0.0725405791406023	0.000420043284256818	1.77929449971764e-08	0.0620502526709038	0.0299591753700654	-0.0320910773008384
0.0123252417944172	7.15279009569029e-05	0.105348906154637	0.070500413510211	-0.0348484926444264	0.000443953553394468	2.42542354767385e-08	0.0512018202759955	0.0480513986281229	-0.00315042164787264
0.0089986189478111	2.40375734347019e-05	0.0869977835984518	0.0113157157125219	-0.0756820678859299	0.000245110762524797	7.1413332355148e-09	0.03126627496442	0.00590302076663932	-0.0253632541977807
0.012065250962022	6.46743894160688e-05	0.0910614416545006	0.0519975021483613	-0.0390639395061394	0.000373132515086114	2.1264801476698e-08	0.034706896616103	0.0339657238153099	-0.000741172800793034
0.00084001460078516	5.75052231130579e-06	0.00119724579705042	0.000607392632844352	-0.000589853164206068	2.54845641052573e-05	4.35758012043884e-10	0.000803389967058218	4.24023695544289e-05	-0.00076098759750379
0.00808734439470345	4.64719609399987e-05	0.0513405049873574	0.0367848966767128	-0.0145556083106446	0.000225401214949518	1.70396495635719e-08	0.0139292239703492	0.0215716566091552	0.00764243263880597
0.0118840248431312	4.91458277740246e-05	0.123236571202301	0.0498019212321991	-0.0734346499701022	0.000414004638766618	1.04852902222714e-08	0.0559114591744594	0.0155992072189058	-0.0403122519555536
0.00894540198053968	4.10506752139566e-05	0.0646966854772865	0.026002954820418	-0.0386937306568685	0.000228347877461314	9.45577007384537e-09	0.0168482632149663	0.0108691697883008	-0.00597909342666549
0.0148002804278379	6.48125301585067e-05	0.131705734134137	0.0518393083765038	-0.0798664257576327	0.000541001344844671	2.53261049907592e-08	0.0597190467229695	0.0408264536797444	-0.0188925930432251
0.00747051168222342	4.33471037806666e-05	0.0371477684894101	0.0229650340759539	-0.0141827344134562	0.000190110350637071	8.46054241825266e-09	0.00820458833007914	0.0050070251381323	-0.00319756319194684
0.00898809861940214	6.53944207677382e-05	0.0763083705217069	0.0710584459056101	-0.00524992461609686	0.000226928574647488	2.40491921256894e-08	0.0211665658731065	0.0492944132153293	0.0281278473422228
0.0111063793290995	4.86996292244989e-05	0.0972389619606012	0.0332785807777222	-0.063960381182879	0.000397616363322213	1.79484676201334e-08	0.0528580533812256	0.0225865635769269	-0.0302714898042987
0.00887103319861948	3.96937464367416e-05	0.0636664093500598	0.031425403076181	-0.0322410062738788	0.000266292232312953	1.16427365254149e-08	0.0213957319549225	0.0211955049337689	-0.000200227021153632
0.00973827005752918	3.81844041983649e-05	0.0558480133515992	0.0204087758035682	-0.035439237548031	0.000303643115234637	1.06374535221965e-08	0.0179400343917227	0.00889103807718219	-0.00904899631454051
0.00170415145902763	1.40247653919851e-05	0.00528667236375107	0.005228889845137	-5.77825186140702e-05	9.40573127900509e-05	5.22737056456462e-09	0.00973695143193413	0.00824618190309485	-0.00149076952883928
0.0121785526995373	6.04145224326757e-05	0.11859188008833	0.0632647393133753	-0.0553271407749545	0.000448970701803277	1.89611592338206e-08	0.0534974650949248	0.036343944900622	-0.0171535201943028
0.00783730847739918	4.01859909236285e-05	0.0602297763966755	0.0356105207540247	-0.0246192556426508	0.000260154461943818	1.04659457253347e-08	0.0213679841197271	0.0150377071882041	-0.00633027693152301
0.00906922830788864	2.95919112089541e-05	0.0711231005934749	0.0163586026386531	-0.0547644979548217	0.000322325362746352	7.92989047743966e-09	0.0342870396079492	0.00692152114666288	-0.0273655184612864
0.0089429573319066	4.42403207334916e-05	0.0743459127366456	0.0323140351022804	-0.0420318776343652	0.000260118643988812	1.49071282718895e-08	0.0276860876069036	0.0217478521084401	-0.0059382354984635
0.00773677473085845	2.49796758516314e-05	0.0578130005220713	0.0123255019462641	-0.0454874985758073	0.00028019803731944	1.13687316044317e-08	0.0284649583966184	0.0152284743742327	-0.0132364840223857
0.0090091103969971	3.34075945503726e-05	0.0550332955471546	0.0141492143612251	-0.0408840811859295	0.000226815685204444	8.12556047761786e-09	0.0143714961227239	0.0041557222608751	-0.0102157738618488
0.0093487997830865	3.23699578153424e-05	0.0729523351232712	0.0165813991978082	-0.056370935925463	0.000320617264128589	7.8431754281796e-09	0.0327231290813265	0.00471925182041319	-0.0280038772609133
0.0105518013233209	3.50948310218121e-05	0.0757748160006059	0.0174108760990184	-0.0583639399015875	0.000275414114161344	8.96068301759286e-09	0.0218171567437407	0.0060418034057075	-0.0157753533380332
0.00874689552124893	4.09562810568596e-05	0.0543109230831176	0.0241495622674071	-0.0301613608157105	0.000242595493811696	1.35214829555997e-08	0.0160320130500152	0.0135522830917473	-0.00247972995826783
0.012804391438496	6.53130576179136e-05	0.153354065338583	0.0744070742524101	-0.0789469910861733	0.000529062106101262	2.703751278774e-08	0.088232285463905	0.0579660312780033	-0.0302662541859017
0.0121043399600808	6.38483866349374e-05	0.103925626649438	0.0586315337633183	-0.04529409288612	0.000391822548327458	2.2411940085291e-08	0.0398770816027986	0.0369708925894383	-0.00290618901336035
0.00790798175290267	3.68855773171852e-05	0.0451840175469637	0.018473122547669	-0.0267108949992948	0.000212733627305129	1.56518463334011e-08	0.0133719881938094	0.0145071729850419	0.00113518479123243
0.0141879109300082	7.21609904410603e-05	0.11561088555389	0.0607949508248658	-0.054815934729024	0.000440106067709854	2.85345209283332e-08	0.0434952852467354	0.0520099407027905	0.00851465545605518
0.012262342779512	4.1959453621484e-05	0.108941552417195	0.0327455603497295	-0.0761959920674653	0.000534447176427563	1.47143861860055e-08	0.0670539703335049	0.0247694360306826	-0.0422845343028223
0.0114144058005531	5.15863198172037e-05	0.0913545026196791	0.0495578616775984	-0.0417966409420807	0.000481769193011062	1.7306065443304e-08	0.0529563682612929	0.0347368185188761	-0.0182195497424168
-2.26481963916121e-05	-2.69319014759855e-05	1.04022185193058e-06	0.0154880843977699	0.015487044175918	-3.63820748544282e-06	-7.51536574388505e-09	1.90473466415323e-05	0.0116104963659614	0.0115914490193199
0.00976295459749154	4.50527808205466e-05	0.0702569792905033	0.0320878539167444	-0.0381691253737589	0.000343712275076437	1.37174598641645e-08	0.0318266992389161	0.0162467163069112	-0.0155799829320049
0.00994642287693961	4.42500173238968e-05	0.0700515051853548	0.0283843421537475	-0.0416671630316073	0.000381669756362655	1.08724640687065e-08	0.0355182159709375	0.0125172568638819	-0.0230009591070557
-0.00241228315123639	6.90207492684128e-07	0.0129552330561155	1.16315124286321e-05	-0.0129436015436868	-0.000102183202298616	-5.70665642183526e-11	0.0173960548731074	9.89853190925284e-07	-0.0173950650199164
0.0131173658067608	6.84664265687789e-05	0.111000793981097	0.0573288136958259	-0.0536719802852714	0.000454612579977569	2.66604937981106e-08	0.0455640002522169	0.0420990838580161	-0.00346491639420081
0.0121147098510871	4.30777289043543e-05	0.0934751398919648	0.0296213604472934	-0.0638537794446715	0.000349328584480787	1.22178644676537e-08	0.0317397613076454	0.0142855267689317	-0.0174542345387137
-0.00240741081008308	1.20572723637437e-05	0.00954228026981612	0.00234864398113712	-0.00719363628867901	-9.47098213673613e-05	3.29932288532163e-09	0.0102652401568864	0.00193435221203012	-0.00833088794485625
0.00617635630307228	4.19637310871547e-05	0.0414531924788037	0.0290982475241301	-0.0123549449546735	0.000152936849493787	1.2423044737675e-08	0.0113505953771548	0.0136301568778104	0.00227956150065561
0.0120772800943841	3.79636301008674e-05	0.0840157123728781	0.0215614787283228	-0.0624542336445553	0.000417509126531925	1.06532294178139e-08	0.0326710297663787	0.0107405822460259	-0.0219304475203529
0.00743763337550466	4.0455508766649e-05	0.038753106401261	0.0185197110120413	-0.0202333953892197	0.000167006077269793	1.20952375787557e-08	0.008376281219564	0.00782862052131496	-0.000547660698249033
-9.1833572278122e-06	-1.40161634783841e-05	1.99315682691903e-07	0.0047594584341047	0.00475925911842201	1.0148342950487e-05	-5.30476162597024e-09	0.000166792482307694	0.00691377711287616	0.00674698463056847
0.0091794827638454	3.79424242310155e-05	0.0764375490996668	0.0192376757553001	-0.0571998733443667	0.000248721842168018	1.48404760177439e-08	0.0253791772764762	0.0127606797522325	-0.0126184975242438
-0.00211506239624605	-1.86063664815837e-05	0.00764600783195555	0.00620999054274296	-0.00143601728921259	-6.40236885275816e-05	-4.97983320433092e-09	0.00541828455674535	0.00529778569304242	-0.000120498863702937
0.0118198871023829	2.45475584805299e-05	0.0983177585360365	0.0106647460792804	-0.0876530124567561	0.000413852470509736	3.19491841485928e-09	0.0398632223307687	0.0015057364905919	-0.0383574858401768
0.00645338928275217	3.51181033625415e-05	0.0435088554772468	0.0245374790825686	-0.0189713763946781	0.000166542554857976	1.00495537733308e-08	0.0128999252654769	0.0133902798124828	0.000490354547005897
-0.000497397060065598	-2.04681811560656e-05	0.000512841577671518	0.00852098921608346	0.00800814763841195	-1.47569836815821e-05	-7.46361614186607e-09	0.000355845677016314	0.0138241735121922	0.0134683278351759
0.0115030489923154	4.11078319987508e-05	0.0842204183895846	0.0229750131223591	-0.0612454052672255	0.000438033073392152	1.49222725121796e-08	0.0429840871588433	0.0160684892046315	-0.0269155979542118
0.00954554435513462	5.05150745116292e-05	0.0820229216257453	0.0495544130782655	-0.0324685085474798	0.000301682394308565	1.27204678087384e-08	0.0333360887510434	0.0206240480843674	-0.012712040666676
0.00990437031010363	3.01461954897733e-05	0.0524184568477735	0.0131087033297582	-0.0393097535180153	0.000335392973207332	1.08167944568808e-08	0.0182801227573291	0.00999475073560086	-0.00828537202172822
0.00715846450062537	3.74622067789861e-05	0.0483820776878231	0.0265113355386715	-0.0218707421491515	0.000167470364197038	1.04289768026509e-08	0.0111591712646983	0.0116933010622911	0.000534129797592868
0.0111642113695383	5.62893806424629e-05	0.133170783330378	0.0667537622564579	-0.0664170210739198	0.00040447425120174	1.79468085898475e-08	0.0681685962708753	0.0429556274641722	-0.0252129688067032
0.00934473957034796	5.69569080712858e-05	0.0641051263712971	0.0486736129604571	-0.0154315134108401	0.000255119030856988	1.94948196872429e-08	0.0175809556513104	0.031642262562044	0.0140613069107336
0.010532835286037	3.72892092003514e-05	0.080957243881486	0.0200053654817733	-0.0609518783997127	0.000410355630585305	1.09192322110969e-08	0.0457304697873184	0.00964871053183095	-0.0360817592554875
0.00681332011936014	4.54750709230628e-05	0.0457459069133546	0.0343297659031325	-0.0114161410102221	0.000197786700563865	1.48913434671897e-08	0.0164901576965659	0.0203067244161082	0.00381656671954227
0.0111384266884741	5.61317230329938e-05	0.105266155890252	0.0564559526047519	-0.0488102032855003	0.000372805174062934	2.06311689310567e-08	0.0442002916073263	0.0401985997850656	-0.00400169182226074
0.0140565588035676	6.54718949239022e-05	0.131059964304634	0.0647640926115922	-0.0662958716930419	0.000389256641845621	1.80219345177981e-08	0.0382752039971611	0.0306573670523772	-0.00761783694478393
0.0140592977157804	5.86816189918034e-05	0.116223812069309	0.0495617599957682	-0.0666620520735409	0.000456052983585811	2.13857823513731e-08	0.0397600284664906	0.0372758921773094	-0.00248413628918118
0.0074475361816951	4.49486519308738e-05	0.0514262636332168	0.0281441471224394	-0.0232821165107773	0.000190822112761408	1.57712364062595e-08	0.0151064258501647	0.0176451313990332	0.00253870554886852
-0.000202196291233811	1.716801191882e-05	7.48049080291421e-05	0.00486395212322088	0.00478914721519174	-1.26926335495077e-05	6.6775289273649e-09	0.000194702873484251	0.00711344669197462	0.00691874381849037
0.00798669706831171	5.14635460970226e-05	0.0466804814395574	0.0304803330019072	-0.0162001484376502	0.000268239939749428	2.08271901722142e-08	0.0204962335402474	0.0228289340830955	0.00233270054284811
0.00803831009228015	6.63902761197993e-05	0.0576646562472218	0.0516637494091943	-0.00600090683802743	0.000219082599718879	2.65832062159221e-08	0.0189763230452241	0.0372399408974173	0.0182636178521932
0.00741113748164275	3.49110848253904e-05	0.0324515297949197	0.0160690563102551	-0.0163824734846647	0.000191860134406225	1.04042727808527e-08	0.00735520407105839	0.00794290872829855	0.000587704657240154
0.0110272009361042	3.27439679642984e-05	0.0876448912415864	0.0213193021082101	-0.0663255891333763	0.000492986566874987	7.18512622444335e-09	0.0478683276903616	0.00684990356343219	-0.0410184241269294
0.000530817257258406	-1.10808315021071e-05	0.00054025203611519	0.00205395377363819	0.001513701737523	3.37179435159781e-05	-3.67112700695289e-09	0.00142491298936787	0.00230511392654927	0.000880200937181407
-0.00086890000982596	4.93187859217692e-06	0.00155339810064208	0.000467095174923979	-0.0010863029257181	-3.57662681122293e-05	1.11942123960475e-09	0.00226109819150164	0.000294900466335143	-0.0019661977251665
0.00752039384172222	4.72512984418942e-05	0.0535386881433723	0.0382384041743319	-0.0153002839690404	0.000198854434278754	1.29541451283084e-08	0.0170443140728918	0.0176709938694548	0.000626679796563053
0.00708182103042824	3.12979189874149e-05	0.0451491309435758	0.0150093409840432	-0.0301397899595325	0.000175055454729973	8.66525285618106e-09	0.0135565455284178	0.00638338788255122	-0.00717315764586655
0.0089848426837559	5.1184775488911e-05	0.080909443650076	0.0523237652995662	-0.0285856783505098	0.000265364229208166	1.45499316613747e-08	0.0280584475924665	0.0264054348318272	-0.00165301276063926
0.0116738782402107	8.22479175827327e-05	0.0971086644479957	0.0870964797221846	-0.0100121847258111	0.000394453477696983	3.00643556616408e-08	0.045735952507599	0.058692421333528	0.012956468825929
-0.000587043649304734	-1.32279753605363e-05	0.000608052277242437	0.00234267332224675	0.00173462104500431	-1.75209771826605e-05	-4.47486769818049e-09	0.000433216776131946	0.00247676681563722	0.00204355003950528
0.0101521008457231	4.70016892914729e-05	0.0819835304501145	0.0336623766780831	-0.0483211537720314	0.000379094515873186	1.69169618937916e-08	0.0428518009370144	0.0232020043159383	-0.0196497966210762
0.00861506319741832	6.46486036836913e-05	0.0571384807928405	0.0658977068151095	0.00875922602226896	0.000230422315143438	2.56496501607449e-08	0.0164952360178075	0.0551850059499263	0.0386897699321188
0.0103522939438321	5.72978959067508e-05	0.078590798592804	0.0493955931634658	-0.0291952054293382	0.000442857847908623	2.21417474389548e-08	0.0443451277449328	0.0399146761232186	-0.00443045162171427
0.0117816773177121	6.16125601212615e-05	0.099878273024272	0.0574627634780565	-0.0424155095462155	0.000298141208382886	1.81935974118249e-08	0.0290702544504943	0.0306089790797389	0.00153872462924464
0.0092917039658758	4.46163370273819e-05	0.0554765483709191	0.0266619575960218	-0.0288145907748974	0.000296099299334639	1.53645826848303e-08	0.0196515431685666	0.0163870188146689	-0.00326452435389774
0.0113572732902246	5.04709104585058e-05	0.100386457920352	0.0411414897136662	-0.0592449682066853	0.00033760476343007	1.583588597423e-08	0.0361519766089714	0.0231931791284997	-0.0129587974804718
0.011814742445575	3.20835019247924e-05	0.0924001399363186	0.0137058063578092	-0.0786943335785094	0.000374090382661853	1.39430789312181e-08	0.0370076762107263	0.0109713575549254	-0.0260363186558009
0.0133217016759599	7.5413011083129e-05	0.117155323636056	0.0766010897098868	-0.0405542339261689	0.000528638413157795	2.58380646737886e-08	0.0624444835921683	0.0501256837642916	-0.0123187998278768
0.0097889550316629	2.68992466407283e-05	0.0646902227458218	0.0119057104912877	-0.0527845122545341	0.000320493597302665	7.74475115395072e-09	0.0262294093476088	0.00668108475528192	-0.0195483245923269
0.00842655666052247	4.521665117375e-05	0.0642907540102527	0.0377421171506195	-0.0265486368596333	0.000174957030860355	1.30740159300146e-08	0.014240049669816	0.0211120732885916	0.00687202361877563
0.0123904546496186	5.28529284756158e-05	0.123527116420784	0.0538086730430286	-0.0697184433777553	0.000361484881689452	1.72734509751579e-08	0.0426905364820787	0.0341119716747574	-0.00857856480732137
0.00870878491013704	1.58087725931589e-05	0.051352852164978	0.00394881417628001	-0.047404037988698	0.000208730972177276	3.82183513640148e-09	0.0103521323240919	0.00139210243841293	-0.00896002988567901
0.00735501539539647	2.2387311131293e-05	0.0397598203803538	0.00804805813127706	-0.0317117622490767	0.000198102262110174	4.00716094562548e-09	0.01234835396188	0.00167815292924848	-0.0106702010326315
0.0119735589023585	6.52615321948925e-05	0.103750917247906	0.0599403311586496	-0.0438105860892565	0.000288941062852047	2.23863943004613e-08	0.0284420908664347	0.0382811443970147	0.00983905353058001
0.00920254242067086	5.2941187114579e-05	0.0661044619137308	0.0415757797167332	-0.0245286821969976	0.000255101219836235	1.86121611166831e-08	0.0204990760059683	0.0270396697180665	0.00654059371209817
0.0108174049875807	4.18128533220071e-05	0.0754729228678698	0.030195558642816	-0.0452773642250537	0.000370965804557715	1.25062867759731e-08	0.0296863911119542	0.0168653599117688	-0.0128210312001854
0.0089991896422578	3.89842848759685e-05	0.0720192781209058	0.0263729994859602	-0.0456462786349455	0.000239982949499113	1.06305595011461e-08	0.0226833521980944	0.0118009150023847	-0.0108824371957096
0.00963682474140734	5.29265739237776e-05	0.070291937074637	0.043975123306297	-0.02631681376834	0.000255299830049238	1.48428350212321e-08	0.0194924692850146	0.022153932433616	0.00266146314860136
0.010175215666247	4.23218635057746e-05	0.0631310928188727	0.0249249737951651	-0.0382061190237076	0.00039581855850272	1.3797285905168e-08	0.032444345086621	0.0162860137414182	-0.0161583313452028
