LR1_coefficients_null_raster	LR1_coefficients_per_pop_2025_CN_100m_R2025A_v1_C	LR1_R2_null_raster	LR1_R2_per_pop_2025_CN_100m_R2025A_v1_C	LR1_Q_per_pop_2025_CN_100m_R2025A_v1_C	LR2_coefficients_null_raster	LR2_coefficients_per_pop_2025_CN_100m_R2025A_v1_C	LR2_R2_null_raster	LR2_R2_per_pop_2025_CN_100m_R2025A_v1_C	LR2_Q_per_pop_2025_CN_100m_R2025A_v1_C
0.0082874349742427	0.140917079223902	0.0718208327911743	0.0246955296954492	-0.0471253030957251	0.000221683629887479	0.0522686619454988	0.0255553927105621	0.00241685980240781	-0.0231385329081543
0.00606607708203459	0.054582881001233	0.0378034795048099	0.00749595317396089	-0.030307526330849	0.000192341127008058	-0.00777423223113847	0.0147454382347038	0.000773749876404255	-0.0139716883582995
0.00716099072524433	0.101650870409344	0.0306487359145213	0.0147700205056953	-0.015878715408826	0.000185833435665804	0.0175138469892463	0.00723783339831717	0.0016246784851136	-0.00561315491320357
0.00811494220503469	0.157162165378329	0.0574601216442218	0.0322317855082653	-0.0252283361359565	0.000203895923042219	0.12667850290475	0.0141985906758289	0.0115924286219304	-0.00260616205389855
0.0104239413305433	0.0940469244683494	0.0706489892125939	0.0142986738311408	-0.056350315381453	0.000267362332135181	0.00157203379674949	0.0158937442434107	1.31150432489221e-05	-0.0158806292001617
0.00908090493742489	0.140513935957141	0.0812208392643022	0.0254101804930581	-0.0558106587712441	0.000291765177585714	0.0623205938999848	0.0311234689563738	0.00349996318609426	-0.0276235057702795
0.00918911578236778	0.221227399677261	0.0856687088669478	0.0540072155087435	-0.0316614933582042	0.000246562865654862	0.172919514967038	0.0246964952835447	0.0121079076577214	-0.0125885876258233
0.0052923732001507	0.0333653993316134	0.0263002613152066	0.00261865606991763	-0.0236816052452889	0.00017343222304474	-0.000947399865405048	0.0117371975320508	3.86946259282212e-06	-0.011733328069458
0.0146316400142628	0.243276472354929	0.159073509089956	0.0802400196173182	-0.0788334894726373	0.000623251316109416	0.203934719299786	0.0928415250502684	0.0336355927317233	-0.0592059323185451
0.0104515940078446	0.113643153641249	0.0657635287977507	0.0198113329175678	-0.0459521958801829	0.000335863233677073	0.0176884509271534	0.02474986672346	0.00182334399042476	-0.0229265227330352
0.00697127210592457	0.0886592171632646	0.0325632120448941	0.0141218794378958	-0.0184413326069983	0.000175200213877913	0.0118741870690452	0.00839435620617967	0.00110167069719004	-0.00729268550898963
0.0106324856632362	0.0707685775663363	0.107877557352324	0.0160027469948457	-0.0918748103574778	0.000420043284256818	0.032748580567158	0.0620502526709038	0.00520657390992554	-0.0568436787609782
0.0123252417944172	0.128715416735159	0.105348906154637	0.0278089047225256	-0.0775400014321119	0.000443953553394468	0.0352344181583613	0.0512018202759955	0.00727069498826497	-0.0439311252877305
0.0089986189478111	0.255725312043139	0.0869977835984518	0.0822500724828689	-0.00474771111558295	0.000245110762524797	0.208762020499084	0.03126627496442	0.0356023539569066	0.0043360789924866
0.012065250962022	0.224792995649822	0.0910614416545006	0.0427073298641265	-0.0483541117903742	0.000373132515086114	0.156217427664795	0.034706896616103	0.0177052789752873	-0.0170016176408157
0.00084001460078516	0.024825610173036	0.00119724579705042	0.00333857400078392	0.0021413282037335	2.54845641052573e-05	0.00723249360451351	0.000803389967058218	0.00161632487366464	0.000812934906606422
0.00808734439470345	0.0812139018565022	0.0513405049873574	0.0155201239371756	-0.0358203810501818	0.000225401214949518	0.0173974386730751	0.0139292239703492	0.00233509115684744	-0.0115941328135018
0.0118840248431312	0.163833536364386	0.123236571202301	0.0318898768546563	-0.0913466943476451	0.000414004638766618	0.114408606605169	0.0559114591744594	0.0106883000214652	-0.0452231591529942
0.00894540198053968	0.144205635492602	0.0646966854772865	0.0274369243950313	-0.0372597610822553	0.000228347877461314	0.0594035584157596	0.0168482632149663	0.00380628339975729	-0.013041979815209
0.0148002804278379	0.11806461424493	0.131705734134137	0.0272675351996311	-0.104438198934505	0.000541001344844671	0.022369447839837	0.0597190467229695	0.00262974904968188	-0.0570892976732876
0.00747051168222342	0.0985585317319913	0.0371477684894101	0.0120466108112997	-0.0251011576781104	0.000190110350637071	0.0608233023314756	0.00820458833007914	0.00430313699995858	-0.00390145133012056
0.00898809861940214	0.115778490255087	0.0763083705217069	0.0265039920281367	-0.0498043784935702	0.000226928574647488	0.00417657778512429	0.0211665658731065	0.000132610448518866	-0.0210339554245876
0.0111063793290995	0.124344451499052	0.0972389619606012	0.0237596102828364	-0.0734793516777647	0.000397616363322213	0.0421488225012835	0.0528580533812256	0.00362768843208213	-0.0492303649491435
0.00887103319861948	0.107838750235368	0.0636664093500598	0.0239172546668541	-0.0397491546832057	0.000266292232312953	0.0238702499931275	0.0213957319549225	0.00423347788229819	-0.0171622540726243
0.00973827005752918	0.227403971464481	0.0558480133515992	0.0261357544761279	-0.0297122588754713	0.000303643115234637	0.168501590657279	0.0179400343917227	0.00280014923735001	-0.0151398851543727
0.00170415145902763	0.0223317542052321	0.00528667236375107	0.00324662922536946	-0.00204004313838161	9.40573127900509e-05	0.00586540062781268	0.00973695143193413	0.00121800165903225	-0.00851894977290187
0.0121785526995373	0.158804033477043	0.11859188008833	0.0477593870925203	-0.0708324929958095	0.000448970701803277	0.0888978292209436	0.0534974650949248	0.0173385760183251	-0.0361588890765997
0.00783730847739918	0.0634544780012548	0.0602297763966755	0.0131481767779391	-0.0470815996187364	0.000260154461943818	0.00502132661031755	0.0213679841197271	0.000396869381687671	-0.0209711147380394
0.00906922830788864	0.0793950465385593	0.0711231005934749	0.0132006726817772	-0.0579224279116976	0.000322325362746352	0.0139466984728625	0.0342870396079492	0.00147789787853242	-0.0328091417294168
0.0089429573319066	0.0865325297811617	0.0743459127366456	0.016380237392668	-0.0579656753439777	0.000260118643988812	0.00023742061154376	0.0276860876069036	5.72513439841383e-07	-0.0276855150934638
0.00773677473085845	0.206933202837458	0.0578130005220713	0.0568480109351253	-0.000964989586946033	0.00028019803731944	0.19145482323452	0.0284649583966184	0.0412012720600324	0.0127363136634139
0.0090091103969971	0.210733127385146	0.0550332955471546	0.0497603877152827	-0.0052729078318719	0.000226815685204444	0.152832348929849	0.0143714961227239	0.0200391715435922	0.0056676754208683
0.0093487997830865	0.108760907836977	0.0729523351232712	0.0293376764719879	-0.0436146586512833	0.000320617264128589	0.00816691857271751	0.0327231290813265	0.000623281680295807	-0.0320998474010307
0.0105518013233209	0.27192669758419	0.0757748160006059	0.0661519310684523	-0.00962288493215359	0.000275414114161344	0.167979680069277	0.0218171567437407	0.0229524908257266	0.00113533408198589
0.00874689552124893	0.115483451153679	0.0543109230831176	0.0287290385314723	-0.0255818845516453	0.000242595493811696	0.0474898121455682	0.0160320130500152	0.0148899793250128	-0.00114203372500237
0.012804391438496	0.116855057456155	0.153354065338583	0.0405950863675927	-0.112758978970991	0.000529062106101262	0.0300182452483768	0.088232285463905	0.0092155109888116	-0.0790167744750934
0.0121043399600808	0.24059080505556	0.103925626649438	0.0540574636554567	-0.0498681629939816	0.000391822548327458	0.160728244829363	0.0398770816027986	0.0192944292465464	-0.0205826523562522
0.00790798175290267	0.21267444156915	0.0451840175469637	0.041436176399292	-0.00374784114767174	0.000212733627305129	0.229192437231393	0.0133719881938094	0.0280038150310778	0.0146318268372684
0.0141879109300082	0.287037894762437	0.11561088555389	0.0601533263603663	-0.0554575591935235	0.000440106067709854	0.235652972340585	0.0434952852467354	0.0193061686344062	-0.0241891166123291
0.012262342779512	0.0967833216997348	0.108941552417195	0.0177599492673669	-0.0911816031498279	0.000534447176427563	0.056619335904194	0.0670539703335049	0.00620993922546992	-0.060844031108035
0.0114144058005531	0.146101209776256	0.0913545026196791	0.0200720480898522	-0.0712824545298269	0.000481769193011062	0.0826709452134053	0.0529563682612929	0.00379119683057301	-0.0491651714307199
-2.26481963916121e-05	-0.0037243140523408	1.04022185193058e-06	0.000108140871063614	0.000107100649211683	-3.63820748544282e-06	-0.00495515652130816	1.90473466415323e-05	0.00172343864352354	0.00170439129688201
0.00976295459749154	0.109122692790372	0.0702569792905033	0.0264016513172431	-0.0438553279732602	0.000343712275076437	0.02320953308733	0.0318266992389161	0.00417832807073477	-0.0276483711681814
0.00994642287693961	0.151166264685856	0.0700515051853548	0.0396501705226127	-0.0304013346627421	0.000381669756362655	0.0652160754860449	0.0355182159709375	0.0181215199436747	-0.0173966960272628
-0.00241228315123639	-0.0352819360946183	0.0129552330561155	0.00698219164542306	-0.00597304141069241	-0.000102183202298616	-0.0121911102276227	0.0173960548731074	0.00404152869674194	-0.0133545261763654
0.0131173658067608	0.22093209999633	0.111000793981097	0.0493405597741792	-0.0616602342069182	0.000454612579977569	0.157816161861203	0.0455640002522169	0.0119820925502005	-0.0335819077020164
0.0121147098510871	0.0854758506252981	0.0934751398919648	0.0196947948235458	-0.073780345068419	0.000349328584480787	0.0108030558579947	0.0317397613076454	0.00118789580157938	-0.030551865506066
-0.00240741081008308	-0.0573627809324086	0.00954228026981612	0.013454967436794	0.00391268716697785	-9.47098213673613e-05	-0.0150230519527916	0.0102652401568864	0.0037259755137005	-0.00653926464318587
0.00617635630307228	0.0555973597268004	0.0414531924788037	0.00753506006674907	-0.0339181324120546	0.000152936849493787	-0.0103912506218586	0.0113505953771548	0.00111424723556359	-0.0102363481415912
0.0120772800943841	0.195648427204571	0.0840157123728781	0.0386162702969348	-0.0453994420759433	0.000417509126531925	0.143432228945541	0.0326710297663787	0.0144619379766734	-0.0182090917897054
0.00743763337550466	0.0902379485495171	0.038753106401261	0.0164220006306462	-0.0223311057706148	0.000167006077269793	0.0067852023014088	0.008376281219564	0.000346971474680067	-0.00802930974488393
-9.1833572278122e-06	-0.0010474993708156	1.99315682691903e-07	7.25700740408361e-06	7.0576917213917e-06	1.0148342950487e-05	-0.00343753918134192	0.000166792482307694	0.000495474850697907	0.000328682368390214
0.0091794827638454	0.107349591009438	0.0764375490996668	0.0298134592115778	-0.046624089888089	0.000248721842168018	0.0104899716700556	0.0253791772764762	0.000979169203932607	-0.0244000080725436
-0.00211506239624605	-0.0517714455372345	0.00764600783195555	0.00903816955562767	0.00139216172367211	-6.40236885275816e-05	-0.0234045538847424	0.00541828455674535	0.00701773150121151	0.00159944694446616
0.0118198871023829	0.103599398431616	0.0983177585360365	0.0296103373401152	-0.0687074211959213	0.000413852470509736	0.0178789634059024	0.0398632223307687	0.00429398849113941	-0.0355692338396293
0.00645338928275217	0.0697678105613688	0.0435088554772468	0.0151273647823359	-0.0283814906949108	0.000166542554857976	0.0114724119068902	0.0128999252654769	0.00156966268817469	-0.0113302625773022
-0.000497397060065598	0.0214652664259693	0.000512841577671518	0.00232688737173854	0.00181404579406703	-1.47569836815821e-05	0.0108359730553741	0.000355845677016314	0.00248135172650226	0.00212550604948595
0.0115030489923154	0.20323076665535	0.0842204183895846	0.0361654777494219	-0.0480549406401628	0.000438033073392152	0.209908552235917	0.0429840871588433	0.0195079985343171	-0.0234760886245262
0.00954554435513462	0.0718113472829058	0.0820229216257453	0.0137476569296075	-0.0682752646961378	0.000301682394308565	0.00746041512243493	0.0333360887510434	0.00069629195193973	-0.0326397967991037
0.00990437031010363	0.135244098323062	0.0524184568477735	0.0237461841791361	-0.0286722726686374	0.000335392973207332	0.070223458532302	0.0182801227573291	0.00535226985545801	-0.0129278529018711
0.00715846450062537	0.140016356744373	0.0483820776878231	0.0270654559920108	-0.0213166216958123	0.000167470364197038	0.0683268976260836	0.0111591712646983	0.00597204780275176	-0.0051871234619465
0.0111642113695383	0.0952830318749754	0.133170783330378	0.0211855767801407	-0.111985206550237	0.00040447425120174	0.00522490122740037	0.0681685962708753	0.000256734199576621	-0.0679118620712987
0.00934473957034796	0.161823969040045	0.0641051263712971	0.0336828690372048	-0.0304222573340923	0.000255119030856988	0.062744113592463	0.0175809556513104	0.00478062522305748	-0.0128003304282529
0.010532835286037	0.148120219853322	0.080957243881486	0.0286113639865671	-0.052345879894919	0.000410355630585305	0.107153001272254	0.0457304697873184	0.00961991446527798	-0.0361105553220405
0.00681332011936014	0.062242433727556	0.0457459069133546	0.00789900978367734	-0.0378468971296772	0.000197786700563865	-0.00110652804676152	0.0164901576965659	1.04335500524492e-05	-0.0164797241465135
0.0111384266884741	0.102731930696796	0.105266155890252	0.0225640649143656	-0.0827020909758867	0.000372805174062934	0.0310881231799334	0.0442002916073263	0.00392452676045169	-0.0402757648468746
0.0140565588035676	0.140504670678598	0.131059964304634	0.0386780916677762	-0.0923818726368579	0.000389256641845621	0.00963448164930558	0.0382752039971611	0.000744225656105301	-0.0375309783410558
0.0140592977157804	0.0800139187507651	0.116223812069309	0.012241178586833	-0.103982633482476	0.000456052983585811	0.00357509761131336	0.0397600284664906	0.000125065969839553	-0.0396349624966511
0.0074475361816951	0.135602359605561	0.0514262636332168	0.0264226728475452	-0.0250035907856716	0.000190822112761408	0.10609814296086	0.0151064258501647	0.00833876006116435	-0.00676766578900036
-0.000202196291233811	0.0115188251669958	7.48049080291421e-05	0.00103601670336483	0.000961211795335692	-1.26926335495077e-05	0.00858684191076862	0.000194702873484251	0.00328881952270652	0.00309411664922226
0.00798669706831171	0.105254784900244	0.0466804814395574	0.0242836195079365	-0.0223968619316209	0.000268239939749428	0.0157668952936517	0.0204962335402474	0.00187194277703441	-0.018624290763213
0.00803831009228015	0.179667880412594	0.0576646562472218	0.0350922759770852	-0.0225723802701366	0.000219082599718879	0.127181096746974	0.0189763230452241	0.0116530841073244	-0.0073232389378997
0.00741113748164275	0.10044301262141	0.0324515297949197	0.0153390549584438	-0.0171124748364759	0.000191860134406225	0.024156733400377	0.00735520407105839	0.00294999666007567	-0.00440520741098273
0.0110272009361042	0.0907359445329909	0.0876448912415864	0.0180364822071954	-0.0696084090343911	0.000492986566874987	0.00490786890369149	0.0478683276903616	0.000222956427495902	-0.0476453712628657
0.000530817257258406	0.0269161689353713	0.00054025203611519	0.00423021372545352	0.00368996168933833	3.37179435159781e-05	0.0109127074674679	0.00142491298936787	0.00442051829464249	0.00299560530527462
-0.00086890000982596	-0.0251457775001888	0.00155339810064208	0.00356873009416684	0.00201533199352476	-3.57662681122293e-05	-0.0108228950446574	0.00226109819150164	0.00356013462327543	0.00129903643177379
0.00752039384172222	0.126702995846236	0.0535386881433723	0.0177610110796807	-0.0357776770636916	0.000198854434278754	0.0911095156684477	0.0170443140728918	0.00435387546975804	-0.0126904386031337
0.00708182103042824	0.104638403328873	0.0451491309435758	0.0228545736340694	-0.0222945573095064	0.000175055454729973	0.0312385540209355	0.0135565455284178	0.00298671694426749	-0.0105698285841503
0.0089848426837559	0.0860678912215649	0.080909443650076	0.0232542688902694	-0.0576551747598067	0.000265364229208166	0.00901790814214344	0.0280584475924665	0.00102480066768573	-0.0270336469247808
0.0116738782402107	0.0975158638208093	0.0971086644479957	0.0159655009750427	-0.0811431634729531	0.000394453477696983	0.015118023257514	0.045735952507599	0.00129831160703383	-0.0444376409005652
-0.000587043649304734	0.0167251242184838	0.000608052277242437	0.00168457303599506	0.00107652075875263	-1.75209771826605e-05	0.0145511305351003	0.000433216776131946	0.0063294945448109	0.00589627776867895
0.0101521008457231	0.124560456461613	0.0819835304501145	0.0290422581709172	-0.0529412722791973	0.000379094515873186	0.0114230038016948	0.0428518009370144	0.000793719764491109	-0.0420580811725233
0.00861506319741832	0.0790951551657952	0.0571384807928405	0.0123518606636993	-0.0447866201291412	0.000230422315143438	0.00668462258990566	0.0164952360178075	0.000276070505279872	-0.0162191655125276
0.0103522939438321	0.0359332190088517	0.078590798592804	0.00406653138796973	-0.0745242672048343	0.000442857847908623	0.0194425712066752	0.0443451277449328	0.00241362900908086	-0.041931498735852
0.0117816773177121	0.205482484895263	0.099878273024272	0.0534099829256366	-0.0464682900986354	0.000298141208382886	0.15164014343969	0.0290702544504943	0.0248151754001193	-0.00425507905037496
0.0092917039658758	0.0305808184267378	0.0554765483709191	0.00199765271616132	-0.0534788956547578	0.000296099299334639	-0.0111879644169353	0.0196515431685666	0.000990873649818513	-0.0186606695187481
0.0113572732902246	0.123326872606376	0.100386457920352	0.0321482458314514	-0.0682382120889001	0.00033760476343007	0.0144833593186679	0.0361519766089714	0.00161181744968265	-0.0345401591592888
0.011814742445575	0.151365907667104	0.0924001399363186	0.0432967769883944	-0.0491033629479242	0.000374090382661853	0.0204970429614411	0.0370076762107263	0.00264335390622179	-0.0343643223045045
0.0133217016759599	0.088878157863266	0.117155323636056	0.0157110763659882	-0.101444247270068	0.000528638413157795	0.00624050040759958	0.0624444835921683	0.000344373471347664	-0.0621001101208207
0.0097889550316629	0.153424132655053	0.0646902227458218	0.027768277354425	-0.0369219453913968	0.000320493597302665	0.0745546789165649	0.0262294093476088	0.00524288697415111	-0.0209865223734577
0.00842655666052247	0.162817108230091	0.0642907540102527	0.0345586045662033	-0.0297321494440495	0.000174957030860355	0.0980876685758908	0.014240049669816	0.0117037277051475	-0.00253632196466852
0.0123904546496186	0.308477061684664	0.123527116420784	0.0680751574680835	-0.0554519589527004	0.000361484881689452	0.289391384457302	0.0426905364820787	0.0230432484183424	-0.0196472880637363
0.00870878491013704	0.0416659581265183	0.051352852164978	0.0044963559870707	-0.0468564961779073	0.000208730972177276	-0.00518113530525412	0.0103521323240919	0.000312583518154728	-0.0100395488059372
0.00735501539539647	0.0564954750782245	0.0397598203803538	0.00699743637244708	-0.0327623840079067	0.000198102262110174	-0.00754908023742791	0.01234835396188	0.000480212237058552	-0.0118681417248214
0.0119735589023585	0.100279513745988	0.103750917247906	0.0210624685324663	-0.0826884487154399	0.000288941062852047	0.0107983505155579	0.0284420908664347	0.000931116769026867	-0.0275109740974078
0.00920254242067086	0.117636315437229	0.0661044619137308	0.0213526696408951	-0.0447517922728358	0.000255101219836235	0.0919937735299669	0.0204990760059683	0.0108856786182945	-0.00961339738767383
0.0108174049875807	0.152551122913645	0.0754729228678698	0.0320507648968244	-0.0434221579710454	0.000370965804557715	0.130653002753177	0.0296863911119542	0.0190903616229577	-0.0105960294889965
0.0089991896422578	0.152455041355486	0.0720192781209058	0.0478150425956193	-0.0242042355252865	0.000239982949499113	0.0494929983053742	0.0226833521980944	0.0172953159986683	-0.00538803619942611
0.00963682474140734	0.183714080902604	0.070291937074637	0.0326921815879719	-0.0375997554866651	0.000255299830049238	0.114492662200595	0.0194924692850146	0.00963426464521265	-0.00985820463980199
0.010175215666247	0.0643178376868345	0.0631310928188727	0.0075895974977645	-0.0555414953211082	0.00039581855850272	0.00772730845989001	0.032444345086621	0.000407469069286763	-0.0320368760173342
