LR1_coefficients_null_raster	LR1_coefficients_per_pop_2025_CN_100m_R2025A_v1_R	LR1_R2_null_raster	LR1_R2_per_pop_2025_CN_100m_R2025A_v1_R	LR1_Q_per_pop_2025_CN_100m_R2025A_v1_R	LR2_coefficients_null_raster	LR2_coefficients_per_pop_2025_CN_100m_R2025A_v1_R	LR2_R2_null_raster	LR2_R2_per_pop_2025_CN_100m_R2025A_v1_R	LR2_Q_per_pop_2025_CN_100m_R2025A_v1_R
0.0082874349742427	0.000518179468342979	0.0718208327911743	0.0567090462748484	-0.0151117865163259	0.000221683629887479	1.58829562240643e-06	0.0255553927105621	0.0344252415795569	0.00886984886899476
0.00606607708203459	0.000323090980779119	0.0378034795048099	0.0258782558900983	-0.0119252236147116	0.000192341127008058	9.44535377813644e-07	0.0147454382347038	0.0155066290845861	0.000761190849882347
0.00716099072524433	0.00040122410874524	0.0306487359145213	0.0260250712442088	-0.0046236646703125	0.000185833435665804	1.07564468194372e-06	0.00723783339831717	0.0133089612071377	0.00607112780882053
0.00811494220503469	0.000403865577324606	0.0574601216442218	0.0343740453942235	-0.0230860762499983	0.000203895923042219	1.10045576237796e-06	0.0141985906758289	0.0166384527410608	0.00243986206523193
0.0104239413305433	0.000662985645230876	0.0706489892125939	0.0685746749261857	-0.00207431428640813	0.000267362332135181	1.6589345849526e-06	0.0158937442434107	0.0306927537946935	0.0147990095512829
0.00908090493742489	0.000513577790522153	0.0812208392643022	0.0653424342729012	-0.015878404991401	0.000291765177585714	1.63058886796176e-06	0.0311234689563738	0.0484347303906578	0.017311261434284
0.00918911578236778	0.0004135873117138	0.0856687088669478	0.0438320703977599	-0.0418366384691878	0.000246562865654862	1.49628322232055e-06	0.0246964952835447	0.0353352139960368	0.0106387187124921
0.0052923732001507	0.000332551550133784	0.0263002613152066	0.0195736321150083	-0.00672662920019823	0.00017343222304474	8.64123544245752e-07	0.0117371975320508	0.00678862313257534	-0.00494857439947546
0.0146316400142628	0.0006343016444628	0.159073509089956	0.0664110206591819	-0.0926624884307736	0.000623251316109416	2.26026993198501e-06	0.0928415250502684	0.0530481952212618	-0.0397933298290066
0.0104515940078446	0.000473556110766627	0.0657635287977507	0.0314156985036791	-0.0343478302940716	0.000335863233677073	1.49234043161844e-06	0.02474986672346	0.0233513762052138	-0.00139849051824619
0.00697127210592457	0.000364259195829785	0.0325632120448941	0.0202578491832432	-0.0123053628616509	0.000175200213877913	1.33981484276561e-06	0.00839435620617967	0.0186031166651233	0.0102087604589436
0.0106324856632362	0.000459258598302812	0.107877557352324	0.047563518073473	-0.0603140392788506	0.000420043284256818	1.80282974116931e-06	0.0620502526709038	0.0417686888239891	-0.0202815638469147
0.0123252417944172	0.000697860618614024	0.105348906154637	0.0801638578563018	-0.0251850482983357	0.000443953553394468	2.17879502988196e-06	0.0512018202759955	0.054798483335137	0.00359666305914146
0.0089986189478111	0.000267544264965189	0.0869977835984518	0.0168225951368843	-0.0701751884615676	0.000245110762524797	7.23249122235785e-07	0.03126627496442	0.00888671626953298	-0.022379558694887
0.012065250962022	0.000654260030560076	0.0910614416545006	0.0640950784473116	-0.026966363207189	0.000373132515086114	1.95621701203924e-06	0.034706896616103	0.0418646290414565	0.00715773242535354
0.00084001460078516	3.93306137580038e-05	0.00119724579705042	0.000343806295547412	-0.000853439501503008	2.54845641052573e-05	-1.57929380628482e-08	0.000803389967058218	8.44514476169088e-06	-0.000794944822296528
0.00808734439470345	0.000465168446876491	0.0513405049873574	0.0423817311992813	-0.00895877378807614	0.000225401214949518	1.55006181316342e-06	0.0139292239703492	0.0240650517884122	0.010135827818063
0.0118840248431312	0.000505423684494541	0.123236571202301	0.0605597193219098	-0.0626768518803915	0.000414004638766618	1.04321496596917e-06	0.0559114591744594	0.020497177978469	-0.0354142811959903
0.00894540198053968	0.00042522174389369	0.0646966854772865	0.0329941626217058	-0.0317025228555808	0.000228347877461314	9.39603079552093e-07	0.0168482632149663	0.0143522750514624	-0.00249598816350387
0.0148002804278379	0.000655868230265363	0.131705734134137	0.0635825966702031	-0.0681231374639334	0.000541001344844671	2.34340644692683e-06	0.0597190467229695	0.0507259471542743	-0.00899309956869514
0.00747051168222342	0.000409381954256974	0.0371477684894101	0.0251043462099705	-0.0120434222794396	0.000190110350637071	7.05220083581982e-07	0.00820458833007914	0.00532208005052115	-0.00288250827955799
0.00898809861940214	0.000630297535436191	0.0763083705217069	0.079451066963662	0.00314269644195508	0.000226928574647488	2.11150532358592e-06	0.0211665658731065	0.055174678373858	0.0340081125007515
0.0111063793290995	0.000515274078873629	0.0972389619606012	0.0452510798588326	-0.0519878821017686	0.000397616363322213	1.84810255719325e-06	0.0528580533812256	0.0346432438313947	-0.0182148095498308
0.00887103319861948	0.000395145562521059	0.0636664093500598	0.0362592461134659	-0.0274071632365939	0.000266292232312953	1.06607631962574e-06	0.0213957319549225	0.024412999462366	0.0030172675074435
0.00973827005752918	0.000398870338925297	0.0558480133515992	0.026566413465881	-0.0292815998857182	0.000303643115234637	1.09491861456374e-06	0.0179400343917227	0.0132120913136609	-0.00472794307806183
0.00170415145902763	0.000134327329566531	0.00528667236375107	0.0057540391955696	0.000467366831818521	9.40573127900509e-05	4.32908402888051e-07	0.00973695143193413	0.00846301379672069	-0.00127393763521343
0.0121785526995373	0.0006063119294034	0.11859188008833	0.0749415602812398	-0.04365031980709	0.000448970701803277	1.78660617595099e-06	0.0534974650949248	0.0440937523894376	-0.00940371270548725
0.00783730847739918	0.000400447582299455	0.0602297763966755	0.0417771192473026	-0.0184526571493729	0.000260154461943818	9.65580184568641e-07	0.0213679841197271	0.018006450069918	-0.00336153404980911
0.00906922830788864	0.000307733933914645	0.0711231005934749	0.0213828035806587	-0.0497402970128162	0.000322325362746352	7.70797762652013e-07	0.0342870396079492	0.00956205450000766	-0.0247249851079416
0.0089429573319066	0.000464522396499257	0.0743459127366456	0.0420271579487108	-0.0323187547879349	0.000260118643988812	1.50175607610814e-06	0.0276860876069036	0.0297633509270147	0.00207726332011109
0.00773677473085845	0.000268347269974298	0.0578130005220713	0.016830043191231	-0.0409829573308404	0.00028019803731944	1.08943972289658e-06	0.0284649583966184	0.0193797292550195	-0.00908522914159894
0.0090091103969971	0.000370900649056574	0.0550332955471546	0.0204368292322215	-0.0345964663149331	0.000226815685204444	9.48728550898449e-07	0.0143714961227239	0.00789413667859874	-0.00647735944412519
0.0093487997830865	0.00034406949256622	0.0729523351232712	0.0220092948854658	-0.0509430402378054	0.000320617264128589	8.48152699325268e-07	0.0327231290813265	0.00755013717456057	-0.0251729919067659
0.0105518013233209	0.00037149507147918	0.0757748160006059	0.0230507493788063	-0.0527240666217996	0.000275414114161344	8.93593407382634e-07	0.0218171567437407	0.0084109183690789	-0.0134062383746618
0.00874689552124893	0.000431542453777845	0.0543109230831176	0.0317375090944265	-0.0225734139886911	0.000242595493811696	1.37220594285371e-06	0.0160320130500152	0.0189237804577746	0.00289176740775939
0.012804391438496	0.000635330848143908	0.153354065338583	0.0851320091224625	-0.0682220562161209	0.000529062106101262	2.37312299905024e-06	0.088232285463905	0.0656129035482766	-0.0226193819156284
0.0121043399600808	0.000624720848829258	0.103925626649438	0.0689019017706992	-0.0350237248787392	0.000391822548327458	1.99037105714594e-06	0.0398770816027986	0.0436675941192309	0.00379051251643226
0.00790798175290267	0.000389822372678188	0.0451840175469637	0.0251157996116595	-0.0200682179353043	0.000212733627305129	1.53541710344364e-06	0.0133719881938094	0.0211460519445513	0.00777406375074181
0.0141879109300082	0.000709759046929312	0.11561088555389	0.0709886106305223	-0.0446222749233676	0.000440106067709854	2.44235187848534e-06	0.0434952852467354	0.0568868357540756	0.0133915505073402
0.012262342779512	0.000443522218587857	0.108941552417195	0.0430666022029707	-0.0658749502142241	0.000534447176427563	1.41046311152311e-06	0.0670539703335049	0.0321615702714196	-0.0348924000620852
0.0114144058005531	0.000506220682107743	0.0913545026196791	0.0551316427975859	-0.0362228598220932	0.000481769193011062	1.61221268018286e-06	0.0529563682612929	0.0397863979454386	-0.0131699703158543
-2.26481963916121e-05	-0.000228049444051101	1.04022185193058e-06	0.0129060422025363	0.0129050019806844	-3.63820748544282e-06	-5.73476739461703e-07	1.90473466415323e-05	0.00956949034586895	0.00955044299922742
0.00976295459749154	0.000455479008969826	0.0702569792905033	0.0387178392345551	-0.0315391400559483	0.000343712275076437	1.28601236070329e-06	0.0318266992389161	0.0197039797495128	-0.0121227194894033
0.00994642287693961	0.000468623117305372	0.0700515051853548	0.0369559171572634	-0.0330955880280914	0.000381669756362655	1.16019072837541e-06	0.0355182159709375	0.018474815347173	-0.0170434006237645
-0.00241228315123639	-2.58397861674886e-05	0.0129552330561155	0.000194644209607693	-0.0127605888465078	-0.000102183202298616	-6.92086791222388e-08	0.0173960548731074	0.000219198369672935	-0.0171768565034344
0.0131173658067608	0.000660789076030528	0.111000793981097	0.0651646858684257	-0.0458361081126716	0.000454612579977569	2.26241091670703e-06	0.0455640002522169	0.0458671482569727	0.000303148004755775
0.0121147098510871	0.000446172197790086	0.0934751398919648	0.0372527047060315	-0.0562224351859333	0.000349328584480787	1.13014579267389e-06	0.0317397613076454	0.0172684048457774	-0.014471356461868
-0.00240741081008308	7.69255071443988e-05	0.00954228026981612	0.00116451188349314	-0.00837776838632299	-9.47098213673613e-05	2.18789911918107e-07	0.0102652401568864	0.00129823148211743	-0.00896700867476894
0.00617635630307228	0.000401237000676772	0.0414531924788037	0.0318408932630266	-0.00961229921577711	0.000152936849493787	1.0911992861243e-06	0.0113505953771548	0.0147682288340518	0.00341763345689697
0.0120772800943841	0.00043896210648169	0.0840157123728781	0.0330286233564219	-0.0509870890164562	0.000417509126531925	1.18638677199015e-06	0.0326710297663787	0.0173663008916014	-0.0153047288747774
0.00743763337550466	0.000417242455368439	0.038753106401261	0.0234861787246247	-0.0152669276766362	0.000167006077269793	1.20811834457091e-06	0.008376281219564	0.0108922817656246	0.00251600054606057
-9.1833572278122e-06	-0.000125545971491844	1.99315682691903e-07	0.00479514515410457	0.00479494583842187	1.0148342950487e-05	-4.45120398096049e-07	0.000166792482307694	0.00784004462621824	0.00767325214391055
0.0091794827638454	0.000435494931532432	0.0764375490996668	0.0304250796175993	-0.0460124694820674	0.000248721842168018	1.58814048095983e-06	0.0253791772764762	0.0209064851972481	-0.00447269207922819
-0.00211506239624605	-0.000174468393040845	0.00764600783195555	0.00656149940622037	-0.00108450842573519	-6.40236885275816e-05	-4.06515192510822e-07	0.00541828455674535	0.00536216066686555	-5.61238898798061e-05
0.0118198871023829	0.000273095666561455	0.0983177585360365	0.0151776013616258	-0.0831401571744107	0.000413852470509736	3.80626369424812e-07	0.0398632223307687	0.00277414870864319	-0.0370890736221255
0.00645338928275217	0.000346875703846828	0.0435088554772468	0.0285650645214588	-0.014943790955788	0.000166542554857976	9.37875123031299e-07	0.0128999252654769	0.0162193301094877	0.00331940484401084
-0.000497397060065598	-0.000181558112562674	0.000512841577671518	0.00828468894905741	0.0077718473713859	-1.47569836815821e-05	-5.91645577555613e-07	0.000355845677016314	0.0132126534408089	0.0128568077637926
0.0115030489923154	0.0004351540299518	0.0842204183895846	0.0310500910842807	-0.0531703273053039	0.000438033073392152	1.45876272062406e-06	0.0429840871588433	0.0225128767061689	-0.0204712104526745
0.00954554435513462	0.000507010572531657	0.0820229216257453	0.0592674191090827	-0.0227555025166625	0.000301682394308565	1.20726533597648e-06	0.0333360887510434	0.0263046249652947	-0.00703146378574868
0.00990437031010363	0.00031229321343143	0.0524184568477735	0.0166810287426461	-0.0357374281051274	0.000335392973207332	9.88626410837641e-07	0.0182801227573291	0.011862203670128	-0.00641791908720108
0.00715846450062537	0.000371438307626501	0.0483820776878231	0.0308991820913654	-0.0174828955964577	0.000167470364197038	9.56633763110526e-07	0.0111591712646983	0.0142275139761772	0.0030683427114789
0.0111642113695383	0.000568265796178263	0.133170783330378	0.0807302874889466	-0.0524404958414311	0.00040447425120174	1.72933758019686e-06	0.0681685962708753	0.0556973973487865	-0.0124711989220889
0.00934473957034796	0.000543722941891121	0.0641051263712971	0.0530447541040286	-0.0110603722672686	0.000255119030856988	1.63793519827035e-06	0.0175809556513104	0.0316563278737214	0.0140753722224111
0.010532835286037	0.00041191112287557	0.080957243881486	0.0286807033086542	-0.0522765405728318	0.000410355630585305	1.18316133851697e-06	0.0457304697873184	0.0152584617681467	-0.0304720080191717
0.00681332011936014	0.000434438784952778	0.0457459069133546	0.0377851100758138	-0.0079607968375408	0.000197786700563865	1.28704614446016e-06	0.0164901576965659	0.0219625990099236	0.00547244131335764
0.0111384266884741	0.000568555331944859	0.105266155890252	0.0699740728510818	-0.0352920830391704	0.000372805174062934	1.90411054619656e-06	0.0442002916073263	0.0508515976295313	0.00665130602220491
0.0140565588035676	0.000676607822640113	0.131059964304634	0.0804622992345468	-0.0505976650700872	0.000389256641845621	1.80905525192653e-06	0.0382752039971611	0.0405775554853395	0.00230235148817838
0.0140592977157804	0.000613466527224329	0.116223812069309	0.0641179492888082	-0.0521058627805009	0.000456052983585811	1.99008224758399e-06	0.0397600284664906	0.046835110951114	0.00707508248462342
0.0074475361816951	0.000455210903161647	0.0514262636332168	0.0353599341558485	-0.0160663294773683	0.000190822112761408	1.45000548313255e-06	0.0151064258501647	0.0222792859420784	0.00717286009191369
-0.000202196291233811	0.000136524623356348	7.48049080291421e-05	0.00370527768107688	0.00363047277304774	-1.26926335495077e-05	4.76377489726255e-07	0.000194702873484251	0.00544909292324432	0.00525439004976007
0.00798669706831171	0.000495744081504392	0.0466804814395574	0.0345043101748281	-0.0121761712647293	0.000268239939749428	1.82005439221133e-06	0.0204962335402474	0.0266614567909625	0.00616522325071511
0.00803831009228015	0.000638180966825874	0.0576646562472218	0.0586830296876648	0.00101837344044306	0.000219082599718879	2.31452760713002e-06	0.0189763230452241	0.041602777064698	0.0226264540194739
0.00741113748164275	0.000353587296269355	0.0324515297949197	0.0196356445524902	-0.0128158852424295	0.000191860134406225	9.78801068051756e-07	0.00735520407105839	0.00995743747367452	0.00260223340261613
0.0110272009361042	0.000340764367055522	0.0876448912415864	0.0271630690966833	-0.0604818221449031	0.000492986566874987	7.14235488324589e-07	0.0478683276903616	0.00945345898952901	-0.0384148687008325
0.000530817257258406	-7.97001032928235e-05	0.00054025203611519	0.00132798382866847	0.000787731792553279	3.37179435159781e-05	-2.48389375355545e-07	0.00142491298936787	0.00163982459128683	0.000214911601918965
-0.00086890000982596	6.09120159694033e-05	0.00155339810064208	0.000855363617131218	-0.000698034483510862	-3.57662681122293e-05	1.56536743203364e-07	0.00226109819150164	0.000885398141946617	-0.00137570004955502
0.00752039384172222	0.000467417999787698	0.0535386881433723	0.0447713357909641	-0.00876735235240827	0.000198854434278754	1.14240704747516e-06	0.0170443140728918	0.0199997019489193	0.00295538787602754
0.00708182103042824	0.000327914612592546	0.0451491309435758	0.0190728651549905	-0.0260762657885853	0.000175055454729973	9.05011147422325e-07	0.0135565455284178	0.00910493921495807	-0.0044516063134597
0.0089848426837559	0.000504829786237853	0.080909443650076	0.0598810468596049	-0.0210283967904711	0.000265364229208166	1.38113878891071e-06	0.0280584475924665	0.0322560580432644	0.00419761045079791
0.0116738782402107	0.000783005662347427	0.0971086644479957	0.094845448805521	-0.00226321564247478	0.000394453477696983	2.56206269062315e-06	0.045735952507599	0.0622692738737891	0.0165333213661901
-0.000587043649304734	-0.000106731602075629	0.000608052277242437	0.00184327302987283	0.00123522075263039	-1.75209771826605e-05	-3.2013770879434e-07	0.000433216776131946	0.00194304674004127	0.00150982996390932
0.0101521008457231	0.000478155562988048	0.0819835304501145	0.0419393590481076	-0.0400441714020069	0.000379094515873186	1.57242865580569e-06	0.0428518009370144	0.0291928439990045	-0.0136589569380099
0.00861506319741832	0.000627311628832863	0.0571384807928405	0.0745672405640935	0.017428759771253	0.000230422315143438	2.30118735266731e-06	0.0164952360178075	0.0638840625542575	0.04738882653645
0.0103522939438321	0.000583762621686711	0.078590798592804	0.0608665706723642	-0.0177242279204398	0.000442857847908623	2.04021669188343e-06	0.0443451277449328	0.0499224410134277	0.00557731326849489
0.0117816773177121	0.000612381182409845	0.099878273024272	0.0671774858567335	-0.0327007871675384	0.000298141208382886	1.6808990160851e-06	0.0290702544504943	0.0368452241299737	0.00777496967947942
0.0092917039658758	0.000441092617512891	0.0554765483709191	0.0308629977689422	-0.0246135506019769	0.000296099299334639	1.3275871714409e-06	0.0196515431685666	0.0176536307339376	-0.00199791243462905
0.0113572732902246	0.000502487140136401	0.100386457920352	0.0495786811532027	-0.0508077767671488	0.00033760476343007	1.39538089436521e-06	0.0361519766089714	0.0269003914106993	-0.00925158519827214
0.011814742445575	0.000367277187027128	0.0924001399363186	0.0210521619318098	-0.0713479780045089	0.000374090382661853	1.46179644987817e-06	0.0370076762107263	0.0169446563875401	-0.0200630198231862
0.0133217016759599	0.000745874116212476	0.117155323636056	0.0894443714561517	-0.027710952179904	0.000528638413157795	2.31834799466711e-06	0.0624444835921683	0.0588133705225301	-0.00363111306963821
0.0097889550316629	0.000301814596113066	0.0646902227458218	0.0175778152111294	-0.0471124075346924	0.000320493597302665	8.63295008009565e-07	0.0262294093476088	0.0111261224384967	-0.0151032869091121
0.00842655666052247	0.000459822168290267	0.0642907540102527	0.0456956523076552	-0.0185951017025976	0.000174957030860355	1.21578464736721e-06	0.014240049669816	0.0252036819316296	0.0109636322618136
0.0123904546496186	0.00055289270066208	0.123527116420784	0.0687283723809536	-0.0547987440398303	0.000361484881689452	1.66448611780048e-06	0.0426905364820787	0.0437354233670912	0.00104488688501243
0.00870878491013704	0.00019799903950305	0.051352852164978	0.00724137077621556	-0.0441114813887625	0.000208730972177276	4.51237068198363e-07	0.0103521323240919	0.00262073504987802	-0.00773139727421393
0.00735501539539647	0.000239650307654808	0.0397598203803538	0.0107480056393692	-0.0290118147409846	0.000198102262110174	4.13860392147671e-07	0.01234835396188	0.00241139541781621	-0.00993695854406377
0.0119735589023585	0.000685329055580202	0.103750917247906	0.0767406754026485	-0.0270102418452577	0.000288941062852047	2.28889286643069e-06	0.0284420908664347	0.0524750527827604	0.0240329619163257
0.00920254242067086	0.000532134892999756	0.0661044619137308	0.0505720900276185	-0.0155323718861124	0.000255101219836235	1.71178324720594e-06	0.0204990760059683	0.0329688554109076	0.0124697794049393
0.0108174049875807	0.00043985382209329	0.0754729228678698	0.0385104844142383	-0.0369624384536315	0.000370965804557715	1.22433878688873e-06	0.0296863911119542	0.0220284153308115	-0.00765797578114275
0.0089991896422578	0.000412327720939852	0.0720192781209058	0.0337454486316635	-0.0382738294892422	0.000239982949499113	1.10485979474884e-06	0.0226833521980944	0.0161687978770302	-0.0065145543210642
0.00963682474140734	0.000529353338406572	0.070291937074637	0.0529913396592566	-0.0173005974153804	0.000255299830049238	1.33568345471374e-06	0.0194924692850146	0.0264115201236279	0.00691905083861323
0.010175215666247	0.000434474008299903	0.0631310928188727	0.0307591893350439	-0.0323719034838288	0.00039581855850272	1.32096114799046e-06	0.032444345086621	0.0205808971079452	-0.0118634479786757
