LR1_coefficients_null_raster	LR1_coefficients_per_pop_2025_CN_100m_R2025A_v1_R	LR1_R2_null_raster	LR1_R2_per_pop_2025_CN_100m_R2025A_v1_R	LR1_Q_per_pop_2025_CN_100m_R2025A_v1_R	LR2_coefficients_null_raster	LR2_coefficients_per_pop_2025_CN_100m_R2025A_v1_R	LR2_R2_null_raster	LR2_R2_per_pop_2025_CN_100m_R2025A_v1_R	LR2_Q_per_pop_2025_CN_100m_R2025A_v1_R
0.0082874349742427	0.00340929028612594	0.0718208327911743	0.0832475984828108	0.0114267656916365	0.000221683629887479	5.41827542900673e-05	0.0255553927105621	0.0495825780900729	0.0240271853795107
0.00606607708203459	0.00233672402964248	0.0378034795048099	0.0417769157286802	0.00397343622387031	0.000192341127008058	4.07153677168732e-05	0.0147454382347038	0.0291389760731292	0.0143935378384254
0.00716099072524433	0.00257235661643579	0.0306487359145213	0.0319437181201879	0.00129498220566665	0.000185833435665804	3.50187686810606e-05	0.00723783339831717	0.0137348744328314	0.00649704103451425
0.00811494220503469	0.00275406874907342	0.0574601216442218	0.0503904628074633	-0.00706965883675851	0.000203895923042219	3.70600485003088e-05	0.0141985906758289	0.0215047153616567	0.00730612468582784
0.0104239413305433	0.00412491200569105	0.0706489892125939	0.0820312338816687	0.0113822446690748	0.000267362332135181	5.12764710134517e-05	0.0158937442434107	0.0301068661370181	0.0142131218936075
0.00908090493742489	0.00341262613083194	0.0812208392643022	0.0912637457661764	0.0100429065018742	0.000291765177585714	5.99884461927708e-05	0.0311234689563738	0.0656122823572597	0.0344888134008859
0.00918911578236778	0.00307044432466226	0.0856687088669478	0.0711222678150759	-0.0145464410518719	0.000246562865654862	5.81204212050487e-05	0.0246964952835447	0.0504729833501036	0.025776488066559
0.0052923732001507	0.00191049835490911	0.0263002613152066	0.0239643970487373	-0.00233586426646922	0.00017343222304474	2.87709120940723e-05	0.0117371975320508	0.0117840174157493	4.68198836985328e-05
0.0146316400142628	0.00509914729499467	0.159073509089956	0.138838979622068	-0.0202345294678879	0.000623251316109416	0.000103689060600605	0.0928415250502684	0.118595246748747	0.0257537216984784
0.0104515940078446	0.00363819793602782	0.0657635287977507	0.0567585671043602	-0.00900496169339045	0.000335863233677073	6.23027490769877e-05	0.02474986672346	0.0384157927591717	0.0136659260357118
0.00697127210592457	0.00231766815588529	0.0325632120448941	0.0280789055747949	-0.00448430647009923	0.000175200213877913	3.95876128173138e-05	0.00839435620617967	0.0200818508145399	0.0116874946083603
0.0106324856632362	0.00374653444310023	0.107877557352324	0.0974828965548963	-0.0103946607974272	0.000420043284256818	6.79161449081643e-05	0.0620502526709038	0.0740411199614116	0.0119908672905078
0.0123252417944172	0.00422554283392764	0.105348906154637	0.0980142511895577	-0.00733465496507973	0.000443953553394468	6.91577568061761e-05	0.0512018202759955	0.062478403313579	0.0112765830375835
0.0089986189478111	0.00262841251691992	0.0869977835984518	0.0543570300656381	-0.0326407535328138	0.000245110762524797	4.13779277887543e-05	0.03126627496442	0.0348726820464611	0.0036064070820411
0.012065250962022	0.00431082014180449	0.0910614416545006	0.0888423459617774	-0.00221909569272322	0.000373132515086114	6.09324487535388e-05	0.034706896616103	0.0453568234084135	0.0106499267923106
0.00084001460078516	-6.47669205437003e-05	0.00119724579705042	3.91337731327333e-05	-0.00115811202391769	2.54845641052573e-05	-4.99158305331372e-06	0.000803389967058218	0.00117456703653826	0.000371177069480038
0.00808734439470345	0.003173500954308	0.0513405049873574	0.0574061307074522	0.00606562572009477	0.000225401214949518	4.72286926341808e-05	0.0139292239703492	0.0245847599550219	0.0106555359846727
0.0118840248431312	0.003934696332177	0.123236571202301	0.10514969525573	-0.0180868759465717	0.000414004638766618	5.14357206408288e-05	0.0559114591744594	0.0451524790186351	-0.0107589801558243
0.00894540198053968	0.00326086065953014	0.0646966854772865	0.061097226632356	-0.00359945884493058	0.000228347877461314	4.83420036657303e-05	0.0168482632149663	0.0323373040579981	0.0154890408430318
0.0148002804278379	0.00462075683529945	0.131705734134137	0.100434620551168	-0.0312711135829683	0.000541001344844671	8.73869680390417e-05	0.0597190467229695	0.0761946820907433	0.0164756353677738
0.00747051168222342	0.00242093040180795	0.0371477684894101	0.0307003105293707	-0.00644745796003941	0.000190110350637071	2.36484981178315e-05	0.00820458833007914	0.00761351837389285	-0.00059106995618629
0.00898809861940214	0.00381908965149517	0.0763083705217069	0.0947478182027163	0.0184394476810094	0.000226928574647488	6.47287887056249e-05	0.0211665658731065	0.0577554671591224	0.0365889012860159
0.0111063793290995	0.00382690708211746	0.0972389619606012	0.0847682530274124	-0.0124707089331888	0.000397616363322213	7.30658769333754e-05	0.0528580533812256	0.0703782758703795	0.0175202224891539
0.00887103319861948	0.0028649929625418	0.0636664093500598	0.0573893469248779	-0.00627706242518188	0.000266292232312953	4.05809110243308e-05	0.0213957319549225	0.0357630361125204	0.0143673041575978
0.00973827005752918	0.00280582764241989	0.0558480133515992	0.0425512529936267	-0.0132967603579724	0.000303643115234637	4.26717575979006e-05	0.0179400343917227	0.0222404261719059	0.00430039178018322
0.00170415145902763	0.000644344743879706	0.00528667236375107	0.00511734549154379	-0.000169326872207282	9.40573127900509e-05	9.8899078485679e-06	0.00973695143193413	0.00579316412921732	-0.0039437873027168
0.0121785526995373	0.00425457947127452	0.11859188008833	0.111806998571811	-0.00678488151651876	0.000448970701803277	7.39706073077504e-05	0.0534974650949248	0.0675667898054465	0.0140693247105216
0.00783730847739918	0.00273029522748918	0.0602297763966755	0.0611450587451023	0.000915282348426749	0.000260154461943818	3.77338129319197e-05	0.0213679841197271	0.0283052759772839	0.0069372918575568
0.00906922830788864	0.00274234091604532	0.0711231005934749	0.051934936366011	-0.0191881642274639	0.000322325362746352	4.84590430845692e-05	0.0342870396079492	0.0365462734181941	0.00225923381024484
0.0089429573319066	0.00344219449064008	0.0743459127366456	0.0758218997813576	0.001475987044712	0.000260118643988812	5.94983308028346e-05	0.0276860876069036	0.0528289542160781	0.0251428666091745
0.00773677473085845	0.00231979148169971	0.0578130005220713	0.04066590840576	-0.0171470921163114	0.00028019803731944	4.41506744829447e-05	0.0284649583966184	0.0359732272987284	0.00750826890211
0.0090091103969971	0.00283997144082348	0.0550332955471546	0.0384491908533637	-0.0165841046937909	0.000226815685204444	4.12177642603429e-05	0.0143714961227239	0.0181505113884414	0.00377901526571748
0.0093487997830865	0.00295865481577766	0.0729523351232712	0.0510297510460973	-0.0219225840771738	0.000320617264128589	5.17861763193788e-05	0.0327231290813265	0.0294155588040146	-0.00330757027731186
0.0105518013233209	0.00297656016699025	0.0757748160006059	0.0464165298749948	-0.0293582861256111	0.000275414114161344	4.0413603688687e-05	0.0218171567437407	0.0185253732051527	-0.003291783538588
0.00874689552124893	0.00315850278361182	0.0543109230831176	0.0551927772306352	0.000881854147517604	0.000242595493811696	5.02002063237277e-05	0.0160320130500152	0.0302712870942407	0.0142392740442256
0.012804391438496	0.00433691489306233	0.153354065338583	0.130406806165868	-0.022947259172715	0.000529062106101262	8.17832435823519e-05	0.088232285463905	0.0957053299274138	0.00747304446350885
0.0121043399600808	0.00408656551652757	0.103925626649438	0.0993913442591302	-0.00453428239030813	0.000391822548327458	6.75148745464527e-05	0.0398770816027986	0.0590217791541544	0.0191446975513558
0.00790798175290267	0.00302383336856828	0.0451840175469637	0.0499163146080779	0.00473229706111419	0.000212733627305129	5.89127840429911e-05	0.0133719881938094	0.0404329619638451	0.0270609737700356
0.0141879109300082	0.00499031509958296	0.11561088555389	0.109435840321083	-0.00617504523280686	0.000440106067709854	8.38722792721617e-05	0.0434952852467354	0.0728940523909189	0.0293987671441836
0.012262342779512	0.00374887277038732	0.108941552417195	0.0860014429356822	-0.0229401094815126	0.000534447176427563	6.63028143099367e-05	0.0670539703335049	0.0636650417036105	-0.00338892862989441
0.0114144058005531	0.00361579077344331	0.0913545026196791	0.0795387126340918	-0.0118157899855873	0.000481769193011062	6.72464333696403e-05	0.0529563682612929	0.0614182866911159	0.00846191842982303
-2.26481963916121e-05	-0.000727219965323856	1.04022185193058e-06	0.00493891454633593	0.004937874324484	-3.63820748544282e-06	-1.08629437860765e-05	1.90473466415323e-05	0.00435343568491641	0.00433438833827488
0.00976295459749154	0.00318966248937074	0.0702569792905033	0.0595240299850239	-0.0107329493054794	0.000343712275076437	4.92378845149653e-05	0.0318266992389161	0.0319333045398298	0.000106605300913665
0.00994642287693961	0.00367741671780586	0.0700515051853548	0.0659099977929801	-0.00414150739237469	0.000381669756362655	6.98641746569625e-05	0.0355182159709375	0.0462940796456147	0.0107758636746772
-0.00241228315123639	-0.000678503745431293	0.0129552330561155	0.00527512679886693	-0.00768010625724854	-0.000102183202298616	-1.03206934143353e-05	0.0173960548731074	0.00618050019165831	-0.011215554681449
0.0131173658067608	0.00418843335501264	0.111000793981097	0.0898625860192669	-0.0211382079618305	0.000454612579977569	6.96160669935336e-05	0.0455640002522169	0.0539202489527693	0.00835624870055243
0.0121147098510871	0.00367752741624317	0.0934751398919648	0.0725898999614233	-0.0208852399305415	0.000349328584480787	5.45147958666069e-05	0.0317397613076454	0.0360819789168762	0.00434221760923082
-0.00240741081008308	-0.000162810584436472	0.00954228026981612	0.000228486060641698	-0.00931379420917442	-9.47098213673613e-05	-8.62092507658208e-07	0.0102652401568864	2.99374956186062e-05	-0.0102353026612678
0.00617635630307228	0.0024765184773018	0.0414531924788037	0.042294813453411	0.000841620974607313	0.000152936849493787	3.59980940363644e-05	0.0113505953771548	0.0195543297689298	0.00820373439177495
0.0120772800943841	0.00396021383884242	0.0840157123728781	0.0760619491667595	-0.00795376320611861	0.000417509126531925	6.26569254778698e-05	0.0326710297663787	0.042901782434131	0.0102307526677522
0.00743763337550466	0.00294976779311144	0.038753106401261	0.0408828108795577	0.00212970447829671	0.000167006077269793	4.56922837392557e-05	0.008376281219564	0.0202253985416331	0.0118491173220691
-9.1833572278122e-06	-0.000329514824517031	1.99315682691903e-07	0.00156549984763242	0.00156530053194973	1.0148342950487e-05	-7.11404601722305e-06	0.000166792482307694	0.00355417561796427	0.00338738313565657
0.0091794827638454	0.00346092980018383	0.0764375490996668	0.0672912484413578	-0.00914630065830896	0.000248721842168018	6.12452735492088e-05	0.0253791772764762	0.0415361719443696	0.0161569946678933
-0.00211506239624605	-0.000876020231881305	0.00764600783195555	0.00682074412851342	-0.000825263703442137	-6.40236885275816e-05	-1.07459545420386e-05	0.00541828455674535	0.00529792398142106	-0.000120360575324299
0.0118198871023829	0.00285196846321143	0.0983177585360365	0.0459481274621673	-0.0523696310738692	0.000413852470509736	3.44877477120667e-05	0.0398632223307687	0.0169680355068509	-0.0228951868239178
0.00645338928275217	0.00258823888062873	0.0435088554772468	0.0479772562155198	0.00446840073827307	0.000166542554857976	4.75055136761868e-05	0.0128999252654769	0.034402441251317	0.0215025159858401
-0.000497397060065598	-0.000591587885512461	0.000512841577671518	0.00388412405050475	0.00337128247283323	-1.47569836815821e-05	-9.51263844785086e-06	0.000355845677016314	0.00484670442303301	0.00449085874601669
0.0115030489923154	0.00334127469564801	0.0842204183895846	0.0591407368364408	-0.0250796815531438	0.000438033073392152	5.20162108171041e-05	0.0429840871588433	0.0365834686305788	-0.00640061852826453
0.00954554435513462	0.00364081164076031	0.0820229216257453	0.0925629985238175	0.0105400768980722	0.000301682394308565	5.823691334922e-05	0.0333360887510434	0.0554047979384953	0.0220687091874518
0.00990437031010363	0.0028519298448771	0.0524184568477735	0.0394370124045851	-0.0129814444431885	0.000335392973207332	5.05079825231265e-05	0.0182801227573291	0.0263148594109601	0.00803473665363107
0.00715846450062537	0.00248974375979168	0.0483820776878231	0.0424844243935987	-0.00589765329422438	0.000167470364197038	3.27236673393154e-05	0.0111591712646983	0.0190212026734407	0.00786203140874241
0.0111642113695383	0.00399060346480668	0.133170783330378	0.130196868972002	-0.00297391435837596	0.00040447425120174	6.69828759409064e-05	0.0681685962708753	0.096013448066758	0.0278448517958827
0.00934473957034796	0.00336838212963735	0.0641051263712971	0.0636812735379132	-0.000423852833383975	0.000255119030856988	4.76804566924506e-05	0.0175809556513104	0.0279680581899998	0.0103871025386894
0.010532835286037	0.00335445018424893	0.080957243881486	0.0623314598410468	-0.0186257840404392	0.000410355630585305	6.04719510174303e-05	0.0457304697873184	0.0437709684815125	-0.00195950130580597
0.00681332011936014	0.00256458046342083	0.0457459069133546	0.0463199739450806	0.00057406703172598	0.000197786700563865	3.64546652900037e-05	0.0164901576965659	0.0242888905009587	0.00779873280439271
0.0111384266884741	0.0040679559476231	0.105266155890252	0.117033109159196	0.0117669532689436	0.000372805174062934	6.67263090768184e-05	0.0442002916073263	0.0797586228144239	0.0355583312070976
0.0140565588035676	0.0050495465848453	0.131059964304634	0.1307493340011	-0.000310630303533649	0.000389256641845621	7.65904963369806e-05	0.0382752039971611	0.0656863535112108	0.0274111495140497
0.0140592977157804	0.00426303771147903	0.116223812069309	0.0963389324665822	-0.0198848796027269	0.000456052983585811	5.92875444353214e-05	0.0397600284664906	0.0484018711980663	0.00864184273157563
0.0074475361816951	0.00292904860481996	0.0514262636332168	0.0542481147831743	0.00282185114995752	0.000190822112761408	4.58352271759917e-05	0.0151064258501647	0.0304755301694661	0.0153691043193014
-0.000202196291233811	0.000184398654672693	7.48049080291421e-05	0.000305125132536395	0.000230320224507253	-1.26926335495077e-05	3.17879920675007e-06	0.000194702873484251	0.000380053771912011	0.00018535089842776
0.00798669706831171	0.00315124314402295	0.0466804814395574	0.047744385907479	0.00106390446792153	0.000268239939749428	5.85901783388438e-05	0.0204962335402474	0.0355602822668063	0.0150640487265589
0.00803831009228015	0.00345746010938924	0.0576646562472218	0.0694746209688654	0.0118099647216437	0.000219082599718879	5.19816831315936e-05	0.0189763230452241	0.0392748765207346	0.0202985534755104
0.00741113748164275	0.00243320931247462	0.0324515297949197	0.0280121435821405	-0.00443938621277924	0.000191860134406225	3.47880596335166e-05	0.00735520407105839	0.0120845260270078	0.00472932195594939
0.0110272009361042	0.00301535321821687	0.0876448912415864	0.0603588804928896	-0.0272860107486968	0.000492986566874987	4.85358728107096e-05	0.0478683276903616	0.0335678282243483	-0.0143004994660132
0.000530817257258406	-0.000134496486953572	0.00054025203611519	0.0001893306961272	-0.00035092133998799	3.37179435159781e-05	-2.45581289603156e-06	0.00142491298936787	0.000289574724613141	-0.00113533826475473
-0.00086890000982596	0.00030812298268246	0.00155339810064208	0.000871753222258798	-0.000681644878383282	-3.57662681122293e-05	6.8328030336254e-06	0.00226109819150164	0.00218955566646073	-7.15425250409035e-05
0.00752039384172222	0.00326920123663845	0.0535386881433723	0.073057935099641	0.0195192469562686	0.000198854434278754	4.83451456446626e-05	0.0170443140728918	0.0397862722766762	0.0227419582037844
0.00708182103042824	0.00256219879269481	0.0451491309435758	0.0366360186832901	-0.00851311226028564	0.000175055454729973	4.03121617849415e-05	0.0135565455284178	0.0199113512359827	0.00635480570756497
0.0089848426837559	0.0034608724032596	0.080909443650076	0.0856639481889603	0.00475450453888421	0.000265364229208166	5.79149358376523e-05	0.0280584475924665	0.0516907046335595	0.023632257041093
0.0116738782402107	0.00479250148837381	0.0971086644479957	0.114179204864529	0.0170705404165337	0.000394453477696983	8.17099976631852e-05	0.045735952507599	0.0687532017449752	0.0230172492373762
-0.000587043649304734	-0.000407574896552636	0.000608052277242437	0.00120713099520593	0.000599078717963493	-1.75209771826605e-05	-6.15767382675752e-06	0.000433216776131946	0.00114730397459017	0.000714087198458226
0.0101521008457231	0.00313032846088639	0.0819835304501145	0.0613839252063808	-0.0205996052437336	0.000379094515873186	5.12542004845211e-05	0.0428518009370144	0.0397069843845715	-0.00314481655244288
0.00861506319741832	0.00376351964584972	0.0571384807928405	0.0846671402063755	0.027528659413535	0.000230422315143438	7.37875878475268e-05	0.0164952360178075	0.0654925543560678	0.0489973183382603
0.0103522939438321	0.0040485609784317	0.078590798592804	0.0925538588461495	0.0139630602533455	0.000442857847908623	7.25991155882002e-05	0.0443451277449328	0.0681057230890043	0.0237605953440714
0.0117816773177121	0.00431264598458452	0.099878273024272	0.0958997792423026	-0.00397849378196932	0.000298141208382886	6.92617938958331e-05	0.0290702544504943	0.052058046140186	0.0229877916896917
0.0092917039658758	0.00309639291475477	0.0554765483709191	0.0485940352121943	-0.00688251315872483	0.000296099299334639	4.20751572653458e-05	0.0196515431685666	0.0217489513700596	0.00209740820149294
0.0113572732902246	0.00384418714023848	0.100386457920352	0.0901781399937071	-0.0102083179266445	0.00033760476343007	5.90812566740841e-05	0.0361519766089714	0.0488941663088815	0.01274218969991
0.011814742445575	0.00350448183877763	0.0924001399363186	0.0612776627803003	-0.0311224771560183	0.000374090382661853	5.99448599726997e-05	0.0370076762107263	0.0407315870455995	0.0037239108348732
0.0133217016759599	0.00500416052089831	0.117155323636056	0.130649597227568	0.013494273591512	0.000528638413157795	8.33350870703398e-05	0.0624444835921683	0.0889676359874385	0.0265231523952702
0.0097889550316629	0.00275921222104539	0.0646902227458218	0.0422454363316112	-0.0224447864142106	0.000320493597302665	4.64615745005029e-05	0.0262294093476088	0.0299346131022528	0.00370520375464395
0.00842655666052247	0.00338584625307737	0.0642907540102527	0.073164484641415	0.00887373063116222	0.000174957030860355	5.01169917264189e-05	0.014240049669816	0.0380480676502938	0.0238080179804778
0.0123904546496186	0.00420240891052564	0.123527116420784	0.117192439687406	-0.00633467673337786	0.000361484881689452	6.55315735908379e-05	0.0426905364820787	0.0704356082043082	0.0277450717222295
0.00870878491013704	0.00216637209892257	0.051352852164978	0.0255109622642598	-0.0258418899007182	0.000208730972177276	2.80298425923541e-05	0.0103521323240919	0.00899721839302998	-0.00135491393106196
0.00735501539539647	0.00241443238175304	0.0397598203803538	0.0298261035591	-0.00993371682125376	0.000198102262110174	3.89337256025784e-05	0.01234835396188	0.0153970383651375	0.00304868440325755
0.0119735589023585	0.00493564158373017	0.103750917247906	0.125062116856774	0.0213111996088675	0.000288941062852047	8.92678765124993e-05	0.0284420908664347	0.08244414323351	0.0540020523670754
0.00920254242067086	0.00332142151195972	0.0661044619137308	0.0677648307027142	0.00166036878898339	0.000255101219836235	4.90760455186571e-05	0.0204990760059683	0.0354523056593505	0.0149532296533822
0.0108174049875807	0.00352628464892282	0.0754729228678698	0.0704397123468758	-0.00503321052099395	0.000370965804557715	5.61082014901682e-05	0.0296863911119542	0.0411779988550687	0.0114916077431145
0.0089991896422578	0.00346274192527653	0.0720192781209058	0.0698983942159771	-0.00212088390492866	0.000239982949499113	5.94988094830962e-05	0.0226833521980944	0.0413289333136309	0.0186455811155366
0.00963682474140734	0.00345931415872824	0.070291937074637	0.0751868168568394	0.0048948797822024	0.000255299830049238	4.60577464874455e-05	0.0194924692850146	0.0354104771121801	0.0159180078271655
0.010175215666247	0.00320221534566222	0.0631310928188727	0.0490619737128488	-0.0140691191060239	0.00039581855850272	5.48339404793794e-05	0.032444345086621	0.0323190188229378	-0.000125326263683181
