LR1_coefficients_null_raster	LR1_coefficients_layer_R	LR1_R2_null_raster	LR1_R2_layer_R	LR1_Q_layer_R	LR2_coefficients_null_raster	LR2_coefficients_layer_R	LR2_R2_null_raster	LR2_R2_layer_R	LR2_Q_layer_R
0.00900567904249643	0.00128593872671756	0.0852539411500502	0.038389656033117	-0.0468642851169333	0.000249312213201075	1.25528428875254e-05	0.0318336213661083	0.030366332302157	-0.00146728906395126
0.00709261107629482	0.00147612049502685	0.0449666710408697	0.0422923523092145	-0.00267431873165518	0.000224017770843076	1.5883898547086e-05	0.0165605544880432	0.022321875699409	0.00576132121136582
0.00769847013371499	0.00124602807534144	0.0335535666281145	0.0194045083555943	-0.0141490582725202	0.000196993991523941	1.42718192573718e-05	0.00738478822588077	0.0122517246076907	0.00486693638180997
0.0079298758932325	0.00187220820935746	0.055084576564951	0.0631858978661765	0.00810132130122556	0.000188869855617948	2.14538041354292e-05	0.012215939462694	0.0389173340854964	0.0267013946228025
0.0101198371814072	0.00165379970823631	0.06595186519419	0.0364133299991337	-0.0295385351950564	0.000253950686140568	1.67358094750462e-05	0.0153472086003539	0.018417581520767	0.00307037292041318
0.0103815247285852	0.00149672844988829	0.102746853337434	0.0481121541308057	-0.0546346992066283	0.000359120810372496	1.52893330152649e-05	0.0473112432349294	0.0255746532932394	-0.02173658994169
0.00913742416651822	0.00118129890587841	0.0841101821855359	0.0329692361898942	-0.0511409459956417	0.000246866085276892	1.17125344223124e-05	0.0239262214007748	0.0177066147327018	-0.00621960666807309
0.00542119302342565	0.000882557056299377	0.0269398561823459	0.0128183010763705	-0.0141215551059754	0.00017305460116603	1.21754948457903e-05	0.0112881689540197	0.0109630415028464	-0.000325127451173227
0.01539722801696	0.00160327113116449	0.165467990766538	0.0407996702058168	-0.124668320560722	0.000652824867390547	1.59713627891844e-05	0.0927988747130182	0.0195422473034032	-0.0732566274096149
0.010737504343198	0.00077638312910731	0.0585023553875123	0.00781172991131999	-0.0506906254761923	0.000323571059226193	9.37564121479239e-06	0.0190144301448975	0.00666136125389409	-0.0123530688910034
0.00549878992216957	0.00124126685558773	0.0245849513592039	0.0249990430083622	0.00041409164915826	9.87359729298432e-05	1.41448435089454e-05	0.00381890307275877	0.0153661542616644	0.0115472511889057
0.0115261337160456	0.00125863381568033	0.122926690580589	0.0329264152184351	-0.090000275362154	0.000367525632975245	1.40073528764637e-05	0.055723259915491	0.0206380429423999	-0.0350852169730911
0.0127863386901262	0.00220801663657504	0.0995359562127789	0.0652741893408716	-0.0342617668719073	0.000457433698441386	2.7287158255393e-05	0.0457991643310933	0.0474897459833817	0.00169058165228844
0.0100008336131982	0.00109725049819799	0.0844613490272275	0.020323163172846	-0.0641381858543815	0.000288374849994646	1.42201360248783e-05	0.0317780312418189	0.0179098400621829	-0.013868191179636
0.0111541222942896	0.00144957805157025	0.0743417296413102	0.0267869153974764	-0.0475548142438338	0.000322477723366209	1.51448900083141e-05	0.0241370622302761	0.0141072237550017	-0.0100298384752744
0.000783351558969244	0.000395582540987284	0.00116282351688106	0.00233553491838912	0.00117271140150806	2.18234724131565e-05	4.59171498736434e-06	0.000695173986111855	0.00211124502953652	0.00141607104342466
0.00877267361114184	0.00175122815331508	0.0556724246546388	0.0593936838226341	0.00372125916799521	0.00025601475533184	1.87062158102816e-05	0.0159534394381643	0.0361728192800203	0.0202193798418559
0.0115574832127823	0.00137091138939517	0.0953785462426279	0.0301280783667738	-0.0652504678758541	0.00039216720633382	1.61157334005709e-05	0.0410470455932175	0.0224451510164242	-0.0186018945767933
0.00874457227931466	0.00179698257075951	0.0616370359087082	0.0447110516355843	-0.0169259842731239	0.000220282374965409	2.42570699079006e-05	0.0155137885765447	0.032135133406659	0.0166213448301144
0.0138010025868565	0.00122172963955261	0.120164968680673	0.0233891158042843	-0.0967758528763884	0.000457240538488876	1.1294420348029e-05	0.04707667355608	0.0102897417190077	-0.0367869318370723
0.00732603451696526	0.000842853019084429	0.0340578194716023	0.00908656927395093	-0.0249712501976514	0.000175454073976617	7.93990910996761e-06	0.00651692443953273	0.00385466774096026	-0.00266225669857247
0.00923983757470773	0.00177585265991126	0.0731552822760087	0.055757189908706	-0.0173980923673027	0.000233236234231444	2.16650273199446e-05	0.019593422121112	0.0427039447652903	0.0231105226441783
0.0115298829587093	0.00128939846962374	0.0967952936282223	0.0265477942646274	-0.070247499363595	0.000384205908874961	1.47394082733246e-05	0.0463471263200099	0.0190633189937773	-0.0272838073262326
0.00950378985738997	0.0010830512870618	0.0647233213387936	0.0170212658219524	-0.0477020555168412	0.000274852080694606	1.44699035590954e-05	0.0200303267275124	0.0139208199218675	-0.00610950680564486
0.00808775639550999	0.000936072479103088	0.0471747793510105	0.0131092433276826	-0.0340655360233279	0.000191334587806279	1.16013592925637e-05	0.0106573660685388	0.00885900859766448	-0.00179835747087437
0.000172055566317573	9.00134053266685e-05	6.44512320803755e-05	0.00021628776108788	0.000151836529007504	1.4544014468291e-05	1.99549865392279e-06	0.000322030739924693	0.000924080327899405	0.000602049587974712
0.0122532806180355	0.000990834945652712	0.0869044944489116	0.0189284228311949	-0.0679760716177166	0.000435726434191198	6.85259722899596e-06	0.0347461497206748	0.0082015659201251	-0.0265445838005497
0.00781442047339453	0.00120811599408223	0.053647509824598	0.0312984366300286	-0.0223490731945694	0.00025341847669129	1.07457364483317e-05	0.0177349223897723	0.0129045643773529	-0.00483035801241938
0.0111382179985864	0.000983767665077911	0.0855927492099293	0.0125908167392723	-0.073001932470657	0.000398066197785136	1.0350262215226e-05	0.0389847628601244	0.005657648527433	-0.0333271143326914
0.0096871422586595	0.00137756576662448	0.0769642420850322	0.030802714333689	-0.0461615277513431	0.000292557275413538	1.54957840042047e-05	0.0298198109218206	0.0189269220888212	-0.0108928888329994
0.00967355187011707	0.000932004202776404	0.0628763232484028	0.0126877833541124	-0.0501885398942904	0.000310857428258632	1.24560228043405e-05	0.0232677252495418	0.00986448108651969	-0.0134032441630221
0.00907980251524384	0.00122594572029435	0.0517536296777454	0.0204182421370103	-0.0313353875407351	0.000214756229448185	1.29195129380782e-05	0.0113994995185511	0.00971573517172668	-0.00168376434682438
0.0113843060549225	0.00127673396101548	0.0933118304352608	0.0271762538138978	-0.0661355766213631	0.000424943661941255	1.22581276003547e-05	0.0477283033619184	0.0119269750158364	-0.035801328346082
0.00978050094496967	0.00210780115281837	0.0695302223449934	0.0647256260079015	-0.0048045963370919	0.000239373227480533	2.42301276154412e-05	0.017515453111449	0.04481159833841	0.027296145226961
0.00678519885948498	0.00143125301342132	0.0372620822555771	0.0339126419386902	-0.00334944031688689	0.000152564892776077	1.39165255651337e-05	0.00795040119972657	0.0142647717675541	0.00631437056782751
0.0127286359851017	0.00124882063558286	0.133783123697302	0.0329200721843353	-0.100863051512967	0.000502926505743407	1.30189919751974e-05	0.0697977744779401	0.0177650225808995	-0.0520327518970406
0.0112602270594974	0.000739188093928423	0.086547636544227	0.00797776554952369	-0.0785698709947033	0.00037216666430003	9.031292257847e-06	0.0333561130844231	0.0056313236024194	-0.0277247894820037
0.00856683643327433	0.00102265664349552	0.0538787002476506	0.0159191300171801	-0.0379595702304705	0.000245326010949206	1.0229718497002e-05	0.0189437792232228	0.00652933166234361	-0.0124144475608792
0.0136006381239392	0.00216706488404599	0.10018124424252	0.0539069000844404	-0.0462743441580791	0.00042308037735539	2.91089761396664e-05	0.0369190169278085	0.0447991960591395	0.00788017913133107
0.0122864417672659	0.00106356024169558	0.094712685802353	0.0164522311455919	-0.0782604546567611	0.000500757267812108	7.21684151587239e-06	0.0506886843828041	0.00404585960101779	-0.0466428247817864
0.010898687134436	0.000915305240013879	0.0995825312907245	0.0155863628104528	-0.0839961684802717	0.000348666586329737	8.31371141848209e-06	0.0463574759402492	0.00740027001742372	-0.0389572059228254
-0.000533065071626186	3.42243492748483e-05	0.000477026870193344	1.97497994650403e-05	-0.000457277070728304	-3.15358285608135e-05	-1.33605459129456e-06	0.00119088848766585	0.000200018197499461	-0.000990870290166393
0.00946293148923709	0.00197977733115903	0.0633454303610236	0.0562516374736579	-0.00709379288736572	0.000340765876440199	2.39913209862171e-05	0.0295064694750335	0.0330720943960303	0.00356562492099677
0.0100492005824731	0.00228476903486866	0.0681280239122392	0.0747816778079744	0.0066536538957352	0.000386023889704748	3.17959213255583e-05	0.0339833893386279	0.0670213799237637	0.0330379905851358
-0.00197102728477867	1.72729321240607e-05	0.00822042065503412	6.0314221730691e-06	-0.00821438923286105	-8.51260250892255e-05	3.58355699622264e-07	0.0112103974736272	2.08748493703522e-05	-0.0111895226242569
0.0135670651978163	0.00181172904780434	0.117961124199371	0.0497074989773304	-0.0682536252220409	0.000486468128671655	2.31863413303575e-05	0.0491684230916519	0.037406024157826	-0.0117623989338259
0.0112430934604722	0.000941846196780889	0.0872885800098165	0.0126602453431633	-0.0746283346666532	0.000302239388248344	7.57052517087222e-06	0.0270583639543293	0.00377037743999234	-0.0232879865143369
-0.00216576252817825	-0.000798964633817748	0.00817952313914375	0.0116703154173781	0.00349079227823439	-8.80239484732593e-05	-8.92618482930338e-06	0.00927595582557812	0.0125025664137953	0.00322661058821717
0.00775422200172493	0.00104054507470128	0.0543487694729445	0.0218725892211019	-0.0324761802518426	0.000193444000632052	1.19070495156952e-05	0.0146810390823555	0.0173932631998144	0.00271222411745889
0.0116219757620537	0.00162706892968367	0.0844004294624659	0.0431790656486597	-0.0412213638138061	0.000323274684712628	1.96105573983699e-05	0.0240845405256576	0.0349303574237596	0.010845816898102
0.0084593401870678	0.00194956861773974	0.0460409353771091	0.0493916022862084	0.00335066690909934	0.000208135311045554	2.55948217866932e-05	0.0114565359884936	0.0352366170782234	0.0237800810897298
-4.35861404800432e-05	-0.000364694417223878	4.26166840343076e-06	0.0028262173313777	0.00282195566297427	1.47725903942945e-05	-3.86792540332042e-06	0.000336293469163889	0.00262228958277991	0.00228599611361603
0.00982171171265964	0.00123798396846084	0.07880811650395	0.0267262162619349	-0.0520819002420151	0.000261062790642795	1.25205529384648e-05	0.0241705229799365	0.013091176172988	-0.0110793468069485
-0.00163364391984651	-0.000540533821566644	0.00490303054087387	0.00504048583992084	0.000137455299046972	-4.56264716292817e-05	-5.33640260199381e-06	0.00301483572468682	0.00414716771026862	0.0011323319855818
0.0117048524787198	0.00223183600410344	0.09540810379438	0.0712566392107846	-0.0241514645835954	0.000373174415687887	3.09502373428066e-05	0.0356751825341114	0.0617908384380035	0.0261156559038921
0.00689569550109653	0.00103103687096317	0.0488588018341763	0.0247241807480676	-0.0241346210861087	0.000191880076784807	8.19790836453469e-06	0.0165584357286513	0.0102522210240713	-0.00630621470457995
-0.000673382319759763	0.000270192964737989	0.000944978741994723	0.00133109206417325	0.000386113322178522	-2.91315011061923e-05	1.54406436570298e-06	0.0013804974413025	0.00034672613313982	-0.00103377130816268
0.00852478298317885	0.00132996682551472	0.0587776932428248	0.0328849499273878	-0.025892743315437	0.000213048441929108	1.23132285411428e-05	0.0168122602124338	0.0148924517014537	-0.0019198085109801
0.0102723898713271	0.0012815903401121	0.0867860237934003	0.030769747048317	-0.0560162767450833	0.000326765645925349	1.42748130852938e-05	0.034655377016708	0.0177434095297274	-0.0169119674869806
0.0075958867873294	0.00161360965365839	0.0368960110609676	0.0376336506803384	0.000737639619370838	0.000167150317034703	1.89627662246259e-05	0.00757998803163474	0.0248974743902285	0.0173174863585938
0.00757641189795046	0.0011518583893549	0.0576792046257643	0.0292548538128893	-0.028424350812875	0.000197152529062449	1.24873975406693e-05	0.0169444898447681	0.0203097507243428	0.00336526087957463
0.0120022102160223	0.00165323284579233	0.13647168159863	0.0508572625020758	-0.0856144190965537	0.000431928691262112	1.7283470983193e-05	0.068651891756655	0.0275830987876068	-0.0410687929690482
0.00860093165090527	0.00156300249093814	0.0550784429202031	0.0389681766785534	-0.0161102662416497	0.000227958815712676	2.18294426683915e-05	0.0139319492248791	0.0317758640190778	0.0178439147941988
0.0107931362920628	0.00164286587267398	0.0775319511985372	0.0389655759244262	-0.038566375274111	0.000402435646075989	2.10562576429908e-05	0.0386282855468616	0.030272975725343	-0.00835530982151862
0.00866971465400798	0.000718076040701915	0.0654148682882418	0.00901887255287518	-0.0563959957353666	0.000247706955476418	6.9740597899069e-06	0.0222113172713078	0.00480594345886224	-0.0174053738124455
0.0113523767380482	0.00160892707070032	0.104590163212359	0.054369421708485	-0.0502207415038741	0.000381898623327539	1.76662842446173e-05	0.0440358515269514	0.0334433139164815	-0.01059253761047
0.0133067999295546	0.00212035409877521	0.104153225279824	0.064699261083564	-0.0394539641962598	0.0003699176493341	2.16733435113499e-05	0.0295193985109679	0.0320151893915438	0.00249579088057598
0.0127603575871535	0.00202712307480749	0.101462128572555	0.0516813494607403	-0.0497807791118142	0.000419037646606194	2.63373193195138e-05	0.034451176777464	0.0378861209044055	0.00343494412694141
0.00907263960735413	0.00090752532915667	0.0667887849248546	0.0137060715598716	-0.0530827133649831	0.000242134026821809	9.89389339372816e-06	0.0200018973633534	0.00773803099241146	-0.0122638663709419
-0.000269567094868039	0.000540538634479466	0.000140622027643172	0.00442035670937234	0.00427973468172916	-1.20324141059015e-05	7.1729344891238e-06	0.000189488937714282	0.00524344648024389	0.0050539575425296
0.00767730044764493	0.00113374133961892	0.040817999113225	0.0186175322936659	-0.0222004668195591	0.000229782367820772	9.02452786839753e-06	0.0139348017466904	0.00563301037482176	-0.00830179137186864
0.00838864604696551	0.00151551722481537	0.0516980795088798	0.0373889322732692	-0.0143091472356106	0.000225339455947249	1.87724306269864e-05	0.0155519768294338	0.0325338369314046	0.0169818601019708
0.00783661968240131	0.00186302373979653	0.0370335234354283	0.0411684356668412	0.0041349122314129	0.000210294893049397	2.4625783817888e-05	0.00967467377441859	0.0307048147616436	0.021030140987225
0.00944607659284269	0.00146761430323149	0.0717656466312162	0.038255863477747	-0.0335097831534692	0.000306570545318374	2.07230681575196e-05	0.027957903821436	0.0325255099496688	0.00456760612823278
0.000275915141015641	0.000611185195915849	0.00014944288882786	0.00746297091941407	0.00731352803058621	1.94855155508221e-05	6.15660034393287e-06	0.000480683688712799	0.00620518562515329	0.00572450193644049
-0.00110284783910649	0.000207512830505176	0.00242190246631206	0.000753333112837911	-0.00166856935347415	-4.68115002795294e-05	3.9868530837462e-07	0.00362439181281339	2.29943596303403e-05	-0.00360139745318305
0.00787494470623397	0.000533131869865366	0.048649645096	0.00443888879475541	-0.0442107563012446	0.000198835594392912	2.59973560087963e-06	0.0138711841526055	0.00051509531881276	-0.0133560888337928
0.00789561545858381	0.00177047589126093	0.047554420037801	0.0528348623250782	0.0052804422872772	0.00019757824396066	2.15363511041943e-05	0.013858046128644	0.0373218975444252	0.0234638514157812
0.00948077202484212	0.00099393308873359	0.0809392500419913	0.0193191900251223	-0.061620060016869	0.0002913782064242	1.07568670417644e-05	0.0281527678605169	0.0110344363987249	-0.017118331461792
0.0119169330673675	0.00165700994480076	0.0968359410132294	0.0374433013030716	-0.0593926397101579	0.00040334920682633	1.78213840050432e-05	0.0452267266285882	0.0206938129123185	-0.0245329137162696
-0.000670543463407817	0.000105314182728428	0.000851069012499212	0.000219494037986585	-0.000631574974512627	-2.83023951241113e-05	2.45415152482547e-06	0.001170506241828	0.00104544432342769	-0.000125061918400305
0.00947557337378871	0.00118610971589527	0.0655800291014712	0.0259828085069773	-0.039597220594494	0.000350140039873847	1.4084166728519e-05	0.0322432213184287	0.0180243405177759	-0.0142188808006528
0.00887105978544786	0.00128678842612652	0.0545612294157027	0.0257945100320841	-0.0287667193836186	0.000220059065623207	1.3959416660481e-05	0.013946289157774	0.0138927781729159	-5.35109848581062e-05
0.0104274113438242	0.000997775637206388	0.0824163977214882	0.0207244674251447	-0.0616919302963436	0.000460494844534171	1.04479365104106e-05	0.0477996908307128	0.0121099758391767	-0.0356897149915361
0.0113550339325026	0.00135272304681945	0.0938508939943223	0.0249729665405008	-0.0688779274538216	0.000285822952832016	1.74368048324664e-05	0.0258159460857301	0.0174173913734646	-0.00839855471226551
0.00985738255363142	0.00145294912456407	0.0624629207592111	0.0301304818512651	-0.032332438907946	0.000319593395048435	1.67822505870727e-05	0.0227094675905818	0.0236727530282533	0.000963285437671484
0.00917491076731584	0.00156847153433432	0.0714337803035283	0.0429399429259037	-0.0284938373776246	0.000228113348807528	1.97823245387698e-05	0.0210195214048143	0.0377186093358121	0.0166990879309978
0.0130564026522438	0.00124946225161144	0.0991291205952532	0.0240832934100967	-0.0750458271851565	0.000411551070243599	1.44817989323257e-05	0.0378056490262227	0.0180906166488045	-0.0197150323774182
0.0113679207736846	0.00258265718676945	0.0894703367544258	0.0889850339817279	-0.000485302772697857	0.000336778921292107	3.31022431729366e-05	0.0317229337854727	0.0638516932629468	0.0321287594774741
0.0104960980298535	0.00177295258376285	0.0686941210442194	0.0477756960739056	-0.0209184249703138	0.000325844890916193	1.98824301053957e-05	0.0249756630064417	0.0325430437572015	0.0075673807507598
0.00831256954141458	0.00114921331949259	0.060390740826626	0.0260378403842124	-0.0343529004424136	0.000177977712128219	1.17765352553526e-05	0.0134729853467173	0.0139926507651787	0.000519665418461466
0.0116317587625092	0.00136606547955876	0.113290572745187	0.02862486088969	-0.0846657118554967	0.000363699967443779	1.78643643892442e-05	0.0440470119133217	0.0190713020522516	-0.0249757098610702
0.00982163815671806	0.00132039299911325	0.0639805546154289	0.0276608502218865	-0.0363197043935424	0.000287183764128727	1.23260341237205e-05	0.0186592392006456	0.0121560667434324	-0.00650317245721319
0.00805248794776403	0.000857939262366886	0.0433679855184116	0.0117560136852059	-0.0316119718332057	0.00020991471922096	6.19636348885517e-06	0.0123237877429433	0.0034912688923999	-0.00883251885054345
0.0112368427667921	0.00145831573053735	0.0887615366355088	0.0368232955274628	-0.051938241108046	0.000266705946194819	1.307114563114e-05	0.0235941827832593	0.0165804851572741	-0.00701369762598523
0.00938449174017558	0.00101989789916041	0.0627418119459471	0.0186759401635403	-0.0440658717824068	0.000267961808894544	1.37910901146194e-05	0.0194453335097876	0.0169334918267525	-0.00251184168303509
0.0114916473337155	0.00155341132621935	0.0858984122364567	0.0297938172866109	-0.0561045949498458	0.000409576785836808	2.13779755562318e-05	0.0360755391682506	0.0189333979364201	-0.0171421412318305
0.00852387139109723	0.00133787090214784	0.0621153791400839	0.0317282136691291	-0.0303871654709548	0.000207166944026127	1.27803773880174e-05	0.0168600513161654	0.0156111958725344	-0.00124885544363099
0.0100331914153803	0.00151703655704924	0.0704499269131689	0.036430429122115	-0.0340194977910539	0.000264589335838921	1.70101449356282e-05	0.0189572505639068	0.0229302846221611	0.00397303405825426
0.0109928596950869	0.00174712510102179	0.069580821405692	0.0394549834481173	-0.0301258379575748	0.000381146204028994	2.3027143650611e-05	0.0317419344181992	0.0364423018268417	0.00470036740864248
