LR1_coefficients_null_raster	LR1_coefficients_acc_50k_R	LR1_R2_null_raster	LR1_R2_acc_50k_R	LR1_Q_acc_50k_R	LR2_coefficients_null_raster	LR2_coefficients_acc_50k_R	LR2_R2_null_raster	LR2_R2_acc_50k_R	LR2_Q_acc_50k_R
0.00863004999481997	0.000282683884732345	0.0793160921171516	0.0714899942233346	-0.00782609789381697	0.000241644107913695	2.90019683125565e-07	0.0305711388789976	0.0259684205423422	-0.00460271833665538
0.00709261107629482	0.000244027666217028	0.0449666710408697	0.0473841503209387	0.002417479280069	0.000224017770843076	2.39622974505453e-07	0.0165605544880432	0.0132209953127945	-0.00333955917524875
0.00769847013371499	0.000245581505748416	0.0335535666281145	0.0320529926134217	-0.00150057401469287	0.000196993991523941	1.93730106774917e-07	0.00738478822588077	0.00669454772872619	-0.000690240497154583
0.0079298758932325	0.000271220669557948	0.055084576564951	0.0608425856284622	0.00575800906351121	0.000188869855617948	1.7036129645242e-07	0.012215939462694	0.0100689012252499	-0.00214703823744404
0.0101198371814072	0.000303230312609537	0.06595186519419	0.0552707672950721	-0.010681097899118	0.000253950686140568	1.92578971080381e-07	0.0153472086003539	0.0081396434032434	-0.00720756519711046
0.0103815247285852	0.000317853196468988	0.102746853337434	0.0864153734103427	-0.0163314799270913	0.000359120810372496	3.39559392942489e-07	0.0473112432349294	0.0322812108503301	-0.0150300323845993
0.00913742416651822	0.000320042949938089	0.0841101821855359	0.0984151349775548	0.0143049527920189	0.000246866085276892	3.4156889954919e-07	0.0239262214007748	0.0342157291045194	0.0102895077037445
0.00542224878980232	0.000185714807941441	0.0253448912093719	0.0272039647595125	0.00185907355014068	0.00015574062745962	1.70452729354661e-07	0.00805667048913206	0.00788791911413089	-0.000168751375001169
0.01539722801696	0.000438663181492271	0.165467990766538	0.138712243668448	-0.02675574709809	0.000652824867390547	4.71869831703554e-07	0.0927988747130182	0.0586346338458355	-0.0341642408671827
0.010737504343198	0.000349528397299801	0.0585023553875123	0.0583674016414323	-0.000134953746080003	0.000323571059226193	3.33799489718912e-07	0.0190144301448975	0.0174603452829658	-0.00155408486193171
0.00549878992216957	0.000199020254985778	0.0245849513592039	0.0290562530280564	0.00447130166885254	9.87359729298432e-05	1.28552162922749e-07	0.00381890307275877	0.00484490845153129	0.00102600537877252
0.0115261337160456	0.000370254639126261	0.122926690580589	0.116530768409054	-0.0063959221715347	0.000367525632975245	4.57734261514597e-07	0.055723259915491	0.062729438896372	0.00700617898088096
0.0127863386901262	0.000414789308619797	0.0995359562127789	0.0924390588760911	-0.00709689733668784	0.000457433698441386	4.61292155726479e-07	0.0457991643310933	0.0352347415168795	-0.0105644228142138
0.0100008336131982	0.000347518318419898	0.0844613490272275	0.087922290016699	0.00346094098947149	0.000288374849994646	3.70780087404825e-07	0.0317780312418189	0.0357807760844877	0.00400274484266872
0.0111541222942896	0.000352327138055362	0.0743417296413102	0.0668410720605314	-0.00750065758077886	0.000322477723366209	3.18845660493863e-07	0.0241370622302761	0.0184673166084456	-0.00566974562183043
0.000823090258651577	3.9789165377132e-05	0.00128300933645243	0.00210403823768943	0.000821028901236999	2.38672225476078e-05	3.59870037505298e-08	0.000831427147786629	0.00102792962622875	0.000196502478442125
0.00877267361114184	0.000268546102621056	0.0556724246546388	0.0516973061885714	-0.00397511846606745	0.00025601475533184	2.42823100951636e-07	0.0159534394381643	0.0135267312132782	-0.0024267082248861
0.0115574832127823	0.00038023756998373	0.0953785462426279	0.0987842792240715	0.0034057329814436	0.00039216720633382	3.81988509277296e-07	0.0410470455932175	0.037179143821098	-0.00386790177211953
0.00874457227931466	0.000274809837388901	0.0616370359087082	0.0560398086027752	-0.00559722730593305	0.000220282374965409	1.91796989923904e-07	0.0155137885765447	0.0101138636810959	-0.00539992489544877
0.0138010025868565	0.000422857338993777	0.120164968680673	0.103914819013423	-0.01625014966725	0.000457240538488876	4.60542336937018e-07	0.04707667355608	0.0372170240670885	-0.00985964948899153
0.00732603451696526	0.000233236626226085	0.0340578194716023	0.0322450874950939	-0.00181273197650841	0.000175454073976617	1.56412826360472e-07	0.00651692443953273	0.00487190789797596	-0.00164501654155677
0.00923983757470773	0.000322055011991159	0.0731552822760087	0.0748854165269278	0.00173013425091911	0.000233236234231444	2.98901691416304e-07	0.019593422121112	0.021294963986672	0.00170154186555994
0.0115298829587093	0.000379183530566688	0.0967952936282223	0.0893065276880053	-0.00748876594021701	0.000384205908874961	4.27257294761516e-07	0.0463471263200099	0.0368951875314898	-0.00945193878852012
0.00950378985738997	0.000331174636840458	0.0647233213387936	0.0646140163751668	-0.00010930496362685	0.000274852080694606	3.25395303332962e-07	0.0200303267275124	0.0189471727179402	-0.00108315400957221
0.00808775639550999	0.000306578480646148	0.0471747793510105	0.0561576273948879	0.00898284804387746	0.000191334587806279	2.73757335019937e-07	0.0106573660685388	0.013575494474175	0.00291812840563619
0.000229231813855946	-4.40494769388715e-07	0.000115527675331553	3.19841042851679e-07	-0.000115207834288701	1.71640516546885e-05	4.00592485026204e-09	0.000453155641128345	1.41809211077675e-05	-0.000438974720020578
0.0122532806180355	0.000349488771780814	0.0869044944489116	0.0692838873248571	-0.0176206071240545	0.000435726434191198	3.22389288476282e-07	0.0347461497206748	0.0179472149333211	-0.0167989347873538
0.00781442047339453	0.000236162317626464	0.053647509824598	0.0475467681631139	-0.00610074166148411	0.00025341847669129	2.02802296166615e-07	0.0177349223897723	0.0112757097624206	-0.00645921262735169
0.0111382179985864	0.000343316528321108	0.0855927492099293	0.0773467190642965	-0.00824603014563276	0.000398066197785136	3.32944154720953e-07	0.0389847628601244	0.0267840749729061	-0.0122006878872184
0.0096871422586595	0.000323868207249548	0.0769642420850322	0.0750336779928836	-0.00193056409214853	0.000292557275413538	2.95524214828894e-07	0.0298198109218206	0.0230170442205869	-0.00680276670123368
0.00967355187011707	0.000340381650452301	0.0628763232484028	0.0714269235004615	0.00855060025205863	0.000310857428258632	3.66970494127167e-07	0.0232677252495418	0.0265791418038693	0.00331141655432748
0.00907980251524384	0.000305124401893891	0.0517536296777454	0.0537117586706516	0.00195812899290621	0.000214756229448185	2.45828741020145e-07	0.0113994995185511	0.0107914715377202	-0.000608027980830907
0.0113843060549225	0.000367235273583775	0.0933118304352608	0.0951604835428524	0.00184865310759151	0.000424943661941255	4.24018179753389e-07	0.0477283033619184	0.0397094386596123	-0.00801886470230609
0.00978050094496967	0.000353580842853113	0.0695302223449934	0.0820877629323617	0.0125575405873683	0.000239373227480533	2.8811581927891e-07	0.017515453111449	0.020438438057549	0.00292298494610004
0.00797667126521618	0.000276167109689075	0.0457559649242737	0.0513343430120648	0.00557837808779115	0.00023204955651256	3.03948042034238e-07	0.0136166338843748	0.0206957316351413	0.0070790977507665
0.0131920434994623	0.000420722584516207	0.140762968692666	0.136372077288979	-0.00439089140368695	0.000517656632531338	4.69505619080623e-07	0.0731411388990385	0.0572150985345646	-0.0159260403644738
0.0112602270594974	0.000332997333067619	0.086547636544227	0.0664004910649131	-0.0201471454793139	0.00037216666430003	3.56478927480834e-07	0.0333561130844231	0.0225046133515954	-0.0108514997328277
0.00856683643327433	0.000250848321409434	0.0538787002476506	0.0419104887109197	-0.0119682115367309	0.000245326010949206	1.9912862536792e-07	0.0189437792232228	0.0104367206722686	-0.00850705855095426
0.0136006381239392	0.000411612337728409	0.10018124424252	0.077323039139155	-0.0228582051033646	0.00042308037735539	3.60858072639776e-07	0.0369190169278085	0.0193334795547462	-0.0175855373730623
0.0122864417672659	0.00035768959243435	0.094712685802353	0.0788881420172101	-0.0158245437851428	0.000500757267812108	4.25370417364128e-07	0.0506886843828041	0.0337060526349412	-0.016982631747863
0.010898687134436	0.000357608346314167	0.0995825312907245	0.0937201849034692	-0.00586234638725526	0.000348666586329737	3.81915174799765e-07	0.0463574759402492	0.0404298118070413	-0.00592766413320783
-0.000533065071626186	-1.28559013280376e-05	0.000477026870193344	0.000235718449720821	-0.000241308420472523	-3.15358285608135e-05	-3.54499852900509e-08	0.00119088848766585	0.001195881150886	4.99266322014297e-06
0.00946293148923709	0.000315322893644561	0.0633454303610236	0.0655251150107076	0.00217968464968404	0.000340765876440199	3.39191301281727e-07	0.0295064694750335	0.0254021257503408	-0.00410434372469269
0.0100492005824731	0.000329689136525117	0.0681280239122392	0.062978774256215	-0.00514924965602424	0.000386023889704748	4.90614028519909e-07	0.0339833893386279	0.0370260393330785	0.0030426499944506
-0.00197102728477867	-7.64306415273535e-05	0.00822042065503412	0.00941887854372203	0.00119845788868791	-8.51260250892255e-05	-1.09473971254964e-07	0.0112103974736272	0.0116928607223777	0.000482463248750488
0.0135670651978163	0.000430884422297774	0.117961124199371	0.110580770503894	-0.00738035369547772	0.000486468128671655	4.3646898861743e-07	0.0491684230916519	0.0349532886010365	-0.0142151344906155
0.0112430934604722	0.000337983491002709	0.0872885800098165	0.0747729748021376	-0.0125156052076789	0.000302239388248344	3.11941865274151e-07	0.0270583639543293	0.0230057348021043	-0.00405262915222493
-0.00216576252817825	-8.77850832301659e-05	0.00817952313914375	0.00969700949223105	0.00151748635308729	-8.80239484732593e-05	-1.11488885465779e-07	0.00927595582557812	0.00824391602528739	-0.00103203980029073
0.00775422200172493	0.00028895973717034	0.0543487694729445	0.0658581702635944	0.0115094007906499	0.000193444000632052	2.79102383054848e-07	0.0146810390823555	0.0209609010375963	0.00627986195524086
0.0116219757620537	0.000363638404466592	0.0844004294624659	0.0769348033900107	-0.0074656260724552	0.000323274684712628	2.85028958175934e-07	0.0240845405256576	0.0167950950318836	-0.00728944549377397
0.0084593401870678	0.000298450421055887	0.0460409353771091	0.0512426794802416	0.00520174410313246	0.000208135311045554	2.29539263583536e-07	0.0114565359884936	0.0109757147276096	-0.000480821260884005
-4.35861404800432e-05	1.17290535533718e-06	4.26166840343076e-06	2.0708011630931e-06	-2.19086724033765e-06	1.47725903942945e-05	1.95927098779828e-08	0.000336293469163889	0.000302588775421249	-3.37046937426396e-05
0.00982171171265964	0.00033253017753966	0.07880811650395	0.0852479246323029	0.0064398081283529	0.000261062790642795	3.27199673716592e-07	0.0241705229799365	0.0278318391347889	0.00366131615485243
-0.00163364391984651	-5.70753626976709e-05	0.00490303054087387	0.00465912330632825	-0.000243907234545621	-4.56264716292817e-05	-6.09167878542373e-08	0.00301483572468682	0.00365365101220932	0.000638815287522501
0.0117048524787198	0.000404094047994584	0.09540810379438	0.114694364803766	0.0192862610093858	0.000373174415687887	4.50106570394455e-07	0.0356751825341114	0.0477324149639157	0.0120572324298043
0.00689569550109653	0.000218193324922027	0.0488588018341763	0.0442393743854305	-0.00461942744874575	0.000191880076784807	2.0511637810986e-07	0.0165584357286513	0.013620865968421	-0.00293756976023029
-0.000673382319759763	-7.16606172531481e-06	0.000944978741994723	7.85093752724392e-05	-0.000866469366722284	-2.91315011061923e-05	-8.1853434445897e-09	0.0013804974413025	6.24947990391595e-05	-0.00131800264226334
0.00852478298317885	0.000265400022691426	0.0587776932428248	0.0523969844948597	-0.00638070874796506	0.000213048441929108	1.7345657811872e-07	0.0168122602124338	0.00961195275339497	-0.00720030745903884
0.0102723898713271	0.000329554935459009	0.0867860237934003	0.0830950726337118	-0.00369095115968843	0.000326765645925349	3.18101092828938e-07	0.034655377016708	0.0260483028502388	-0.00860707416646921
0.0075958867873294	0.000251868685386869	0.0368960110609676	0.0382118894927913	0.00131587843182371	0.000167150317034703	1.7878946544519e-07	0.00757998803163474	0.00675103320653461	-0.00082895482510013
0.00757641189795046	0.000271638570716146	0.0576792046257643	0.0672142530188116	0.00953504839304736	0.000197152529062449	1.98991154555424e-07	0.0169444898447681	0.0167794388551075	-0.000165050989660621
0.0120022102160223	0.000385194188317731	0.13647168159863	0.11838970420512	-0.0180819773935098	0.000431928691262112	4.72244316603304e-07	0.068651891756655	0.0522275108624016	-0.0164243808942535
0.00860093165090527	0.000293344984057817	0.0550784429202031	0.0605334425628498	0.00545499964264669	0.000227958815712676	2.22664107626021e-07	0.0139319492248791	0.0125246171864825	-0.0014073320383966
0.0107931362920628	0.000339785190870275	0.0775319511985372	0.0755907740925019	-0.00194117710603529	0.000402435646075989	3.2309033514025e-07	0.0386282855468616	0.0272434798076993	-0.0113848057391624
0.00866971465400798	0.00028468001460916	0.0654148682882418	0.064498811672552	-0.000916056615689748	0.000247706955476418	2.67642798668881e-07	0.0222113172713078	0.0206769791069035	-0.00153433816440429
0.0113523767380482	0.000365993524756456	0.104590163212359	0.0962603613089748	-0.00832980190338431	0.000381898623327539	4.38095943084149e-07	0.0440358515269514	0.0401982141805534	-0.00383763734639805
0.0133067999295546	0.00044080830542621	0.104153225279824	0.101291548169469	-0.00286167711035444	0.0003699176493341	3.90418408766259e-07	0.0295193985109679	0.0237002438974142	-0.00581915461355369
0.0127603575871535	0.000434930405116496	0.101462128572555	0.104341969875195	0.00287984130264064	0.000419037646606194	4.66954442761775e-07	0.034451176777464	0.0324344672063354	-0.00201670957112868
0.00907263960735413	0.000340827383686651	0.0667887849248546	0.0824214732699934	0.0156326883451388	0.000242134026821809	4.21479066898818e-07	0.0200018973633534	0.0380388884370939	0.0180369910737406
-0.000269567094868039	5.02214195432449e-06	0.000140622027643172	4.11391137197918e-05	-9.948291392338e-05	-1.20324141059015e-05	1.6750394607946e-08	0.000189488937714282	0.000276018434934326	8.6529497220044e-05
0.00767730044764493	0.000254704062044983	0.040817999113225	0.040317851725995	-0.000500147387230053	0.000229782367820772	2.19759654056094e-07	0.0139348017466904	0.0104368738044528	-0.00349792794223759
0.00838864604696551	0.000269433791953793	0.0516980795088798	0.0492857184762281	-0.00241236103265162	0.000225339455947249	2.32149443901327e-07	0.0155519768294338	0.0127527993629053	-0.00279917746652858
0.00783661968240131	0.00030574575883227	0.0370335234354283	0.0482678613207822	0.0112343378853539	0.000210294893049397	3.60919108718814e-07	0.00967467377441859	0.0181855207056869	0.00851084693126829
0.00944607659284269	0.000303357521615619	0.0717656466312162	0.069150945393408	-0.00261470123780823	0.000306570545318374	2.40724870773425e-07	0.027957903821436	0.017520931652216	-0.0104369721692199
0.000275915141015641	4.6737290654809e-05	0.00014944288882786	0.00323571685321858	0.00308627396439072	1.94855155508221e-05	7.75164471002751e-08	0.000480683688712799	0.00586127781556503	0.00538059412685224
-0.00110284783910649	-4.52185184439525e-05	0.00242190246631206	0.00295360414757034	0.000531701681258279	-4.68115002795294e-05	-8.14145465934831e-08	0.00362439181281339	0.00641049074675974	0.00278609893394635
0.00787494470623397	0.000248223319324962	0.048649645096	0.0434169743113377	-0.00523267078466232	0.000198835594392912	1.92918634918371e-07	0.0138711841526055	0.0117728764845515	-0.00209830766805406
0.00789561545858381	0.000268464949279041	0.047554420037801	0.0517928854802412	0.00423846544244012	0.00019757824396066	2.04154906604162e-07	0.013858046128644	0.0117483272886925	-0.00210971883995154
0.00948077202484212	0.000296846629650815	0.0809392500419913	0.0763235891653685	-0.00461566087662278	0.0002913782064242	2.5391748486795e-07	0.0281527678605169	0.0202728611053129	-0.007879906755204
0.0119169330673675	0.000377963980901397	0.0968359410132294	0.085131756888372	-0.0117041841248574	0.00040334920682633	4.15346611353187e-07	0.0452267266285882	0.0353561499368689	-0.00987057669171926
-0.000670543463407817	1.4165563209653e-05	0.000851069012499212	0.00033658212700839	-0.000514486885490822	-2.83023951241113e-05	2.88566781351327e-08	0.001170506241828	0.00101164845509031	-0.000158857786737689
0.00947557337378871	0.000321259241913985	0.0655800291014712	0.0673612955757151	0.00178126647424387	0.000350140039873847	3.54538704696911e-07	0.0322432213184287	0.0246254201564588	-0.00761780116196981
0.00887105978544786	0.000289271408218134	0.0545612294157027	0.0514752130887303	-0.00308601632697238	0.000220059065623207	2.42418993614128e-07	0.013946289157774	0.0126360354142644	-0.00131025374350961
0.0104274113438242	0.000285222268962726	0.0824163977214882	0.0573924963875534	-0.0250239013339349	0.000460494844534171	3.55991954492372e-07	0.0477996908307128	0.0237044479369711	-0.0240952428937417
0.0113550339325026	0.00037856961436141	0.0938508939943223	0.0923561596240802	-0.00149473437024214	0.000285822952832016	3.0018822403221e-07	0.0258159460857301	0.0218145295910416	-0.00400141649468854
0.00985738255363142	0.000312212256858555	0.0624629207592111	0.0565411430340546	-0.00592177772515655	0.000319593395048435	3.44147206691641e-07	0.0227094675905818	0.0191175414726783	-0.00359192611790349
0.00917491076731584	0.00031502841221143	0.0714337803035283	0.0770423749028662	0.00560859459933788	0.000228113348807528	2.7989699437623e-07	0.0210195214048143	0.0244636643911113	0.00344414298629699
0.0130564026522438	0.000459595103536035	0.0991291205952532	0.115530254188491	0.0164011335932379	0.000411551070243599	5.31588984491664e-07	0.0378056490262227	0.0498336077861397	0.012027958759917
0.0113679207736846	0.000370853824454893	0.0894703367544258	0.0867461939908107	-0.0027241427636151	0.000336778921292107	4.03829964939183e-07	0.0317229337854727	0.0314445555178852	-0.000278378267587524
0.0104960980298535	0.000335758128998221	0.0686941210442194	0.0690666313913949	0.000372510347175475	0.000325844890916193	2.87793027793856e-07	0.0249756630064417	0.0180717690763197	-0.00690389393012207
0.00831256954141458	0.000272742208663904	0.060390740826626	0.0568856082520304	-0.00350513257459562	0.000177977712128219	2.25632537404713e-07	0.0134729853467173	0.0132822479631762	-0.000190737383541036
0.0116317587625092	0.000375352635089169	0.113290572745187	0.10621146550917	-0.00707910723601708	0.000363699967443779	4.30874420155401e-07	0.0440470119133217	0.0454305143844253	0.00138350247110362
0.00982163815671806	0.00029772263780752	0.0639805546154289	0.0577465510916105	-0.00623400352381839	0.000287183764128727	2.36678257952353e-07	0.0186592392006456	0.0121343939895282	-0.00652484521111739
0.00805248794776403	0.000256740465717694	0.0433679855184116	0.0421930167676924	-0.00117496875071922	0.00020991471922096	1.66509579485364e-07	0.0123237877429433	0.00699042876808996	-0.00533335897485338
0.0112368427667921	0.000365026825583742	0.0887615366355088	0.0847454155170952	-0.00401612111841361	0.000266705946194819	3.17691131024187e-07	0.0235941827832593	0.0237299324105094	0.0001357496272501
0.00938449174017558	0.000320469403499173	0.0627418119459471	0.0672600181743233	0.00451820622837616	0.000267961808894544	3.85583670097767e-07	0.0194453335097876	0.0278700140024118	0.00842468049262416
0.0114916473337155	0.000328406602314841	0.0858984122364567	0.071898651794621	-0.0139997604418357	0.000409576785836808	3.22493232134244e-07	0.0360755391682506	0.0232721973793444	-0.0128033417889062
0.00852387139109723	0.000299554309880637	0.0621153791400839	0.068318108713815	0.00620272957373111	0.000207166944026127	2.7089901111092e-07	0.0168600513161654	0.0211067403014459	0.00424668898528054
0.0100331914153803	0.00031100203603382	0.0704499269131689	0.0601098290548461	-0.0103400978583228	0.000264589335838921	2.34087063873517e-07	0.0189572505639068	0.0129311624703274	-0.00602608809357947
0.0109928596950869	0.000370602864823678	0.069580821405692	0.0703916400382587	0.00081081863256667	0.000381146204028994	3.9825903072906e-07	0.0317419344181992	0.0264697073465191	-0.0052722270716801
