LR1_coefficients_null_raster	LR1_coefficients_acc_50k_C	LR1_R2_null_raster	LR1_R2_acc_50k_C	LR1_Q_acc_50k_C	LR2_coefficients_null_raster	LR2_coefficients_acc_50k_C	LR2_R2_null_raster	LR2_R2_acc_50k_C	LR2_Q_acc_50k_C
0.00863004999481997	0.0375490336990045	0.0793160921171516	0.0847934570311505	0.0054773649139989	0.000241644107913695	0.00481856198563826	0.0305711388789976	0.037191670935647	0.00662053205664948
0.00709261107629482	0.0280091067073582	0.0449666710408697	0.0421212470032366	-0.00284542403763309	0.000224017770843076	0.00358458071162119	0.0165605544880432	0.0165621518956218	1.5974075786053e-06
0.00769847013371499	0.0316756098261372	0.0335535666281145	0.0339856738073354	0.000432107179220834	0.000196993991523941	0.00354257788298956	0.00738478822588077	0.00847160056615299	0.00108681234027222
0.0079298758932325	0.0308915799199932	0.055084576564951	0.0480383424491349	-0.00704623411581605	0.000188869855617948	0.00336832315620906	0.012215939462694	0.0121570805261693	-5.88589365246531e-05
0.0101198371814072	0.0451809940928001	0.06595186519419	0.073158582186777	0.00720671699258699	0.000253950686140568	0.00518394461325255	0.0153472086003539	0.0197506103528701	0.00440340175251625
0.0103815247285852	0.0457260635075055	0.102746853337434	0.113129712984686	0.0103828596472521	0.000359120810372496	0.00767125399621924	0.0473112432349294	0.0630070966120203	0.0156958533770909
0.00913742416651822	0.0364422818768178	0.0841101821855359	0.0760893571305379	-0.00802082505499796	0.000246866085276892	0.00455362035068325	0.0239262214007748	0.024842153586546	0.000915932185771105
0.00542224878980232	0.0221518663779064	0.0253448912093719	0.0247684009838388	-0.000576490225533022	0.00015574062745962	0.00257915946394038	0.00805667048913206	0.00768887721764082	-0.000367793271491241
0.01539722801696	0.0659649176880138	0.165467990766538	0.168508440388474	0.00304044962193584	0.000652824867390547	0.0133252432041858	0.0927988747130182	0.113387445683745	0.0205885709707264
0.010737504343198	0.0450430353793322	0.0585023553875123	0.0589491500023463	0.000446794614834024	0.000323571059226193	0.00651389262734549	0.0190144301448975	0.0237339438293814	0.00471951368448385
0.00549878992216957	0.0225281840643007	0.0245849513592039	0.0229192089543338	-0.00166574240487011	9.87359729298432e-05	0.00201386630524251	0.00381890307275877	0.0048639617204356	0.00104505864767683
0.0115261337160456	0.048630921712782	0.122926690580589	0.120228710003477	-0.00269798057711211	0.000367525632975245	0.0062183313770444	0.055723259915491	0.050587658712952	-0.00513560120253903
0.0127863386901262	0.0520634132188197	0.0995359562127789	0.0985557254902974	-0.000980230722481573	0.000457433698441386	0.00846213061871224	0.0457991643310933	0.0531904636712948	0.00739129934020157
0.0100008336131982	0.0400683846851111	0.0844613490272275	0.0807328408950924	-0.00372850813213513	0.000288374849994646	0.00472931732432919	0.0317780312418189	0.0301650578809443	-0.00161297336087468
0.0111541222942896	0.0476735098293781	0.0743417296413102	0.0775735779281735	0.00323184828686332	0.000322477723366209	0.00640921787932078	0.0241370622302761	0.029440038590818	0.00530297636054195
0.000823090258651577	0.00227932544592805	0.00128300933645243	0.000593238107327772	-0.000689771229124655	2.38672225476078e-05	0.000178524245076245	0.000831427147786629	0.000162854546645917	-0.000668572601140712
0.00877267361114184	0.0378653871142529	0.0556724246546388	0.057287131019819	0.00161470636518021	0.00025601475533184	0.00502534412796342	0.0159534394381643	0.0180402142472289	0.00208677480906457
0.0115574832127823	0.0447106490886709	0.0953785462426279	0.0826932343552959	-0.012685311887332	0.00039216720633382	0.00625574276095175	0.0410470455932175	0.0344618409557312	-0.00658520463748633
0.00874457227931466	0.0402011788714864	0.0616370359087082	0.071415320631656	0.00977828472294778	0.000220282374965409	0.00498666305186271	0.0155137885765447	0.0237167910522557	0.00820300247571103
0.0138010025868565	0.0579219121741215	0.120164968680673	0.124676697735908	0.00451172905523556	0.000457240538488876	0.00869834220681238	0.04707667355608	0.0568334142307872	0.00975674067470713
0.00732603451696526	0.0299438315741799	0.0340578194716023	0.033483257739731	-0.000574561731871329	0.000175454073976617	0.00320548403156179	0.00651692443953273	0.00710624812806481	0.00058932368853208
0.00923983757470773	0.0397712575000566	0.0731552822760087	0.0789551608013639	0.00579987852535521	0.000233236234231444	0.00476411099446242	0.019593422121112	0.0261076259359524	0.00651420381484036
0.0115298829587093	0.0482857373872869	0.0967952936282223	0.0966439997263774	-0.000151293901844901	0.000384205908874961	0.00781752742235966	0.0463471263200099	0.056861272843939	0.0105141465239291
0.00950378985738997	0.0386222382007804	0.0647233213387936	0.0650740714840215	0.000350750145227841	0.000274852080694606	0.0048029403173204	0.0200303267275124	0.022298624494506	0.00226829776699363
0.00808775639550999	0.0294189041297159	0.0471747793510105	0.0386468140809471	-0.00852796527006334	0.000191334587806279	0.00260453123970644	0.0106573660685388	0.00773014257584443	-0.00292722349269441
0.000229231813855946	0.00126962540754968	0.000115527675331553	0.000211878479625716	9.63508042941631e-05	1.71640516546885e-05	0.000271722774725451	0.000453155641128345	0.00039226739600115	-6.0888245127195e-05
0.0122532806180355	0.0530895009003932	0.0869044944489116	0.0937647764869059	0.00686028203799428	0.000435726434191198	0.00897467948082825	0.0347461497206748	0.0479632121598679	0.0132170624391931
0.00781442047339453	0.0320467209022157	0.053647509824598	0.054077608218151	0.000430098393552944	0.00025341847669129	0.00418646035907967	0.0177349223897723	0.0183048517257169	0.000569929335944588
0.0111382179985864	0.0460461008769611	0.0855927492099293	0.084349148492385	-0.00124360071754429	0.000398066197785136	0.00755588583166148	0.0389847628601244	0.0433357697496206	0.00435100688949616
0.0096871422586595	0.0393514026360193	0.0769642420850322	0.0747344297207215	-0.0022298123643107	0.000292557275413538	0.00533736884919773	0.0298198109218206	0.0322927868034548	0.00247297588163419
0.00967355187011707	0.0358793363205807	0.0628763232484028	0.0516847848246285	-0.0111915384237743	0.000310857428258632	0.00448353074181587	0.0232677252495418	0.018102379073473	-0.00516534617606883
0.00907980251524384	0.0373088632256211	0.0517536296777454	0.0496563836677576	-0.00209724600998777	0.000214756229448185	0.00424665378759969	0.0113994995185511	0.0138775726626799	0.00247807314412883
0.0113843060549225	0.0454786058794387	0.0933118304352608	0.0834737940385281	-0.00983803639673277	0.000424943661941255	0.00715663776404647	0.0477283033619184	0.0445344619660223	-0.00319384139589609
0.00978050094496967	0.0369942077779292	0.0695302223449934	0.057822410841189	-0.0117078115038044	0.000239373227480533	0.00416926258376213	0.017515453111449	0.0158944499315718	-0.0016210031798772
0.00797667126521618	0.0330374366186379	0.0457559649242737	0.0437288993713352	-0.0020270655529385	0.00023204955651256	0.00442315970067163	0.0136166338843748	0.0140405408990214	0.000423907014646672
0.0131920434994623	0.0528810656216125	0.140762968692666	0.130269179660043	-0.0104937890326226	0.000517656632531338	0.00879883433570871	0.0731411388990385	0.0718485838618015	-0.00129255503723695
0.0112602270594974	0.0505539614108359	0.086547636544227	0.102950790670752	0.0164031541265247	0.00037216666430003	0.00784097000803576	0.0333561130844231	0.0469026848080734	0.0135465717236503
0.00856683643327433	0.0386267945996656	0.0538787002476506	0.0607679342737537	0.00688923402610312	0.000245326010949206	0.0061997072549472	0.0189437792232228	0.0315543630475689	0.0126105838243461
0.0136006381239392	0.0569601599333385	0.10018124424252	0.105457506819749	0.00527626257722943	0.00042308037735539	0.0074493227933771	0.0369190169278085	0.0411457232879591	0.00422670636015061
0.0122864417672659	0.0512179180901725	0.094712685802353	0.0952977486408527	0.000585062838499781	0.000500757267812108	0.00857288284686206	0.0506886843828041	0.0521567502857167	0.00146806590291254
0.010898687134436	0.0445612971011928	0.0995825312907245	0.0987370576490784	-0.000845473641646138	0.000348666586329737	0.00600777768114764	0.0463574759402492	0.0485146070627689	0.00215713112251975
-0.000533065071626186	-0.00259520161428208	0.000477026870193344	0.000625350005846803	0.000148323135653459	-3.15358285608135e-05	-0.000494124014512186	0.00119088848766585	0.000878878459762633	-0.000312010027903221
0.00946293148923709	0.0375435216356478	0.0633454303610236	0.0590481451666523	-0.00429728519437131	0.000340765876440199	0.00539446501884065	0.0295064694750335	0.0278510934331479	-0.00165537604188556
0.0100492005824731	0.040350053328462	0.0681280239122392	0.0647807543376593	-0.0033472695745799	0.000386023889704748	0.00592683302234943	0.0339833893386279	0.0289782890923075	-0.00500510024632038
-0.00197102728477867	-0.00712800339108397	0.00822042065503412	0.00597502053690458	-0.00224540011812954	-8.51260250892255e-05	-0.001329807960936	0.0112103974736272	0.00865111233379113	-0.00255928513983611
0.0135670651978163	0.0552972130743752	0.117961124199371	0.116551901465002	-0.00140922273436885	0.000486468128671655	0.00968602450261103	0.0491684230916519	0.0620205612362435	0.0128521381445915
0.0112430934604722	0.0480167408245115	0.0872885800098165	0.0932153628838334	0.00592678287401692	0.000302239388248344	0.00643852852666139	0.0270583639543293	0.0352604980152818	0.00820213406095254
-0.00216576252817825	-0.00714179756295047	0.00817952313914375	0.00534671567283706	-0.00283280746630669	-8.80239484732593e-05	-0.00126989634169455	0.00927595582557812	0.00709324851572152	-0.0021827073098566
0.00775422200172493	0.0316183300958018	0.0543487694729445	0.049498804468165	-0.00484996500477951	0.000193444000632052	0.0034269109053813	0.0146810390823555	0.0133228783957183	-0.00135816068663712
0.0116219757620537	0.0496971634912422	0.0844004294624659	0.0867300850534821	0.00232965559101624	0.000323274684712628	0.00696211673275466	0.0240845405256576	0.0325924641160478	0.00850792359039017
0.0084593401870678	0.0355976406296428	0.0460409353771091	0.0455755998096987	-0.000465335567410428	0.000208135311045554	0.00431060018293985	0.0114565359884936	0.0144650480179151	0.00300851202942144
-4.35861404800432e-05	-0.000671501358544341	4.26166840343076e-06	6.41381881583226e-05	5.98765197548919e-05	1.47725903942945e-05	-6.78581694816497e-06	0.000336293469163889	2.65883422762002e-07	-0.000336027585741127
0.00982171171265964	0.0406320301793308	0.07880811650395	0.0727063511016546	-0.00610176540229539	0.000261062790642795	0.00484828031314239	0.0241705229799365	0.0235738191688156	-0.000596703811120845
-0.00163364391984651	-0.00715606883656425	0.00490303054087387	0.00533110687283843	0.000428076331964557	-4.56264716292817e-05	-0.000867432057727373	0.00301483572468682	0.00338402153690164	0.000369185812214819
0.0117048524787198	0.0449829021432108	0.09540810379438	0.0770268318995352	-0.0183812718948449	0.000373174415687887	0.00558348136533671	0.0356751825341114	0.0258039313787762	-0.00987125115533519
0.00689569550109653	0.0306344418725534	0.0488588018341763	0.0522255008078476	0.00336669897367132	0.000191880076784807	0.00432844165623908	0.0165584357286513	0.0230853134753632	0.0065268777467119
-0.000673382319759763	-0.00330407440617151	0.000944978741994723	0.00130186889659653	0.000356890154601811	-2.91315011061923e-05	-0.000541157042493625	0.0013804974413025	0.00154654970891012	0.000166052267607623
0.00852478298317885	0.0362636882713614	0.0587776932428248	0.0614614962260154	0.00268380298319059	0.000213048441929108	0.0041247690625119	0.0168122602124338	0.0213033992752221	0.00449113906278831
0.0102723898713271	0.0421534710608895	0.0867860237934003	0.0845926947980639	-0.00219332899533632	0.000326765645925349	0.00639094992361407	0.034655377016708	0.0418196288742267	0.00716425185751866
0.0075958867873294	0.0334240854723462	0.0368960110609676	0.0390416918073346	0.00214568074636702	0.000167150317034703	0.00449362381676104	0.00757998803163474	0.0133175410237391	0.00573755299210438
0.00757641189795046	0.0308006688986043	0.0576792046257643	0.0521231732429516	-0.00555603138281265	0.000197152529062449	0.00369379804318576	0.0169444898447681	0.0175496220651834	0.000605132220415288
0.0120022102160223	0.0517380140027792	0.13647168159863	0.147243084248179	0.0107714026495495	0.000431928691262112	0.00875957746184431	0.068651891756655	0.0884195609456493	0.0197676691889943
0.00860093165090527	0.0351593183801101	0.0550784429202031	0.0516997812543204	-0.00337866166588266	0.000227958815712676	0.00390115088734374	0.0139319492248791	0.0133850744165742	-0.000546874808304855
0.0107931362920628	0.0433296645277662	0.0775319511985372	0.0699727152386435	-0.00755923595989365	0.000402435646075989	0.00786923637816112	0.0386282855468616	0.0409718994546808	0.00234361390781918
0.00866971465400798	0.0363060161360594	0.0654148682882418	0.0632429161398379	-0.00217195214840389	0.000247706955476418	0.00463451336337224	0.0222113172713078	0.0229087457039696	0.000697428432661844
0.0113523767380482	0.0460961733557474	0.104590163212359	0.104366684232419	-0.000223478979940475	0.000381898623327539	0.0067275197957669	0.0440358515269514	0.0488198552434578	0.00478400371650641
0.0133067999295546	0.054552381707101	0.104153225279824	0.101326976504973	-0.00282624877485095	0.0003699176493341	0.00739102890644828	0.0295193985109679	0.0360077534408098	0.00648835492984194
0.0127603575871535	0.0505040619592082	0.101462128572555	0.0972425632613521	-0.00421956531120248	0.000419037646606194	0.00636637124961359	0.034451176777464	0.032943719567521	-0.00150745720994305
0.00907263960735413	0.0363842134107149	0.0667887849248546	0.0606607464696035	-0.0061280384552511	0.000242134026821809	0.00434862915430306	0.0200018973633534	0.0187031099673389	-0.00129878739601449
-0.000269567094868039	-0.000926157594719154	0.000140622027643172	9.65138023194649e-05	-4.41082253237069e-05	-1.20324141059015e-05	-0.000148394927514491	0.000189488937714282	0.000101219271404718	-8.82696663095645e-05
0.00767730044764493	0.0332074975590846	0.040817999113225	0.0430616696704171	0.00224367055719205	0.000229782367820772	0.00482790836808193	0.0139348017466904	0.0191591602514782	0.00522435850478782
0.00838864604696551	0.0363451091437067	0.0516980795088798	0.0531528282748539	0.0014547487659741	0.000225339455947249	0.00449283647462741	0.0155519768294338	0.0189015290811067	0.00334955225167283
0.00783661968240131	0.0289818046571705	0.0370335234354283	0.0308438849854549	-0.00618963844997336	0.000210294893049397	0.00277573226117048	0.00967467377441859	0.0065310591693117	-0.0031436146051069
0.00944607659284269	0.0400228065894419	0.0717656466312162	0.0704133714297885	-0.00135227520142771	0.000306570545318374	0.00672989171459116	0.027957903821436	0.0349688118746371	0.0070109080532011
0.000275915141015641	-0.00159060335991961	0.00014944288882786	0.000306687123630082	0.000157244234802222	1.94855155508221e-05	-0.000241357197185008	0.000480683688712799	0.000273224973047734	-0.000207458715665065
-0.00110284783910649	-0.00362271827770229	0.00242190246631206	0.00147257866817647	-0.000949323798135593	-4.68115002795294e-05	-0.000458320241025039	0.00362439181281339	0.00111525222315081	-0.00250913958966258
0.00787494470623397	0.0351591334047601	0.048649645096	0.0548222403016813	0.00617259520568133	0.000198835594392912	0.00392218857983675	0.0138711841526055	0.0165636271325984	0.0026924429799929
0.00789561545858381	0.0339282031658619	0.047554420037801	0.0455487995234571	-0.00200562051434392	0.00019757824396066	0.00456752773657333	0.013858046128644	0.0180548704193814	0.00419682429073737
0.00948077202484212	0.0406194018390288	0.0809392500419913	0.0818388904051944	0.000899640363203072	0.0002913782064242	0.00617132722869187	0.0281527678605169	0.0361489808461732	0.00799621298565631
0.0119169330673675	0.0518446699482916	0.0968359410132294	0.103484212587494	0.00664827157426422	0.00040334920682633	0.0083730035763338	0.0452267266285882	0.0541688633294925	0.00894213670090433
-0.000670543463407817	-0.00499157613463499	0.000851069012499212	0.00251700142777499	0.00166593241527578	-2.83023951241113e-05	-0.000769064159521727	0.001170506241828	0.00251302737946498	0.00134252113763699
0.00947557337378871	0.0356528687862899	0.0655800291014712	0.0564722866692246	-0.0091077424322466	0.000350140039873847	0.00529850413817044	0.0322432213184287	0.0279507837087991	-0.00429243760962955
0.00887105978544786	0.0394512349632224	0.0545612294157027	0.0617937400698719	0.0072325106541692	0.000220059065623207	0.00508752829462228	0.013946289157774	0.0218416622928545	0.00789537313508058
0.0104274113438242	0.043580660684642	0.0824163977214882	0.0891533628350158	0.00673696511352756	0.000460494844534171	0.0073648100215267	0.0477996908307128	0.0513128648878208	0.00351317405710802
0.0113550339325026	0.047625422957843	0.0938508939943223	0.0935576604380075	-0.000293233556314818	0.000285822952832016	0.00595327973566212	0.0258159460857301	0.0315206866469004	0.00570474056117024
0.00985738255363142	0.0395147520423218	0.0624629207592111	0.0600049302654099	-0.00245799049380122	0.000319593395048435	0.00458008821653418	0.0227094675905818	0.0183469118641796	-0.00436255572640216
0.00917491076731584	0.0395084205576573	0.0714337803035283	0.0709404940893776	-0.000493286214150748	0.000228113348807528	0.00475938806797035	0.0210195214048143	0.0232755093667888	0.00225598796197451
0.0130564026522438	0.051837134457532	0.0991291205952532	0.08719184065398	-0.0119372799412732	0.000411551070243599	0.00708189439204138	0.0378056490262227	0.0337047743041565	-0.00410087472206615
0.0113679207736846	0.0468282596799784	0.0894703367544258	0.0888523504917095	-0.000617986262716322	0.000336778921292107	0.00552221824380448	0.0317229337854727	0.0314268733189231	-0.000296060466549584
0.0104960980298535	0.0420259356669497	0.0686941210442194	0.0622810250850276	-0.0064130959591918	0.000325844890916193	0.00638433445820457	0.0249756630064417	0.0296694836184018	0.00469382061196012
0.00831256954141458	0.0350862399064495	0.060390740826626	0.0606240577938501	0.000233316967224076	0.000177977712128219	0.0035375836020069	0.0134729853467173	0.0156752314871802	0.00220224614046294
0.0116317587625092	0.0483931097596824	0.113290572745187	0.113553119364765	0.000262546619577947	0.000363699967443779	0.0062370044132097	0.0440470119133217	0.0441894892997768	0.000142477386455071
0.00982163815671806	0.0415242461867229	0.0639805546154289	0.0646542776833298	0.000673723067900853	0.000287183764128727	0.00568851115718838	0.0186592392006456	0.0231322651493857	0.00447302594874017
0.00805248794776403	0.0343945347122219	0.0433679855184116	0.043438560239431	7.05747210193938e-05	0.00020991471922096	0.00462959197372607	0.0123237877429433	0.0172051098278079	0.00488132208486452
0.0112368427667921	0.0499128119495687	0.0887615366355088	0.0980242594809357	0.00926272284542685	0.000266705946194819	0.00640326778065131	0.0235941827832593	0.0360585005858458	0.0124643178025866
0.00938449174017558	0.0373756063528194	0.0627418119459471	0.0582822556415855	-0.0044595563043616	0.000267961808894544	0.00462375116056467	0.0194453335097876	0.0188232651206778	-0.000622068389109776
0.0114916473337155	0.0487224229701329	0.0858984122364567	0.0872904604128117	0.00139204817635498	0.000409576785836808	0.00811700382380296	0.0360755391682506	0.0446032669346961	0.00852772776644551
0.00852387139109723	0.0363349971904773	0.0621153791400839	0.0620374537507389	-7.79253893449655e-05	0.000207166944026127	0.0044008898573636	0.0168600513161654	0.0211810544943151	0.00432100317814967
0.0100331914153803	0.043571465214706	0.0704499269131689	0.080559284874113	0.0101093579609441	0.000264589335838921	0.00566540180608561	0.0189572505639068	0.0283620010550538	0.009404750491147
0.0109928596950869	0.043161127624088	0.069580821405692	0.0630740879704786	-0.00650673343521346	0.000381146204028994	0.00680135447219289	0.0317419344181992	0.0323148763226736	0.000572941904474426
