LR1_coefficients_null_raster	LR1_coefficients_acc_50k_C	LR1_R2_null_raster	LR1_R2_acc_50k_C	LR1_Q_acc_50k_C	LR2_coefficients_null_raster	LR2_coefficients_acc_50k_C	LR2_R2_null_raster	LR2_R2_acc_50k_C	LR2_Q_acc_50k_C
0.00863004999481997	0.294928915226118	0.0793160921171516	0.0857639242330628	0.00644783211591121	0.000241644107913695	0.314194689610311	0.0305711388789976	0.0402241173909366	0.00965297851193909
0.00709261107629482	0.212226863311399	0.0449666710408697	0.0404854241204613	-0.00448124692040837	0.000224017770843076	0.211710670430123	0.0165605544880432	0.0160349354162024	-0.000525619071840816
0.00769847013371499	0.239998804785313	0.0335535666281145	0.0331126498019109	-0.000440916826203661	0.000196993991523941	0.207883358237244	0.00738478822588077	0.00823238156189397	0.000847593336013199
0.0079298758932325	0.229261949584003	0.055084576564951	0.0441117051046571	-0.0109728714602939	0.000188869855617948	0.198642645471975	0.012215939462694	0.0112801974043611	-0.000935742058332875
0.0101198371814072	0.35352305179166	0.06595186519419	0.0741115466741224	0.00815968147993239	0.000253950686140568	0.324980278952446	0.0153472086003539	0.0208529055580481	0.00550569695769423
0.0103815247285852	0.35208456766135	0.102746853337434	0.112860124695902	0.0101132713584677	0.000359120810372496	0.471882116750305	0.0473112432349294	0.0649619691811497	0.0176507259462203
0.00913742416651822	0.276092697069374	0.0841101821855359	0.0725482895507594	-0.0115618926347765	0.000246866085276892	0.28038259383452	0.0239262214007748	0.0249357763626095	0.00100955496183468
0.00542224878980232	0.169637995315699	0.0253448912093719	0.0242822338511751	-0.00106265735819675	0.00015574062745962	0.151518909421923	0.00805667048913206	0.00733134812327344	-0.000725322365858624
0.01539722801696	0.496267822654748	0.165467990766538	0.162994939076375	-0.00247305169016301	0.000652824867390547	0.794760913046581	0.0927988747130182	0.115914848488432	0.023115973775414
0.010737504343198	0.342423028121775	0.0585023553875123	0.0573340225594561	-0.00116833282805617	0.000323571059226193	0.397586781606515	0.0190144301448975	0.0243309406580901	0.00531651051319259
0.00549878992216957	0.173836016450366	0.0245849513592039	0.0221331026604412	-0.0024518486987627	9.87359729298432e-05	0.134549485400797	0.00381890307275877	0.00546218487979622	0.00164328180703744
0.0115261337160456	0.378501877338766	0.122926690580589	0.118676991811219	-0.00424969876936965	0.000367525632975245	0.40162507442645	0.055723259915491	0.0529966390539292	-0.00272662086156177
0.0127863386901262	0.398133537215113	0.0995359562127789	0.0968030353718606	-0.00273292084091833	0.000457433698441386	0.517839948134763	0.0457991643310933	0.0544880355340755	0.00868887120298223
0.0100008336131982	0.307394805987754	0.0844613490272275	0.079041219099202	-0.0054201299280255	0.000288374849994646	0.289071878118074	0.0317780312418189	0.0302297623156867	-0.00154826892613219
0.0111541222942896	0.367732983081906	0.0743417296413102	0.0769402316929987	0.0025985020516885	0.000322477723366209	0.399956319977809	0.0241370622302761	0.0307186198877317	0.00658155765745566
0.000823090258651577	0.0152195366278099	0.00128300933645243	0.000432256596524138	-0.00085075273992829	2.38672225476078e-05	0.00615444865496216	0.000831427147786629	5.12064402413823e-05	-0.000780220707545247
0.00877267361114184	0.290949971912549	0.0556724246546388	0.0566391260888999	0.000966701434261044	0.00025601475533184	0.301744826101162	0.0159534394381643	0.0179011010299355	0.00194766159177116
0.0115574832127823	0.334872969947643	0.0953785462426279	0.0781965843864151	-0.0171819618562129	0.00039216720633382	0.361899006478211	0.0410470455932175	0.0322396865216992	-0.00880735907151828
0.00874457227931466	0.315900165037182	0.0616370359087082	0.0724709558639662	0.010833919955258	0.000220282374965409	0.318752588928751	0.0155137885765447	0.0255455551439608	0.0100317665674162
0.0138010025868565	0.445662561857771	0.120164968680673	0.123164483853121	0.00299951517244787	0.000457240538488876	0.533260340864767	0.04707667355608	0.0581410364222438	0.0110643628661638
0.00732603451696526	0.221519745579414	0.0340578194716023	0.0312142972756699	-0.00284352219593241	0.000175454073976617	0.171888442847704	0.00651692443953273	0.0058879990557025	-0.000628925383830231
0.00923983757470773	0.309608723136867	0.0731552822760087	0.0796496164448361	0.00649433416882743	0.000233236234231444	0.29804102514863	0.019593422121112	0.027427446267551	0.00783402414643903
0.0115298829587093	0.36567014386727	0.0967952936282223	0.0932010881617189	-0.00359420546650348	0.000384205908874961	0.478554056777274	0.0463471263200099	0.0578488103276577	0.0115016840076479
0.00950378985738997	0.29510253056852	0.0647233213387936	0.0644877387050437	-0.00023558263374987	0.000274852080694606	0.287971836620676	0.0200303267275124	0.0227088766377699	0.00267854991025747
0.00808775639550999	0.219816158261163	0.0471747793510105	0.036231875483891	-0.0109429038671195	0.000191334587806279	0.152222850741305	0.0106573660685388	0.00721025644925544	-0.0034471096192834
0.000229231813855946	0.0127518275861593	0.000115527675331553	0.00035058252894612	0.000235054853614567	1.71640516546885e-05	0.0192021299990794	0.000453155641128345	0.000521848669169205	6.86930280408592e-05
0.0122532806180355	0.401293138579441	0.0869044944489116	0.0907937286228223	0.00388923417391068	0.000435726434191198	0.535530632649071	0.0347461497206748	0.0479939028457398	0.0132477531250649
0.00781442047339453	0.243612975996001	0.053647509824598	0.0527264686730154	-0.000921041151582605	0.00025341847669129	0.245439266727271	0.0177349223897723	0.0177095571291878	-2.53652605845117e-05
0.0111382179985864	0.349663467877131	0.0855927492099293	0.0819995457819096	-0.00359320342801972	0.000398066197785136	0.463186047964333	0.0389847628601244	0.0440178357547829	0.0050330728946585
0.0096871422586595	0.299331885703217	0.0769642420850322	0.0724583101473222	-0.00450593193771001	0.000292557275413538	0.324387692568294	0.0298198109218206	0.0321194279409977	0.00229961701917712
0.00967355187011707	0.26592613832385	0.0628763232484028	0.0475203552678926	-0.0153559679805102	0.000310857428258632	0.261379065945469	0.0232677252495418	0.0170183355961902	-0.00624938965335167
0.00907980251524384	0.280805372786132	0.0517536296777454	0.0466176217350028	-0.00513600794274263	0.000214756229448185	0.25804365139263	0.0113994995185511	0.0136488798094177	0.00224938029086659
0.0113843060549225	0.342204187989946	0.0933118304352608	0.0784917275157885	-0.0148201029194723	0.000424943661941255	0.42805746966305	0.0477283033619184	0.042865670072714	-0.00486263328920442
0.00978050094496967	0.271822596281704	0.0695302223449934	0.0527009982167362	-0.0168292241282572	0.000239373227480533	0.237373052219251	0.017515453111449	0.0142022765751912	-0.00331317653625775
0.00797667126521618	0.250335902365742	0.0457559649242737	0.041825560498585	-0.00393040442568866	0.00023204955651256	0.271709710198272	0.0136166338843748	0.0140203201052334	0.000403686220858616
0.0131920434994623	0.397645697159942	0.140762968692666	0.122580217591557	-0.0181827511011092	0.000517656632531338	0.516326555720392	0.0731411388990385	0.0679895116977358	-0.00515162720130265
0.0112602270594974	0.394771895004041	0.086547636544227	0.10577634076505	0.0192287042208229	0.00037216666430003	0.490810505504559	0.0333561130844231	0.0500934142995398	0.0167373012151167
0.00856683643327433	0.2962453997117	0.0538787002476506	0.0597671266156972	0.00588842636804662	0.000245326010949206	0.392119289247829	0.0189437792232228	0.0335953827677976	0.0146516035445748
0.0136006381239392	0.439344271893298	0.10018124424252	0.105662192444123	0.00548094820160341	0.00042308037735539	0.451318271771138	0.0369190169278085	0.0418391343242215	0.00492011739641306
0.0122864417672659	0.386534742687252	0.094712685802353	0.0911150733460201	-0.00359761245633282	0.000500757267812108	0.511786098411481	0.0506886843828041	0.0509652330435626	0.000276548660758429
0.010898687134436	0.342548061396044	0.0995825312907245	0.0962402850383537	-0.00334224625237077	0.000348666586329737	0.374184856166349	0.0463574759402492	0.0489030561672528	0.00254558022700364
-0.000533065071626186	-0.0231377443564321	0.000477026870193344	0.00081948227665525	0.000342455406461906	-3.15358285608135e-05	-0.0307178178046561	0.00119088848766585	0.000917040497649571	-0.000273847990016282
0.00946293148923709	0.285063045709247	0.0633454303610236	0.0569495973418125	-0.00639583301921108	0.000340765876440199	0.326095572789295	0.0295064694750335	0.0275233008073047	-0.00198316866772875
0.0100492005824731	0.307064070424228	0.0681280239122392	0.0629769235264742	-0.00515110038576502	0.000386023889704748	0.351657211679272	0.0339833893386279	0.0282279172875765	-0.0057554720510514
-0.00197102728477867	-0.0514052809656922	0.00822042065503412	0.00503786163711284	-0.00318255901792128	-8.51260250892255e-05	-0.0739500026953158	0.0112103974736272	0.00712367039036556	-0.00408672708326168
0.0135670651978163	0.417253684042193	0.117961124199371	0.112976073493069	-0.00498505070630209	0.000486468128671655	0.580142841232244	0.0491684230916519	0.0624015676634302	0.0132331445717783
0.0112430934604722	0.362437124628755	0.0872885800098165	0.0910561072192344	0.00376752720941789	0.000302239388248344	0.398611372589137	0.0270583639543293	0.0367688395898821	0.00971047563555285
-0.00216576252817825	-0.0502832706328347	0.00817952313914375	0.00437323212002843	-0.00380629101911532	-8.80239484732593e-05	-0.0707243630411091	0.00927595582557812	0.00601344136067745	-0.00326251446490067
0.00775422200172493	0.242714844156455	0.0543487694729445	0.0480613113900898	-0.0062874580828547	0.000193444000632052	0.210972385944047	0.0146810390823555	0.0134684797662451	-0.00121255931611032
0.0116219757620537	0.376286926076176	0.0844004294624659	0.0835614120950592	-0.000839017367406644	0.000323274684712628	0.426343506322056	0.0240845405256576	0.0332457730355736	0.00916123250991595
0.0084593401870678	0.275414063079032	0.0460409353771091	0.0448202595466771	-0.00122067583043196	0.000208135311045554	0.266872662040987	0.0114565359884936	0.0146654349730326	0.003208898984539
-4.35861404800432e-05	-0.0048488187134516	4.26166840343076e-06	5.57252703630985e-05	5.14636019596677e-05	1.47725903942945e-05	-0.00265328180362759	0.000336293469163889	1.12138377085747e-05	-0.000325079631455314
0.00982171171265964	0.303667438763007	0.07880811650395	0.067194542722638	-0.011613573781312	0.000261062790642795	0.283839420456141	0.0241705229799365	0.0216572743827343	-0.00251324859720217
-0.00163364391984651	-0.0547288790006662	0.00490303054087387	0.00508932450639471	0.00018629396552084	-4.56264716292817e-05	-0.053832478217223	0.00301483572468682	0.00349430743754546	0.000479471712858636
0.0117048524787198	0.32644006471202	0.09540810379438	0.068138095941346	-0.027270007853034	0.000373174415687887	0.306241585942901	0.0356751825341114	0.0219350284014172	-0.0137401541326942
0.00689569550109653	0.238886763502283	0.0488588018341763	0.051992604894562	0.00313380306038575	0.000191880076784807	0.27502377838333	0.0165584357286513	0.0242687347321036	0.00771029900345233
-0.000673382319759763	-0.0260387876270801	0.000944978741994723	0.0013173598612623	0.000372381119267577	-2.91315011061923e-05	-0.0325565930417492	0.0013804974413025	0.00149109382253708	0.000110596381234584
0.00852478298317885	0.275677430994909	0.0587776932428248	0.0600391497597788	0.00126145651695399	0.000213048441929108	0.243981653646164	0.0168122602124338	0.0211152720856856	0.00430301187325183
0.0102723898713271	0.317165074239944	0.0867860237934003	0.080534323651214	-0.00625170014218622	0.000326765645925349	0.381908838434801	0.034655377016708	0.0409047797520857	0.00624940273537772
0.0075958867873294	0.253324240379193	0.0368960110609676	0.0378069334161227	0.000910922355155067	0.000167150317034703	0.278707887880084	0.00757998803163474	0.0138861246634491	0.00630613663181439
0.00757641189795046	0.235733385568128	0.0576792046257643	0.0497448851676776	-0.00793431945808661	0.000197152529062449	0.224226160205348	0.0169444898447681	0.0169949124963907	5.04226516225281e-05
0.0120022102160223	0.397126707928899	0.13647168159863	0.146883346330048	0.0104116647314188	0.000431928691262112	0.535921502750578	0.068651891756655	0.0922645658009861	0.0236126740443311
0.00860093165090527	0.26819549747138	0.0550784429202031	0.049912921469377	-0.00516552145082606	0.000227958815712676	0.235353272454117	0.0139319492248791	0.0131886158411437	-0.000743333383735422
0.0107931362920628	0.322969922872617	0.0775319511985372	0.0655774280278935	-0.0119545231706436	0.000402435646075989	0.460069481625684	0.0386282855468616	0.0386304782286724	2.19268181073096e-06
0.00866971465400798	0.275774460844651	0.0654148682882418	0.0606670417135338	-0.00474782657470792	0.000247706955476418	0.275083343386233	0.0222113172713078	0.0219519966756791	-0.000259320595628672
0.0113523767380482	0.356101122262027	0.104590163212359	0.104951125462484	0.000360962250124483	0.000381898623327539	0.416247466489891	0.0440358515269514	0.0509126623514885	0.00687681082453713
0.0133067999295546	0.410188755878445	0.104153225279824	0.0965099403034511	-0.00764328497637269	0.0003699176493341	0.447350522417793	0.0295193985109679	0.0356920685772462	0.00617267006627835
0.0127603575871535	0.389102038652256	0.101462128572555	0.0965853968354075	-0.00487673173714703	0.000419037646606194	0.392662592066635	0.034451176777464	0.034559998132818	0.00010882135535397
0.00907263960735413	0.273989328046688	0.0667887849248546	0.0573316288289956	-0.00945715609585908	0.000242134026821809	0.257213253278965	0.0200018973633534	0.0176255769113576	-0.0023763204519958
-0.000269567094868039	-0.00623672023950806	0.000140622027643172	7.15358920194582e-05	-6.90861356237136e-05	-1.20324141059015e-05	-0.00641265967857299	0.000189488937714282	5.06627306958277e-05	-0.000138826207018454
0.00767730044764493	0.25747807087123	0.040817999113225	0.0428898091013198	0.00207180998809483	0.000229782367820772	0.304231846100651	0.0139348017466904	0.0203970655171628	0.00646226377047242
0.00838864604696551	0.28054318257142	0.0516980795088798	0.0519708047488219	0.000272725239942123	0.000225339455947249	0.278973847253024	0.0155519768294338	0.0193344309117621	0.00378245408232828
0.00783661968240131	0.218535634661686	0.0370335234354283	0.0297130552587475	-0.00732046817668082	0.000210294893049397	0.163434503699179	0.00967467377441859	0.00632052655167213	-0.00335414722274647
0.00944607659284269	0.293236446911911	0.0717656466312162	0.063627919211176	-0.00813772742004021	0.000306570545318374	0.394893971025593	0.027957903821436	0.0326398074071161	0.00468190358568014
0.000275915141015641	-0.0163371721531037	0.00014944288882786	0.000533478319328334	0.000384035430500474	1.94855155508221e-05	-0.0193104776945168	0.000480683688712799	0.000476038433145452	-4.64525556734751e-06
-0.00110284783910649	-0.0249881145166917	0.00242190246631206	0.00112133972026771	-0.00130056274604435	-4.68115002795294e-05	-0.0206299189867386	0.00362439181281339	0.000587386012003776	-0.00303700580080961
0.00787494470623397	0.278629502391543	0.048649645096	0.0571152426759834	0.00846559757998338	0.000198835594392912	0.247809836998366	0.0138711841526055	0.0179059570342807	0.00403477288167519
0.00789561545858381	0.258610030836244	0.047554420037801	0.0431442685838546	-0.00441015145394642	0.00019757824396066	0.286425409909004	0.013858046128644	0.0181522110232329	0.00429416489458892
0.00948077202484212	0.309694652707169	0.0809392500419913	0.0789659381158416	-0.00197331192614975	0.0002913782064242	0.373766142592988	0.0281527678605169	0.0358552506254817	0.00770248276496478
0.0119169330673675	0.402182396781176	0.0968359410132294	0.104223663047706	0.00738772203447617	0.00040334920682633	0.519750605328678	0.0452267266285882	0.0558001201917706	0.0105733935631824
-0.000670543463407817	-0.0430496184966993	0.000851069012499212	0.00301877390787384	0.00216770489537463	-2.83023951241113e-05	-0.0497568791320105	0.001170506241828	0.00277174363361309	0.00160123739178509
0.00947557337378871	0.265921943237462	0.0655800291014712	0.0532075745475549	-0.0123724545539163	0.000350140039873847	0.310301289901489	0.0322432213184287	0.0267407344397458	-0.00550248687868285
0.00887105978544786	0.304268604345263	0.0545612294157027	0.0623174380829914	0.00775620866728875	0.000220059065623207	0.318428506697065	0.013946289157774	0.0234287313706631	0.00948244221288917
0.0104274113438242	0.331742754438392	0.0824163977214882	0.0875894778967362	0.00517308017524799	0.000460494844534171	0.442480504721263	0.0477996908307128	0.0519248138135763	0.00412512298286354
0.0113550339325026	0.359189247682735	0.0938508939943223	0.0898864875459087	-0.0039644064484136	0.000285822952832016	0.3569336599975	0.0258159460857301	0.0310428296876073	0.00522688360187718
0.00985738255363142	0.300497089196718	0.0624629207592111	0.0587113882064464	-0.00375153255276477	0.000319593395048435	0.27193667702491	0.0227094675905818	0.0179761914413241	-0.00473327614925772
0.00917491076731584	0.306437949117698	0.0714337803035283	0.0704802435220101	-0.000953536781518188	0.000228113348807528	0.300078368392567	0.0210195214048143	0.0241633217383351	0.00314380033352078
0.0130564026522438	0.387478884815683	0.0991291205952532	0.081263237746627	-0.0178658828486261	0.000411551070243599	0.413260673572009	0.0378056490262227	0.0312235535196813	-0.00658209550654135
0.0113679207736846	0.361060580595607	0.0894703367544258	0.0872979575373296	-0.00217237921709615	0.000336778921292107	0.336722006662854	0.0317229337854727	0.0313989199888633	-0.000324013796609457
0.0104960980298535	0.307466983148129	0.0686941210442194	0.0567834108922853	-0.0119107101519342	0.000325844890916193	0.37764293414592	0.0249756630064417	0.0290439754132493	0.00406831240680757
0.00831256954141458	0.266277304537003	0.060390740826626	0.0586269342526163	-0.00176380657400967	0.000177977712128219	0.212229118512337	0.0134729853467173	0.01556063462508	0.00208764927836272
0.0116317587625092	0.37394399257056	0.113290572745187	0.113203910087065	-8.66626581220026e-05	0.000363699967443779	0.383500580158211	0.0440470119133217	0.0454261619017503	0.00137914998842862
0.00982163815671806	0.319121078294404	0.0639805546154289	0.0638425552290612	-0.000137999386367743	0.000287183764128727	0.355868750907673	0.0186592392006456	0.0245415304275915	0.00588229122694598
0.00805248794776403	0.258510971861528	0.0433679855184116	0.0409206315021463	-0.00244735401626525	0.00020991471922096	0.28400261394103	0.0123237877429433	0.0172410576668433	0.00491726992389998
0.0112368427667921	0.382095530684457	0.0887615366355088	0.0971490636842996	0.00838752704879078	0.000266705946194819	0.405709055488007	0.0235941827832593	0.0389992196774756	0.0154050368942163
0.00938449174017558	0.282538014909362	0.0627418119459471	0.0564384388100231	-0.00630337313592406	0.000267961808894544	0.280563095694405	0.0194453335097876	0.0189811751567785	-0.000464158353009145
0.0114916473337155	0.370807414303996	0.0858984122364567	0.0852182654192414	-0.000680146817215357	0.000409576785836808	0.495781256611558	0.0360755391682506	0.0464782138280188	0.0104026746597682
0.00852387139109723	0.278231160696137	0.0621153791400839	0.0598497636953642	-0.00226561544471963	0.000207166944026127	0.269004150748174	0.0168600513161654	0.0210837443362964	0.004223693020131
0.0100331914153803	0.33865939630546	0.0704499269131689	0.0831344978706957	0.0126845709575268	0.000264589335838921	0.35696563227355	0.0189572505639068	0.0316308581574337	0.0126736075935268
0.0109928596950869	0.320178402398719	0.069580821405692	0.0588602269536998	-0.0107205944519922	0.000381146204028994	0.401925318765822	0.0317419344181992	0.0309514213244959	-0.000790513093703291
