LR1_coefficients_null_raster	LR1_coefficients_SES_affluence_C	LR1_R2_null_raster	LR1_R2_SES_affluence_C	LR1_Q_SES_affluence_C	LR2_coefficients_null_raster	LR2_coefficients_SES_affluence_C	LR2_R2_null_raster	LR2_R2_SES_affluence_C	LR2_Q_SES_affluence_C
0.00900567904249643	0.0935247356923554	0.0852539411500502	0.0884949466143158	0.00324100546426553	0.000249312213201075	0.0258210124928137	0.0318336213661083	0.0331238084778819	0.00129018711177358
0.00709261107629482	0.0738613008776455	0.0449666710408697	0.0479085761972175	0.0029419051563478	0.000224017770843076	0.0234498909696094	0.0165605544880432	0.0182380386326961	0.00167748414465286
0.00769847013371499	0.0810142772183922	0.0335535666281145	0.0356571323206212	0.00210356569250663	0.000196993991523941	0.0217291535849227	0.00738478822588077	0.00863188876860659	0.00124710054272581
0.0079298758932325	0.0824582272019162	0.055084576564951	0.0579715176283256	0.00288694106337462	0.000188869855617948	0.0199716500049725	0.012215939462694	0.0132500577873906	0.00103411832469667
0.0101198371814072	0.110481853791351	0.06595186519419	0.0754937299024891	0.00954186470829904	0.000253950686140568	0.0300630561963917	0.0153472086003539	0.0203457592108256	0.00499855061047171
0.0103815247285852	0.110458985971884	0.102746853337434	0.111222830287994	0.0084759769505599	0.000359120810372496	0.0395772884497813	0.0473112432349294	0.0529931048148095	0.00568186157988009
0.00913742416651822	0.0947727161542402	0.0841101821855359	0.0884794433963857	0.00436926121084986	0.000246866085276892	0.0255388951331648	0.0239262214007748	0.0253949899863083	0.00146876858553342
0.00542119302342565	0.0558304242607736	0.0269398561823459	0.0279445853915467	0.00100472920920079	0.00017305460116603	0.0182244515308439	0.0112881689540197	0.0122193671198989	0.000931198165879263
0.01539722801696	0.160714947965944	0.165467990766538	0.171779047499951	0.00631105673341287	0.000652824867390547	0.0723700348853798	0.0927988747130182	0.102538115680637	0.00973924096761852
0.010737504343198	0.114085742474188	0.0585023553875123	0.063661602198604	0.00515924681109168	0.000323571059226193	0.0363112176537902	0.0190144301448975	0.0222824642443838	0.00326803409948632
0.00549878992216957	0.060268860908455	0.0245849513592039	0.0284634430010282	0.0038784916418243	9.87359729298432e-05	0.0117871594469099	0.00381890307275877	0.00512090082580281	0.00130199775304404
0.0115261337160456	0.119736473145901	0.122926690580589	0.124954109819418	0.00202741923882885	0.000367525632975245	0.0402518972447696	0.055723259915491	0.0604112378953542	0.00468797797986322
0.0127863386901262	0.132574325215097	0.0995359562127789	0.105056907079244	0.00552095086646544	0.000457433698441386	0.0472503577500074	0.0457991643310933	0.0481999464882566	0.00240078215716331
0.0100008336131982	0.103182194506859	0.0844613490272275	0.0867095174055869	0.00224816837835941	0.000288374849994646	0.0296256249038908	0.0317780312418189	0.0323966464262531	0.000618615184434117
0.0111541222942896	0.117241529856649	0.0743417296413102	0.0797193659191015	0.00537763627779127	0.000322477723366209	0.0342281407851313	0.0241370622302761	0.0266656993660247	0.00252863713574866
0.000783351558969244	0.00831741275197337	0.00116282351688106	0.00122611289509979	6.32893782187302e-05	2.18234724131565e-05	0.00200971535601156	0.000695173986111855	0.000545746626491284	-0.000149427359620571
0.00877267361114184	0.0928604509657616	0.0556724246546388	0.0607359397042479	0.00506351504960901	0.00025601475533184	0.0271209664647927	0.0159534394381643	0.017305721007532	0.00135228156936763
0.0115574832127823	0.118622780622068	0.0953785462426279	0.0975315051039802	0.00215295886135225	0.00039216720633382	0.0408672478844189	0.0410470455932175	0.0427203593120128	0.00167331371879528
0.00874457227931466	0.0919230275022016	0.0616370359087082	0.0660913801101678	0.00445434420145963	0.000220282374965409	0.0237911918448092	0.0155137885765447	0.0176666825061414	0.00215289392959671
0.0138010025868565	0.142315723290176	0.120164968680673	0.123537324267118	0.00337235558644537	0.000457240538488876	0.0493003458089205	0.04707667355608	0.051200385161996	0.00412371160591598
0.00732603451696526	0.0805487336026835	0.0340578194716023	0.039468612725918	0.00541079325431572	0.000175454073976617	0.0209214653388156	0.00651692443953273	0.00872018150435796	0.00220325706482523
0.00923983757470773	0.0978095744811996	0.0731552822760087	0.0806973805942661	0.00754209831825736	0.000233236234231444	0.0266907658776747	0.019593422121112	0.0247502514794729	0.00515682935836094
0.0115298829587093	0.120561277061725	0.0967952936282223	0.101420658948966	0.00462536532074363	0.000384205908874961	0.041215026545936	0.0463471263200099	0.049824880000682	0.00347775368067212
0.00950378985738997	0.0998986507391505	0.0647233213387936	0.0687182185726141	0.00399489723382053	0.000274852080694606	0.028899965330217	0.0200303267275124	0.0213332814157904	0.00130295468827799
0.00808775639550999	0.0849604909438328	0.0471747793510105	0.0505835741351381	0.00340879478412762	0.000191334587806279	0.0203355616486812	0.0106573660685388	0.0118072433214657	0.00114987725292682
0.000172055566317573	0.00210665556693134	6.44512320803755e-05	8.8191346300552e-05	2.37401142201765e-05	1.4544014468291e-05	0.0015211320884294	0.000322030739924693	0.000310435172969514	-1.15955669551785e-05
0.0122532806180355	0.129357135696501	0.0869044944489116	0.0929514889166594	0.00604699446774783	0.000435726434191198	0.0478996354059609	0.0347461497206748	0.0395829813165114	0.00483683159583653
0.00781442047339453	0.0808253169074897	0.053647509824598	0.0560180846720637	0.00237057484746564	0.00025341847669129	0.0271200234305049	0.0177349223897723	0.0198362678817423	0.00210134549197004
0.0111382179985864	0.112264156040328	0.0855927492099293	0.084663483091199	-0.000929266118730232	0.000398066197785136	0.0416766321577836	0.0389847628601244	0.0404998246244688	0.00151506176434441
0.0096871422586595	0.0987543037894809	0.0769642420850322	0.0789090457021019	0.00194480361706974	0.000292557275413538	0.0310035908596595	0.0298198109218206	0.0333512536467251	0.00353144272490453
0.00967355187011707	0.0964588393864563	0.0628763232484028	0.0599344280722524	-0.00294189517615048	0.000310857428258632	0.0309768057173355	0.0232677252495418	0.0223109237154152	-0.000956801534126632
0.00907980251524384	0.0946152269710736	0.0517536296777454	0.0554725180418372	0.00371888836409175	0.000214756229448185	0.0228712339103541	0.0113994995185511	0.0128754725871719	0.00147597306862087
0.0113843060549225	0.118599138581848	0.0933118304352608	0.0985944775077846	0.00528264707252377	0.000424943661941255	0.0444450552082889	0.0477283033619184	0.0504529190117635	0.00272461564984516
0.00978050094496967	0.104523333180024	0.0695302223449934	0.0766956292351965	0.00716540689020309	0.000239373227480533	0.0273625036151228	0.017515453111449	0.0211364028225358	0.00362094971108684
0.00678519885948498	0.0741380534843264	0.0372620822555771	0.0429128388310872	0.00565075657551009	0.000152564892776077	0.016402093224571	0.00795040119972657	0.00884610302274498	0.000895701823018404
0.0127286359851017	0.133449683546691	0.133783123697302	0.142781347065922	0.00899822336862008	0.000502926505743407	0.0537317448851006	0.0697977744779401	0.0770752998083148	0.00727752533037462
0.0112602270594974	0.11454812463527	0.086547636544227	0.0879077637394725	0.0013601271952455	0.00037216666430003	0.0387727414307266	0.0333561130844231	0.035538900175445	0.00218278709102188
0.00856683643327433	0.0913412194697306	0.0538787002476506	0.0591936679739128	0.00531496772626221	0.000245326010949206	0.0277606875156028	0.0189437792232228	0.0224575963601305	0.00351381713690773
0.0136006381239392	0.138208267800135	0.10018124424252	0.100698123689137	0.000516879446617352	0.00042308037735539	0.0424136042517182	0.0369190169278085	0.0372243033071414	0.000305286379332928
0.0122864417672659	0.122708954261558	0.094712685802353	0.0925680766634862	-0.0021446091388668	0.000500757267812108	0.0501597731487904	0.0506886843828041	0.0508978179910502	0.000209133608246065
0.010898687134436	0.114896631072198	0.0995825312907245	0.107115778742334	0.00753324745160923	0.000348666586329737	0.0386146548818976	0.0463574759402492	0.0528718260515673	0.00651435011131817
-0.000533065071626186	-0.0058167004602632	0.000477026870193344	0.000527266156961749	5.0239286768405e-05	-3.15358285608135e-05	-0.00325610696056951	0.00119088848766585	0.00114114694440623	-4.97415432596194e-05
0.00946293148923709	0.100113718828932	0.0633454303610236	0.0691497922950411	0.0058043619340175	0.000340765876440199	0.0356537563295926	0.0295064694750335	0.0322421227196641	0.00273565324463064
0.0100492005824731	0.104796047899164	0.0681280239122392	0.0706439750099806	0.00251595109774141	0.000386023889704748	0.0397784962555812	0.0339833893386279	0.0340404858015409	5.70964629129991e-05
-0.00197102728477867	-0.0204261264319915	0.00822042065503412	0.00828634465397684	6.59239989427209e-05	-8.51260250892255e-05	-0.00892037138239425	0.0112103974736272	0.0115389340831291	0.000328536609501901
0.0135670651978163	0.139699522348991	0.117961124199371	0.122557518354267	0.00459639415489531	0.000486468128671655	0.0527858407333071	0.0491684230916519	0.0554585131400207	0.00629009004836876
0.0112430934604722	0.115994763197587	0.0872885800098165	0.0893002374302131	0.00201165742039662	0.000302239388248344	0.0319285393088021	0.0270583639543293	0.0281451403311898	0.00108677637686056
-0.00216576252817825	-0.0219454729233431	0.00817952313914375	0.00793395917191375	-0.00024556396723	-8.80239484732593e-05	-0.00917321680576197	0.00927595582557812	0.00941024990439883	0.000134294078820712
0.00775422200172493	0.0799467516864951	0.0543487694729445	0.0552738437676655	0.000925074294720996	0.000193444000632052	0.0210612484914786	0.0146810390823555	0.0160436445763832	0.00136260549402774
0.0116219757620537	0.122287130464865	0.0844004294624659	0.0888597323422314	0.00445930287976554	0.000323274684712628	0.0357252658426413	0.0240845405256576	0.0269940364970392	0.00290949597138157
0.0084593401870678	0.0880262050970555	0.0460409353771091	0.048537044073593	0.00249610869648388	0.000208135311045554	0.0228195296809347	0.0114565359884936	0.0131729438739993	0.00171640788550563
-4.35861404800432e-05	-0.00091332615124491	4.26166840343076e-06	1.74376895742585e-05	1.31760211708278e-05	1.47725903942945e-05	0.00145289814963029	0.000336293469163889	0.000299581319395854	-3.67121497680349e-05
0.00982171171265964	0.103646599726622	0.07880811650395	0.084266856435191	0.00545873993124106	0.000261062790642795	0.0285326488930514	0.0241705229799365	0.027294351413466	0.00312382843352948
-0.00163364391984651	-0.0167064646913303	0.00490303054087387	0.0047714154723372	-0.000131615068536669	-4.56264716292817e-05	-0.00461172502130271	0.00301483572468682	0.00285429302342522	-0.000160542701261604
0.0117048524787198	0.121612310619355	0.09540810379438	0.097664908187223	0.00225680439284302	0.000373174415687887	0.0410119807771819	0.0356751825341114	0.0392628553224138	0.00358767278830235
0.00689569550109653	0.0730745571098569	0.0488588018341763	0.0529969576200741	0.00413815578589783	0.000191880076784807	0.021091239398788	0.0165584357286513	0.0190415303670352	0.00248309463838396
-0.000673382319759763	-0.00727109836192052	0.000944978741994723	0.00101077326942875	6.57945274340313e-05	-2.91315011061923e-05	-0.00323431712051685	0.0013804974413025	0.00154611885454525	0.000165621413242754
0.00852478298317885	0.0899415299729378	0.0587776932428248	0.0633651032627404	0.00458741001991561	0.000213048441929108	0.0235589948850488	0.0168122602124338	0.0194763761483178	0.00266411593588403
0.0102723898713271	0.110855025753358	0.0867860237934003	0.0972621329554062	0.010476109162006	0.000326765645925349	0.0360747787347457	0.034655377016708	0.04028543958243	0.00563006256572205
0.0075958867873294	0.0819877793100621	0.0368960110609676	0.0406825147434684	0.00378650368250075	0.000167150317034703	0.0199883501739555	0.00757998803163474	0.00956152832563948	0.00198154029400474
0.00757641189795046	0.0803307213845808	0.0576792046257643	0.0614208969719788	0.00374169234621459	0.000197152529062449	0.0217771514514085	0.0169444898447681	0.0190094746033358	0.00206498475856768
0.0120022102160223	0.122806627784699	0.13647168159863	0.134571998389075	-0.00189968320955458	0.000431928691262112	0.0450207940955409	0.068651891756655	0.0681904137818927	-0.0004614779747623
0.00860093165090527	0.0921639422274655	0.0550784429202031	0.0604974282325055	0.00541898531230244	0.000227958815712676	0.0251313362376285	0.0139319492248791	0.0160302555421219	0.00209830631724278
0.0107931362920628	0.114704425984023	0.0775319511985372	0.0816095898736184	0.00407763867508121	0.000402435646075989	0.0439930296471942	0.0386282855468616	0.0410678796386159	0.00243959409175425
0.00866971465400798	0.0889151411289551	0.0654148682882418	0.0660296721279361	0.000614803839694394	0.000247706955476418	0.0258299092312983	0.0222113172713078	0.0226831562904556	0.000471839019147789
0.0113523767380482	0.116201201843782	0.104590163212359	0.10808468876766	0.00349452555530118	0.000381898623327539	0.0401837671000787	0.0440358515269514	0.048354378597409	0.00431852707045761
0.0133067999295546	0.138411357874986	0.104153225279824	0.109798576406821	0.00564535112699718	0.0003699176493341	0.040111040019003	0.0295193985109679	0.0337223704922972	0.00420297198132937
0.0127603575871535	0.134967588989105	0.101462128572555	0.109103098586274	0.00764097001371956	0.000419037646606194	0.044789283042741	0.034451176777464	0.0383750108889756	0.00392383411151154
0.00907263960735413	0.0941634674838061	0.0667887849248546	0.0688032179167957	0.00201443299194107	0.000242134026821809	0.0258498562667645	0.0200018973633534	0.0210442840837823	0.00104238672042888
-0.000269567094868039	-0.00364668454569922	0.000140622027643172	0.000243156452214582	0.000102534424571411	-1.20324141059015e-05	-0.00165383976653141	0.000189488937714282	0.000337324389961197	0.000147835452246915
0.00767730044764493	0.0804123030242415	0.040817999113225	0.0432462464300235	0.00242824731679845	0.000229782367820772	0.0247156523129647	0.0139348017466904	0.0155886009008644	0.00165379915417403
0.00838864604696551	0.0890668331381079	0.0516980795088798	0.0555413405158339	0.00384326100695412	0.000225339455947249	0.0245725640163703	0.0155519768294338	0.0173791800073479	0.00182720317791403
0.00783661968240131	0.0839802877111025	0.0370335234354283	0.040925646000144	0.00389212256471568	0.000210294893049397	0.0236543783650229	0.00967467377441859	0.0113401175055464	0.00166544373112782
0.00944607659284269	0.099797955230136	0.0717656466312162	0.0766230440356457	0.00485739740442945	0.000306570545318374	0.0347046973596239	0.027957903821436	0.0318274942099009	0.00386959038846488
0.000275915141015641	0.0028838477803893	0.00014944288882786	0.000152050362464808	2.60747363694819e-06	1.94855155508221e-05	0.00183701148788861	0.000480683688712799	0.000393734820581119	-8.69488681316805e-05
-0.00110284783910649	-0.0101438446666794	0.00242190246631206	0.00193260008818731	-0.000489302378124753	-4.68115002795294e-05	-0.0044590647731664	0.00362439181281339	0.00309186679631067	-0.000532525016502716
0.00787494470623397	0.0857466609090965	0.048649645096	0.0556617382541565	0.00701209315815646	0.000198835594392912	0.0227850574407897	0.0138711841526055	0.0169321306863046	0.00306094653369911
0.00789561545858381	0.0823029302879246	0.047554420037801	0.0504158059207149	0.00286138588291387	0.00019757824396066	0.0221141370723352	0.013858046128644	0.0163602883584617	0.00250224222981767
0.00948077202484212	0.0978248757945606	0.0809392500419913	0.0830830033367162	0.00214375329472485	0.0002913782064242	0.0310062446508972	0.0281527678605169	0.0303622036253296	0.00220943576481274
0.0119169330673675	0.124191911999918	0.0968359410132294	0.101657943868295	0.00482200285506551	0.00040334920682633	0.0432678514709932	0.0452267266285882	0.0489625389987458	0.00373581237015758
-0.000670543463407817	-0.006267183779953	0.000851069012499212	0.000692593813222828	-0.000158475199276384	-2.83023951241113e-05	-0.00294208091850678	0.001170506241828	0.00115952235885559	-1.09838829724003e-05
0.00947557337378871	0.0961987347659389	0.0655800291014712	0.0653091692951217	-0.000270859806349569	0.000350140039873847	0.0349973131349381	0.0322432213184287	0.0317560228290865	-0.000487198489342124
0.00887105978544786	0.0980320388765711	0.0545612294157027	0.0639733798397958	0.00941215042409312	0.000220059065623207	0.0264785981730772	0.013946289157774	0.018481957876762	0.00453566871898799
0.0104274113438242	0.108947981726529	0.0824163977214882	0.0878509689369694	0.00543457121548115	0.000460494844534171	0.0471795654539458	0.0477996908307128	0.0502501840937115	0.00245049326299873
0.0113550339325026	0.120659390744574	0.0938508939943223	0.101666147254939	0.00781525326061702	0.000285822952832016	0.0325671254756832	0.0258159460857301	0.0310290755142004	0.00521312942847025
0.00985738255363142	0.102078813640383	0.0624629207592111	0.0635936529990443	0.0011307322398332	0.000319593395048435	0.0345275697490505	0.0227094675905818	0.0244400732987393	0.00173060570815755
0.00917491076731584	0.0980246620620429	0.0714337803035283	0.0776123488399638	0.00617856853643549	0.000228113348807528	0.0261675101733527	0.0210195214048143	0.0244733087293265	0.00345378732451226
0.0130564026522438	0.137806176604497	0.0991291205952532	0.106963471770753	0.00783435117550012	0.000411551070243599	0.044833483211964	0.0378056490262227	0.0429302805749732	0.00512463154875049
0.0113679207736846	0.118921542555263	0.0894703367544258	0.0940653757622467	0.00459503900782095	0.000336778921292107	0.0368938761949498	0.0317229337854727	0.0356801700261732	0.00395723624070048
0.0104960980298535	0.109813090890432	0.0686941210442194	0.0724839205304917	0.00378979948627224	0.000325844890916193	0.0345907813124304	0.0249756630064417	0.0271170415411538	0.00214137853471209
0.00831256954141458	0.08768243133881	0.060390740826626	0.0649499028575647	0.00455916203093873	0.000177977712128219	0.0197839997652416	0.0134729853467173	0.0155254373315771	0.00205245198485987
0.0116317587625092	0.120362649891369	0.113290572745187	0.116902870156583	0.00361229741139646	0.000363699967443779	0.0378101373877668	0.0440470119133217	0.0460697286419473	0.00202271672862563
0.00982163815671806	0.10352436447325	0.0639805546154289	0.0688382281621826	0.00485767354675369	0.000287183764128727	0.0322165399963356	0.0186592392006456	0.0222741199597157	0.00361488075907011
0.00805248794776403	0.0879137205773991	0.0433679855184116	0.0494549920915844	0.00608700657317283	0.00020991471922096	0.0243275641397832	0.0123237877429433	0.015309678840386	0.00298589109744265
0.0112368427667921	0.119736806017123	0.0887615366355088	0.0960876988581298	0.00732616222262104	0.000266705946194819	0.0307446315361616	0.0235941827832593	0.0280859743912548	0.0044917916079955
0.00938449174017558	0.0979753613197028	0.0627418119459471	0.0669693755356215	0.00422756358967435	0.000267961808894544	0.0282548345907891	0.0194453335097876	0.0214800279859887	0.00203469447620112
0.0114916473337155	0.12180730852497	0.0858984122364567	0.0923093392987022	0.00641092706224547	0.000409576785836808	0.0456658418486364	0.0360755391682506	0.0414337219805221	0.00535818281227154
0.00852387139109723	0.0897391425762885	0.0621153791400839	0.0668581270097154	0.0047427478696315	0.000207166944026127	0.0231830208562753	0.0168600513161654	0.01978736343354	0.00292731211737464
0.0100331914153803	0.103669064270247	0.0704499269131689	0.0725837138507632	0.00213378693759432	0.000264589335838921	0.028812580364205	0.0189572505639068	0.0208967881380078	0.00193953757410094
0.0109928596950869	0.11411199246262	0.069580821405692	0.071567996644917	0.00198717523922495	0.000381146204028994	0.0410742415826089	0.0317419344181992	0.0339285128450124	0.00218657842681316
