LR1_coefficients_null_raster	LR1_coefficients_lyr.1_R	LR1_R2_null_raster	LR1_R2_lyr.1_R	LR1_Q_lyr.1_R	LR2_coefficients_null_raster	LR2_coefficients_lyr.1_R	LR2_R2_null_raster	LR2_R2_lyr.1_R	LR2_Q_lyr.1_R
0.00900567904249643	0.00900567904249643	0.0852539411500502	0.0852539411500502	0	0.000249312213201075	0.000249312213201075	0.0318336213661083	0.0318336213661083	0
0.00709261107629482	0.00709261107629482	0.0449666710408697	0.0449666710408697	0	0.000224017770843076	0.000224017770843076	0.0165605544880432	0.0165605544880432	0
0.00769847013371499	0.00769847013371499	0.0335535666281145	0.0335535666281145	0	0.000196993991523941	0.000196993991523941	0.00738478822588077	0.00738478822588077	0
0.0079298758932325	0.0079298758932325	0.055084576564951	0.055084576564951	0	0.000188869855617948	0.000188869855617948	0.012215939462694	0.012215939462694	0
0.0101198371814072	0.0101198371814072	0.06595186519419	0.06595186519419	0	0.000253950686140568	0.000253950686140568	0.0153472086003539	0.0153472086003539	0
0.0103815247285852	0.0103815247285852	0.102746853337434	0.102746853337434	0	0.000359120810372496	0.000359120810372496	0.0473112432349294	0.0473112432349294	0
0.00913742416651822	0.00913742416651822	0.0841101821855359	0.0841101821855359	0	0.000246866085276892	0.000246866085276892	0.0239262214007748	0.0239262214007748	0
0.00542119302342565	0.00542119302342565	0.0269398561823459	0.0269398561823459	0	0.00017305460116603	0.00017305460116603	0.0112881689540197	0.0112881689540197	0
0.01539722801696	0.01539722801696	0.165467990766538	0.165467990766538	0	0.000652824867390547	0.000652824867390547	0.0927988747130182	0.0927988747130182	0
0.010737504343198	0.010737504343198	0.0585023553875123	0.0585023553875123	0	0.000323571059226193	0.000323571059226193	0.0190144301448975	0.0190144301448975	0
0.00549878992216957	0.00549878992216957	0.0245849513592039	0.0245849513592039	0	9.87359729298432e-05	9.87359729298432e-05	0.00381890307275877	0.00381890307275877	0
0.0115261337160456	0.0115261337160456	0.122926690580589	0.122926690580589	0	0.000367525632975245	0.000367525632975245	0.055723259915491	0.055723259915491	0
0.0127863386901262	0.0127863386901262	0.0995359562127789	0.0995359562127789	0	0.000457433698441386	0.000457433698441386	0.0457991643310933	0.0457991643310933	0
0.0100008336131982	0.0100008336131982	0.0844613490272275	0.0844613490272275	0	0.000288374849994646	0.000288374849994646	0.0317780312418189	0.0317780312418189	0
0.0111541222942896	0.0111541222942896	0.0743417296413102	0.0743417296413102	0	0.000322477723366209	0.000322477723366209	0.0241370622302761	0.0241370622302761	0
0.000783351558969244	0.000783351558969244	0.00116282351688106	0.00116282351688106	0	2.18234724131565e-05	2.18234724131565e-05	0.000695173986111855	0.000695173986111855	0
0.00877267361114184	0.00877267361114184	0.0556724246546388	0.0556724246546388	0	0.00025601475533184	0.00025601475533184	0.0159534394381643	0.0159534394381643	0
0.0115574832127823	0.0115574832127823	0.0953785462426279	0.0953785462426279	0	0.00039216720633382	0.00039216720633382	0.0410470455932175	0.0410470455932175	0
0.00874457227931466	0.00874457227931466	0.0616370359087082	0.0616370359087082	0	0.000220282374965409	0.000220282374965409	0.0155137885765447	0.0155137885765447	0
0.0138010025868565	0.0138010025868565	0.120164968680673	0.120164968680673	0	0.000457240538488876	0.000457240538488876	0.04707667355608	0.04707667355608	0
0.00732603451696526	0.00732603451696526	0.0340578194716023	0.0340578194716023	0	0.000175454073976617	0.000175454073976617	0.00651692443953273	0.00651692443953273	0
0.00923983757470773	0.00923983757470773	0.0731552822760087	0.0731552822760087	0	0.000233236234231444	0.000233236234231444	0.019593422121112	0.019593422121112	0
0.0115298829587093	0.0115298829587093	0.0967952936282223	0.0967952936282223	0	0.000384205908874961	0.000384205908874961	0.0463471263200099	0.0463471263200099	0
0.00950378985738997	0.00950378985738997	0.0647233213387936	0.0647233213387936	0	0.000274852080694606	0.000274852080694606	0.0200303267275124	0.0200303267275124	0
0.00808775639550999	0.00808775639550999	0.0471747793510105	0.0471747793510105	0	0.000191334587806279	0.000191334587806279	0.0106573660685388	0.0106573660685388	0
0.000172055566317573	0.000172055566317573	6.44512320803755e-05	6.44512320803755e-05	0	1.4544014468291e-05	1.4544014468291e-05	0.000322030739924693	0.000322030739924693	0
0.0122532806180355	0.0122532806180355	0.0869044944489116	0.0869044944489116	0	0.000435726434191198	0.000435726434191198	0.0347461497206748	0.0347461497206748	0
0.00781442047339453	0.00781442047339453	0.053647509824598	0.053647509824598	0	0.00025341847669129	0.00025341847669129	0.0177349223897723	0.0177349223897723	0
0.0111382179985864	0.0111382179985864	0.0855927492099293	0.0855927492099293	0	0.000398066197785136	0.000398066197785136	0.0389847628601244	0.0389847628601244	0
0.0096871422586595	0.0096871422586595	0.0769642420850322	0.0769642420850322	0	0.000292557275413538	0.000292557275413538	0.0298198109218206	0.0298198109218206	0
0.00967355187011707	0.00967355187011707	0.0628763232484028	0.0628763232484028	0	0.000310857428258632	0.000310857428258632	0.0232677252495418	0.0232677252495418	0
0.00907980251524384	0.00907980251524384	0.0517536296777454	0.0517536296777454	0	0.000214756229448185	0.000214756229448185	0.0113994995185511	0.0113994995185511	0
0.0113843060549225	0.0113843060549225	0.0933118304352608	0.0933118304352608	0	0.000424943661941255	0.000424943661941255	0.0477283033619184	0.0477283033619184	0
0.00978050094496967	0.00978050094496967	0.0695302223449934	0.0695302223449934	0	0.000239373227480533	0.000239373227480533	0.017515453111449	0.017515453111449	0
0.00678519885948498	0.00678519885948498	0.0372620822555771	0.0372620822555771	0	0.000152564892776077	0.000152564892776077	0.00795040119972657	0.00795040119972657	0
0.0127286359851017	0.0127286359851017	0.133783123697302	0.133783123697302	0	0.000502926505743407	0.000502926505743407	0.0697977744779401	0.0697977744779401	0
0.0112602270594974	0.0112602270594974	0.086547636544227	0.086547636544227	0	0.00037216666430003	0.00037216666430003	0.0333561130844231	0.0333561130844231	0
0.00856683643327433	0.00856683643327433	0.0538787002476506	0.0538787002476506	0	0.000245326010949206	0.000245326010949206	0.0189437792232228	0.0189437792232228	0
0.0136006381239392	0.0136006381239392	0.10018124424252	0.10018124424252	0	0.00042308037735539	0.00042308037735539	0.0369190169278085	0.0369190169278085	0
0.0122864417672659	0.0122864417672659	0.094712685802353	0.094712685802353	0	0.000500757267812108	0.000500757267812108	0.0506886843828041	0.0506886843828041	0
0.010898687134436	0.010898687134436	0.0995825312907245	0.0995825312907245	0	0.000348666586329737	0.000348666586329737	0.0463574759402492	0.0463574759402492	0
-0.000533065071626186	-0.000533065071626186	0.000477026870193344	0.000477026870193344	0	-3.15358285608135e-05	-3.15358285608135e-05	0.00119088848766585	0.00119088848766585	0
0.00946293148923709	0.00946293148923709	0.0633454303610236	0.0633454303610236	0	0.000340765876440199	0.000340765876440199	0.0295064694750335	0.0295064694750335	0
0.0100492005824731	0.0100492005824731	0.0681280239122392	0.0681280239122392	0	0.000386023889704748	0.000386023889704748	0.0339833893386279	0.0339833893386279	0
-0.00197102728477867	-0.00197102728477867	0.00822042065503412	0.00822042065503412	0	-8.51260250892255e-05	-8.51260250892255e-05	0.0112103974736272	0.0112103974736272	0
0.0135670651978163	0.0135670651978163	0.117961124199371	0.117961124199371	0	0.000486468128671655	0.000486468128671655	0.0491684230916519	0.0491684230916519	0
0.0112430934604722	0.0112430934604722	0.0872885800098165	0.0872885800098165	0	0.000302239388248344	0.000302239388248344	0.0270583639543293	0.0270583639543293	0
-0.00216576252817825	-0.00216576252817825	0.00817952313914375	0.00817952313914375	0	-8.80239484732593e-05	-8.80239484732593e-05	0.00927595582557812	0.00927595582557812	0
0.00775422200172493	0.00775422200172493	0.0543487694729445	0.0543487694729445	0	0.000193444000632052	0.000193444000632052	0.0146810390823555	0.0146810390823555	0
0.0116219757620537	0.0116219757620537	0.0844004294624659	0.0844004294624659	0	0.000323274684712628	0.000323274684712628	0.0240845405256576	0.0240845405256576	0
0.0084593401870678	0.0084593401870678	0.0460409353771091	0.0460409353771091	0	0.000208135311045554	0.000208135311045554	0.0114565359884936	0.0114565359884936	0
-4.35861404800432e-05	-4.35861404800432e-05	4.26166840343076e-06	4.26166840343076e-06	0	1.47725903942945e-05	1.47725903942945e-05	0.000336293469163889	0.000336293469163889	0
0.00982171171265964	0.00982171171265964	0.07880811650395	0.07880811650395	0	0.000261062790642795	0.000261062790642795	0.0241705229799365	0.0241705229799365	0
-0.00163364391984651	-0.00163364391984651	0.00490303054087387	0.00490303054087387	0	-4.56264716292817e-05	-4.56264716292817e-05	0.00301483572468682	0.00301483572468682	0
0.0117048524787198	0.0117048524787198	0.09540810379438	0.09540810379438	0	0.000373174415687887	0.000373174415687887	0.0356751825341114	0.0356751825341114	0
0.00689569550109653	0.00689569550109653	0.0488588018341763	0.0488588018341763	0	0.000191880076784807	0.000191880076784807	0.0165584357286513	0.0165584357286513	0
-0.000673382319759763	-0.000673382319759763	0.000944978741994723	0.000944978741994723	0	-2.91315011061923e-05	-2.91315011061923e-05	0.0013804974413025	0.0013804974413025	0
0.00852478298317885	0.00852478298317885	0.0587776932428248	0.0587776932428248	0	0.000213048441929108	0.000213048441929108	0.0168122602124338	0.0168122602124338	0
0.0102723898713271	0.0102723898713271	0.0867860237934003	0.0867860237934003	0	0.000326765645925349	0.000326765645925349	0.034655377016708	0.034655377016708	0
0.0075958867873294	0.0075958867873294	0.0368960110609676	0.0368960110609676	0	0.000167150317034703	0.000167150317034703	0.00757998803163474	0.00757998803163474	0
0.00757641189795046	0.00757641189795046	0.0576792046257643	0.0576792046257643	0	0.000197152529062449	0.000197152529062449	0.0169444898447681	0.0169444898447681	0
0.0120022102160223	0.0120022102160223	0.13647168159863	0.13647168159863	0	0.000431928691262112	0.000431928691262112	0.068651891756655	0.068651891756655	0
0.00860093165090527	0.00860093165090527	0.0550784429202031	0.0550784429202031	0	0.000227958815712676	0.000227958815712676	0.0139319492248791	0.0139319492248791	0
0.0107931362920628	0.0107931362920628	0.0775319511985372	0.0775319511985372	0	0.000402435646075989	0.000402435646075989	0.0386282855468616	0.0386282855468616	0
0.00866971465400798	0.00866971465400798	0.0654148682882418	0.0654148682882418	0	0.000247706955476418	0.000247706955476418	0.0222113172713078	0.0222113172713078	0
0.0113523767380482	0.0113523767380482	0.104590163212359	0.104590163212359	0	0.000381898623327539	0.000381898623327539	0.0440358515269514	0.0440358515269514	0
0.0133067999295546	0.0133067999295546	0.104153225279824	0.104153225279824	0	0.0003699176493341	0.0003699176493341	0.0295193985109679	0.0295193985109679	0
0.0127603575871535	0.0127603575871535	0.101462128572555	0.101462128572555	0	0.000419037646606194	0.000419037646606194	0.034451176777464	0.034451176777464	0
0.00907263960735413	0.00907263960735413	0.0667887849248546	0.0667887849248546	0	0.000242134026821809	0.000242134026821809	0.0200018973633534	0.0200018973633534	0
-0.000269567094868039	-0.000269567094868039	0.000140622027643172	0.000140622027643172	0	-1.20324141059015e-05	-1.20324141059015e-05	0.000189488937714282	0.000189488937714282	0
0.00767730044764493	0.00767730044764493	0.040817999113225	0.040817999113225	0	0.000229782367820772	0.000229782367820772	0.0139348017466904	0.0139348017466904	0
0.00838864604696551	0.00838864604696551	0.0516980795088798	0.0516980795088798	0	0.000225339455947249	0.000225339455947249	0.0155519768294338	0.0155519768294338	0
0.00783661968240131	0.00783661968240131	0.0370335234354283	0.0370335234354283	0	0.000210294893049397	0.000210294893049397	0.00967467377441859	0.00967467377441859	0
0.00944607659284269	0.00944607659284269	0.0717656466312162	0.0717656466312162	0	0.000306570545318374	0.000306570545318374	0.027957903821436	0.027957903821436	0
0.000275915141015641	0.000275915141015641	0.00014944288882786	0.00014944288882786	0	1.94855155508221e-05	1.94855155508221e-05	0.000480683688712799	0.000480683688712799	0
-0.00110284783910649	-0.00110284783910649	0.00242190246631206	0.00242190246631206	0	-4.68115002795294e-05	-4.68115002795294e-05	0.00362439181281339	0.00362439181281339	0
0.00787494470623397	0.00787494470623397	0.048649645096	0.048649645096	0	0.000198835594392912	0.000198835594392912	0.0138711841526055	0.0138711841526055	0
0.00789561545858381	0.00789561545858381	0.047554420037801	0.047554420037801	0	0.00019757824396066	0.00019757824396066	0.013858046128644	0.013858046128644	0
0.00948077202484212	0.00948077202484212	0.0809392500419913	0.0809392500419913	0	0.0002913782064242	0.0002913782064242	0.0281527678605169	0.0281527678605169	0
0.0119169330673675	0.0119169330673675	0.0968359410132294	0.0968359410132294	0	0.00040334920682633	0.00040334920682633	0.0452267266285882	0.0452267266285882	0
-0.000670543463407817	-0.000670543463407817	0.000851069012499212	0.000851069012499212	0	-2.83023951241113e-05	-2.83023951241113e-05	0.001170506241828	0.001170506241828	0
0.00947557337378871	0.00947557337378871	0.0655800291014712	0.0655800291014712	0	0.000350140039873847	0.000350140039873847	0.0322432213184287	0.0322432213184287	0
0.00887105978544786	0.00887105978544786	0.0545612294157027	0.0545612294157027	0	0.000220059065623207	0.000220059065623207	0.013946289157774	0.013946289157774	0
0.0104274113438242	0.0104274113438242	0.0824163977214882	0.0824163977214882	0	0.000460494844534171	0.000460494844534171	0.0477996908307128	0.0477996908307128	0
0.0113550339325026	0.0113550339325026	0.0938508939943223	0.0938508939943223	0	0.000285822952832016	0.000285822952832016	0.0258159460857301	0.0258159460857301	0
0.00985738255363142	0.00985738255363142	0.0624629207592111	0.0624629207592111	0	0.000319593395048435	0.000319593395048435	0.0227094675905818	0.0227094675905818	0
0.00917491076731584	0.00917491076731584	0.0714337803035283	0.0714337803035283	0	0.000228113348807528	0.000228113348807528	0.0210195214048143	0.0210195214048143	0
0.0130564026522438	0.0130564026522438	0.0991291205952532	0.0991291205952532	0	0.000411551070243599	0.000411551070243599	0.0378056490262227	0.0378056490262227	0
0.0113679207736846	0.0113679207736846	0.0894703367544258	0.0894703367544258	0	0.000336778921292107	0.000336778921292107	0.0317229337854727	0.0317229337854727	0
0.0104960980298535	0.0104960980298535	0.0686941210442194	0.0686941210442194	0	0.000325844890916193	0.000325844890916193	0.0249756630064417	0.0249756630064417	0
0.00831256954141458	0.00831256954141458	0.060390740826626	0.060390740826626	0	0.000177977712128219	0.000177977712128219	0.0134729853467173	0.0134729853467173	0
0.0116317587625092	0.0116317587625092	0.113290572745187	0.113290572745187	0	0.000363699967443779	0.000363699967443779	0.0440470119133217	0.0440470119133217	0
0.00982163815671806	0.00982163815671806	0.0639805546154289	0.0639805546154289	0	0.000287183764128727	0.000287183764128727	0.0186592392006456	0.0186592392006456	0
0.00805248794776403	0.00805248794776403	0.0433679855184116	0.0433679855184116	0	0.00020991471922096	0.00020991471922096	0.0123237877429433	0.0123237877429433	0
0.0112368427667921	0.0112368427667921	0.0887615366355088	0.0887615366355088	0	0.000266705946194819	0.000266705946194819	0.0235941827832593	0.0235941827832593	0
0.00938449174017558	0.00938449174017558	0.0627418119459471	0.0627418119459471	0	0.000267961808894544	0.000267961808894544	0.0194453335097876	0.0194453335097876	0
0.0114916473337155	0.0114916473337155	0.0858984122364567	0.0858984122364567	0	0.000409576785836808	0.000409576785836808	0.0360755391682506	0.0360755391682506	0
0.00852387139109723	0.00852387139109723	0.0621153791400839	0.0621153791400839	0	0.000207166944026127	0.000207166944026127	0.0168600513161654	0.0168600513161654	0
0.0100331914153803	0.0100331914153803	0.0704499269131689	0.0704499269131689	0	0.000264589335838921	0.000264589335838921	0.0189572505639068	0.0189572505639068	0
0.0109928596950869	0.0109928596950869	0.069580821405692	0.069580821405692	0	0.000381146204028994	0.000381146204028994	0.0317419344181992	0.0317419344181992	0
