LR1_coefficients_null_raster	LR1_coefficients_SES_affluence_C	LR1_R2_null_raster	LR1_R2_SES_affluence_C	LR1_Q_SES_affluence_C	LR2_coefficients_null_raster	LR2_coefficients_SES_affluence_C	LR2_R2_null_raster	LR2_R2_SES_affluence_C	LR2_Q_SES_affluence_C
0.00900567904249643	0.034880679222978	0.0852539411500502	0.0165834875997237	-0.0686704535503266	0.000249312213201075	0.00179248177725913	0.0318336213661083	0.0013228658978664	-0.0305107554682419
0.00709261107629482	0.0313532895063117	0.0449666710408697	0.0139664219536517	-0.031000249087218	0.000224017770843076	-0.000163592536090415	0.0165605544880432	8.9644665055184e-06	-0.0165515900215377
0.00769847013371499	0.0284035144556567	0.0335535666281145	0.00721848720007022	-0.0263350794280443	0.000196993991523941	0.001385876809129	0.00738478822588077	0.000519459288936439	-0.00686532893694434
0.0079298758932325	0.020559298362024	0.055084576564951	0.00612511105102776	-0.0489594655139232	0.000188869855617948	-7.26461560792561e-05	0.012215939462694	3.18385064195927e-06	-0.012212755612052
0.0101198371814072	0.0231743597290106	0.06595186519419	0.00475715778226558	-0.0611947074119245	0.000253950686140568	-0.000976685765535617	0.0153472086003539	0.000408727725859869	-0.014938480874494
0.0103815247285852	0.0334955035271246	0.102746853337434	0.0124909712938275	-0.0902558820436065	0.000359120810372496	0.00124693504014287	0.0473112432349294	0.000492459350586895	-0.0468187838843425
0.00913742416651822	0.0213416697027101	0.0841101821855359	0.0050763437170722	-0.0790338384684637	0.000246866085276892	0.000787741090345078	0.0239262214007748	0.000102041022902471	-0.0238241803778724
0.00542119302342565	0.012779313637888	0.0269398561823459	0.00180293749811953	-0.0251369186842264	0.00017305460116603	-0.00168412012663382	0.0112881689540197	0.000438675644149933	-0.0108494933098697
0.01539722801696	0.0560930077413027	0.165467990766538	0.0325364216752451	-0.132931569091293	0.000652824867390547	0.00627411030446694	0.0927988747130182	0.00543172969895026	-0.0873671450140679
0.010737504343198	0.034733132685263	0.0585023553875123	0.0093663690423467	-0.0491359863451656	0.000323571059226193	0.00139942732062328	0.0190144301448975	0.000575617283063858	-0.0184388128618337
0.00549878992216957	0.0296542903407249	0.0245849513592039	0.00822884297349112	-0.0163561083857128	9.87359729298432e-05	0.00156777664635849	0.00381890307275877	0.000652974457360956	-0.00316592861539782
0.0115261337160456	0.0196193802723163	0.122926690580589	0.00583772154807502	-0.117088969032514	0.000367525632975245	-0.000299601498540321	0.055723259915491	1.5258745728906e-05	-0.0557080011697621
0.0127863386901262	0.0433755451038049	0.0995359562127789	0.0188827870428142	-0.0806531691699647	0.000457433698441386	0.00303427507318626	0.0457991643310933	0.00348632622599535	-0.0423128381050979
0.0100008336131982	0.0344135388993233	0.0844613490272275	0.0181274001479974	-0.0663339488792301	0.000288374849994646	0.00242693630148837	0.0317780312418189	0.00263059522538407	-0.0291474360164349
0.0111541222942896	0.0116641288334821	0.0743417296413102	0.00161265025805542	-0.0727290793832548	0.000322477723366209	-0.000927459297801014	0.0241370622302761	0.000345227886982458	-0.0237918343432936
0.000783351558969244	0.00481378506730345	0.00116282351688106	0.000943333289899641	-0.000219490226981423	2.18234724131565e-05	0.00054249973110904	0.000695173986111855	0.000758790087515275	6.36161014034203e-05
0.00877267361114184	0.0309119006270957	0.0556724246546388	0.0086586460539139	-0.047013778600725	0.00025601475533184	0.000989105100799852	0.0159534394381643	0.000302442711438858	-0.0156509967267255
0.0115574832127823	0.0450198502354304	0.0953785462426279	0.020374789574456	-0.0750037566681719	0.00039216720633382	0.00133576176976053	0.0410470455932175	0.000754055068117494	-0.0402929905251
0.00874457227931466	0.0136185999653956	0.0616370359087082	0.0023793323243319	-0.0592577035843763	0.000220282374965409	-0.00127460712968311	0.0155137885765447	0.000308962904494647	-0.01520482567205
0.0138010025868565	0.038331363985929	0.120164968680673	0.0235655233967634	-0.0965994452839092	0.000457240538488876	0.00367613667767451	0.04707667355608	0.00648841622587324	-0.0405882573302068
0.00732603451696526	0.0225357172528303	0.0340578194716023	0.00485078494840483	-0.0292070345231975	0.000175454073976617	0.000309588801220658	0.00651692443953273	3.57645710729929e-05	-0.00648115986845974
0.00923983757470773	0.0295091431827944	0.0731552822760087	0.00953212692048596	-0.0636231553555228	0.000233236234231444	-0.000466424202158401	0.019593422121112	0.000102574138220774	-0.0194908479828912
0.0115298829587093	0.025188241040301	0.0967952936282223	0.0104485041448152	-0.0863467894834071	0.000384205908874961	0.000911670838033041	0.0463471263200099	0.000500111197176209	-0.0458470151228337
0.00950378985738997	0.0580805372356752	0.0647233213387936	0.0304192224914186	-0.034304098847375	0.000274852080694606	0.00292264151299859	0.0200303267275124	0.00269861558563627	-0.0173317111418761
0.00808775639550999	0.00741874675886074	0.0471747793510105	0.000704799923941493	-0.046469979427069	0.000191334587806279	-0.00102692195730206	0.0106573660685388	0.00045905603947475	-0.0101983100290641
0.000172055566317573	0.000618536258459531	6.44512320803755e-05	1.98226666077911e-05	-4.46285654725843e-05	1.4544014468291e-05	0.000154227159855018	0.000322030739924693	5.88771610268521e-05	-0.000263153578897841
0.0122532806180355	0.0580216051752503	0.0869044944489116	0.0386688787253761	-0.0482356157235355	0.000435726434191198	0.00761439093679781	0.0347461497206748	0.00829901251190336	-0.0264471372087715
0.00781442047339453	0.0175106006146926	0.053647509824598	0.00507166077742213	-0.0485758490471759	0.00025341847669129	4.47515631993793e-05	0.0177349223897723	1.24404630230156e-06	-0.01773367834347
0.0111382179985864	0.0325480613502016	0.0855927492099293	0.0120248929654172	-0.0735678562445121	0.000398066197785136	0.00104410117353869	0.0389847628601244	0.000530335904675705	-0.0384544269554487
0.0096871422586595	0.0280275110714639	0.0769642420850322	0.0088115246749907	-0.0681527174100415	0.000292557275413538	-0.000194894264037705	0.0298198109218206	1.97905413287846e-05	-0.0298000203804918
0.00967355187011707	0.0791359919212529	0.0628763232484028	0.110114139702007	0.0472378164536039	0.000310857428258632	0.00883771593982715	0.0232677252495418	0.0336145798934146	0.0103468546438728
0.00907980251524384	0.0280338846940422	0.0517536296777454	0.00907661645544253	-0.0426770132223029	0.000214756229448185	-0.000309030040101627	0.0113994995185511	5.26743614235752e-05	-0.0113468251571275
0.0113843060549225	0.0399092535417954	0.0933118304352608	0.0197378519251065	-0.0735739785101543	0.000424943661941255	0.00044683654387589	0.0477283033619184	8.61206274947153e-05	-0.0476421827344237
0.00978050094496967	0.030659861364813	0.0695302223449934	0.01198804449891	-0.0575421778460834	0.000239373227480533	0.000456943140356975	0.017515453111449	0.000108894761002549	-0.0174065583504464
0.00678519885948498	0.0383581707191231	0.0372620822555771	0.0162305037562923	-0.0210315784992847	0.000152564892776077	0.00663923532199941	0.00795040119972657	0.0121040195070837	0.00415361830735712
0.0127286359851017	0.0330681711949133	0.133783123697302	0.0227347633354439	-0.111048360361858	0.000502926505743407	0.00313068470679905	0.0697977744779401	0.00493961046031265	-0.0648581640176275
0.0112602270594974	0.0423850310405519	0.086547636544227	0.013349810515835	-0.073197826028392	0.00037216666430003	0.0034357711100123	0.0333561130844231	0.00100913478014229	-0.0323469783042808
0.00856683643327433	0.0192532021266299	0.0538787002476506	0.00412452428657297	-0.0497541759610776	0.000245326010949206	0.000377470213477144	0.0189437792232228	8.56498472989235e-05	-0.0188581293759239
0.0136006381239392	0.0256415216847085	0.10018124424252	0.00559770869265079	-0.0945835355498687	0.00042308037735539	-0.000893515017187394	0.0369190169278085	0.000300503935641825	-0.0366185129921666
0.0122864417672659	0.0285200424479013	0.094712685802353	0.0100160835336505	-0.0846966022687025	0.000500757267812108	0.000892726291833794	0.0506886843828041	0.000142045245949416	-0.0505466391368547
0.010898687134436	0.0191160607717236	0.0995825312907245	0.0075367273163422	-0.0920458039743823	0.000348666586329737	0.000928075260721891	0.0463574759402492	0.000700952572778929	-0.0456565233674702
-0.000533065071626186	-0.0051883707460888	0.000477026870193344	0.00108092571179521	0.00060389884160187	-3.15358285608135e-05	-0.000763030123011072	0.00119088848766585	0.00146582790745842	0.000274939419792561
0.00946293148923709	0.0322466895378224	0.0633454303610236	0.0107133427775619	-0.0526320875834617	0.000340765876440199	0.00180109920382059	0.0295064694750335	0.000969203574899297	-0.0285372659001342
0.0100492005824731	0.0530690267197162	0.0681280239122392	0.0225261466712235	-0.0456018772410157	0.000386023889704748	0.00677915786971081	0.0339833893386279	0.00880870061825455	-0.0251746887203733
-0.00197102728477867	-0.0153822756578105	0.00822042065503412	0.00788529277928035	-0.000335127875753767	-8.51260250892255e-05	-0.00145872320025223	0.0112103974736272	0.003130149761328	-0.00808024771229924
0.0135670651978163	0.034980707410237	0.117961124199371	0.0107918943769427	-0.107169229822429	0.000486468128671655	0.000105466047296139	0.0491684230916519	2.61372167699507e-06	-0.0491658093699749
0.0112430934604722	0.0252094308445164	0.0872885800098165	0.0059419831542928	-0.0813465968555237	0.000302239388248344	-0.000309661121427199	0.0270583639543293	3.99327696275038e-05	-0.0270184311847018
-0.00216576252817825	-0.0131529126032428	0.00817952313914375	0.00317099169042203	-0.00500853144872173	-8.80239484732593e-05	-0.00054992711231085	0.00927595582557812	0.000248712664284822	-0.00902724316129329
0.00775422200172493	0.0240122088387349	0.0543487694729445	0.00680735085163158	-0.0475414186213129	0.000193444000632052	-0.00126993725835354	0.0146810390823555	0.000655580222676201	-0.0140254588596793
0.0116219757620537	0.0380251381722628	0.0844004294624659	0.0139944879721663	-0.0704059414902996	0.000323274684712628	0.00154041052001125	0.0240845405256576	0.000585709752398167	-0.0234988307732594
0.0084593401870678	0.0341579396439656	0.0460409353771091	0.0120633614970796	-0.0339775738800295	0.000208135311045554	6.79611797184957e-05	0.0114565359884936	1.81666755883512e-06	-0.0114547193209348
-4.35861404800432e-05	-0.00447078448585846	4.26166840343076e-06	0.00096834970804392	0.000964088039640489	1.47725903942945e-05	-0.000743503538191983	0.000336293469163889	0.00172096826148582	0.00138467479232193
0.00982171171265964	0.0329655781676678	0.07880811650395	0.0124390893502688	-0.0663690271536811	0.000261062790642795	-2.97793305168436e-05	0.0241705229799365	3.18289437602244e-07	-0.0241702046904989
-0.00163364391984651	-0.0186305649199098	0.00490303054087387	0.0119801422199817	0.00707711167910787	-4.56264716292817e-05	-0.00167232114158349	0.00301483572468682	0.00541290356833193	0.00239806784364511
0.0117048524787198	0.028635589052604	0.09540810379438	0.016215035475385	-0.0791930683189951	0.000373174415687887	0.00168442971397306	0.0356751825341114	0.00222698961163886	-0.0334481929224725
0.00689569550109653	0.0207981456168924	0.0488588018341763	0.00626071042866493	-0.0425980914055114	0.000191880076784807	0.000787669897467838	0.0165584357286513	0.000250969528292388	-0.0163074662003589
-0.000673382319759763	0.00674427654981824	0.000944978741994723	0.00180842467974594	0.000863445937751222	-2.91315011061923e-05	0.00116699722493355	0.0013804974413025	0.00176670927622218	0.000386211834919683
0.00852478298317885	0.0219463125696142	0.0587776932428248	0.00456040200525852	-0.0542172912375663	0.000213048441929108	-0.00112405829941257	0.0168122602124338	0.000478490817029254	-0.0163337693954046
0.0102723898713271	0.0132697459176611	0.0867860237934003	0.0023535505762165	-0.0844324732171838	0.000326765645925349	-0.000373573373061248	0.034655377016708	6.78470405068111e-05	-0.0345875299762012
0.0075958867873294	0.0119224201240215	0.0368960110609676	0.00151666407976221	-0.0353793469812054	0.000167150317034703	-0.0013246924329451	0.00757998803163474	0.000441927464697845	-0.0071380605669369
0.00757641189795046	0.0415736685484582	0.0576792046257643	0.0248666061246572	-0.0328125985011071	0.000197152529062449	0.00222714719639257	0.0169444898447681	0.00295884666161057	-0.0139856431831576
0.0120022102160223	0.049651219595716	0.13647168159863	0.0293679453366944	-0.107103736261935	0.000431928691262112	0.00112312983930533	0.068651891756655	0.000411167971671527	-0.0682407237849835
0.00860093165090527	0.0176794470532623	0.0550784429202031	0.00527158791934894	-0.0498068550008541	0.000227958815712676	-0.000241425088199982	0.0139319492248791	6.18780139905076e-05	-0.0138700712108886
0.0107931362920628	0.0198955476839717	0.0775319511985372	0.00588019430648045	-0.0716517568920567	0.000402435646075989	0.000235139322121137	0.0386282855468616	4.94594712737466e-05	-0.0385788260755879
0.00866971465400798	0.0247197486066358	0.0654148682882418	0.0117061427257258	-0.053708725562516	0.000247706955476418	0.00155015822985452	0.0222113172713078	0.00133931134982821	-0.0208720059214795
0.0113523767380482	0.0334144257998823	0.104590163212359	0.00826854429470836	-0.0963216189176508	0.000381898623327539	-0.000578723657915441	0.0440358515269514	2.00230086681351e-05	-0.0440158285182833
0.0133067999295546	0.0512127299702974	0.104153225279824	0.0194507521431713	-0.0847024731366525	0.0003699176493341	-0.000131116321007609	0.0295193985109679	3.97276375142089e-06	-0.0295154257472164
0.0127603575871535	0.0240295301085706	0.101462128572555	0.00627939707867357	-0.095182731493881	0.000419037646606194	0.000320829321393381	0.034451176777464	4.00442342047752e-05	-0.0344111325432593
0.00907263960735413	0.0238566166876466	0.0667887849248546	0.00688900171151122	-0.0598997832133434	0.000242134026821809	0.000562042324391857	0.0200018973633534	0.000135857636264785	-0.0198660397270886
-0.000269567094868039	0.00710499164219856	0.000140622027643172	0.00297653669154642	0.00283591466390325	-1.20324141059015e-05	0.00114641615521695	0.000189488937714282	0.00453002073540512	0.00434053179769084
0.00767730044764493	0.0418920429840518	0.040817999113225	0.020616483653141	-0.020201515460084	0.000229782367820772	0.000697138969076433	0.0139348017466904	0.000297413662028965	-0.0136373880846614
0.00838864604696551	0.0347710781031871	0.0516980795088798	0.00858597642061816	-0.0431121030882616	0.000225339455947249	-0.00209227186908104	0.0155519768294338	0.000431519366818892	-0.015120457462615
0.00783661968240131	0.0382223452463961	0.0370335234354283	0.0120471583241412	-0.0249863651112871	0.000210294893049397	0.00217587225460882	0.00967467377441859	0.00167294417720162	-0.00800172959721697
0.00944607659284269	0.0291796149172292	0.0717656466312162	0.00992500845957264	-0.0618406381716436	0.000306570545318374	-0.000459863501602857	0.027957903821436	8.83079444918517e-05	-0.0278695958769441
0.000275915141015641	0.00732062823440606	0.00014944288882786	0.00251937029064306	0.0023699274018152	1.94855155508221e-05	0.00103313681704503	0.000480683688712799	0.00293254567257132	0.00245186198385852
-0.00110284783910649	-0.00617998720248298	0.00242190246631206	0.00142942386154743	-0.000992478604764629	-4.68115002795294e-05	-0.000812966386524578	0.00362439181281339	0.00156070578492473	-0.00206368602788866
0.00787494470623397	0.0250044390302782	0.048649645096	0.00935639103844543	-0.0392932540575546	0.000198835594392912	0.0016679773925238	0.0138711841526055	0.00298705160460772	-0.0108841325479978
0.00789561545858381	0.0263913109503549	0.047554420037801	0.00971928929377864	-0.0378351307440224	0.00019757824396066	0.000334104191113115	0.013858046128644	5.23588612304624e-05	-0.0138056872674135
0.00948077202484212	0.0285030994933852	0.0809392500419913	0.010762390359369	-0.0701768596826223	0.0002913782064242	0.000128886159699274	0.0281527678605169	6.81082428442093e-06	-0.0281459570362325
0.0119169330673675	0.0398560205431486	0.0968359410132294	0.0130023776688533	-0.0838335633443762	0.00040334920682633	0.000802416866513833	0.0452267266285882	0.000212875416660042	-0.0450138512119281
-0.000670543463407817	0.0130442341485187	0.000851069012499212	0.00608075565342766	0.00522968664092845	-2.83023951241113e-05	0.00179680398456167	0.001170506241828	0.00620592686062249	0.00503542061879449
0.00947557337378871	0.0332158783736524	0.0655800291014712	0.0145442024022007	-0.0510358266992706	0.000350140039873847	0.000153665893505956	0.0322432213184287	1.07501176094946e-05	-0.0322324712008192
0.00887105978544786	0.0430854696283904	0.0545612294157027	0.0159762101016038	-0.0385850193140989	0.000220059065623207	0.00115868163685394	0.013946289157774	0.000298186464687558	-0.0136481026930864
0.0104274113438242	0.00608182632338602	0.0824163977214882	0.000672182957515132	-0.0817442147639731	0.000460494844534171	0.000138652385873717	0.0477996908307128	7.80800687384874e-06	-0.0477918828238389
0.0113550339325026	0.0253128503718464	0.0938508939943223	0.00810497691344689	-0.0857459170808754	0.000285822952832016	0.000462177624742014	0.0258159460857301	0.000107624652012756	-0.0257083214337174
0.00985738255363142	0.0147167000424516	0.0624629207592111	0.00233181197791842	-0.0601311087812927	0.000319593395048435	-0.0014891790043929	0.0227094675905818	0.000749498619567755	-0.021959968971014
0.00917491076731584	0.0264543734516896	0.0714337803035283	0.0103322069214012	-0.0611015733821271	0.000228113348807528	5.64508562735818e-05	0.0210195214048143	1.37025639727057e-06	-0.021018151148417
0.0130564026522438	0.0335383794037152	0.0991291205952532	0.0144428870923081	-0.0846862335029451	0.000411551070243599	0.000871430113241861	0.0378056490262227	0.000445457703911749	-0.0373601913223109
0.0113679207736846	0.0238626618384027	0.0894703367544258	0.00935098791636802	-0.0801193488380578	0.000336778921292107	0.000743671264093353	0.0317229337854727	0.000415949021203223	-0.0313069847642695
0.0104960980298535	0.017621817567574	0.0686941210442194	0.00304773986980126	-0.0656463811744182	0.000325844890916193	-0.00206830424307686	0.0249756630064417	0.000689671613403979	-0.0242859913930377
0.00831256954141458	0.0217328110664777	0.060390740826626	0.00596997363549292	-0.0544207671911331	0.000177977712128219	-0.000520005934650265	0.0134729853467173	8.63366387064893e-05	-0.0133866487080108
0.0116317587625092	0.0257602300408287	0.113290572745187	0.0093774371510893	-0.103913135594097	0.000363699967443779	0.00130544212652232	0.0440470119133217	0.000602725356438045	-0.0434442865568837
0.00982163815671806	0.0161556798618854	0.0639805546154289	0.00325446493954127	-0.0607260896758876	0.000287183764128727	-0.00133680440867758	0.0186592392006456	0.00111202045698777	-0.0175472187436578
0.00805248794776403	0.030366356377921	0.0433679855184116	0.00907407745004685	-0.0342939080683647	0.00020991471922096	-0.00124109966098544	0.0123237877429433	0.000447975962304356	-0.011875811780639
0.0112368427667921	0.0390709888426038	0.0887615366355088	0.0131929890487225	-0.0755685475867863	0.000266705946194819	0.000505542880878632	0.0235941827832593	8.52958755382102e-05	-0.0235088869077211
0.00938449174017558	0.0114042777392366	0.0627418119459471	0.00220065394460728	-0.0605411580013398	0.000267961808894544	0.000606050905858431	0.0194453335097876	8.0250307937598e-05	-0.01936508320185
0.0114916473337155	0.0337432319465351	0.0858984122364567	0.016993927211213	-0.0689044850252438	0.000409576785836808	0.00250296316561678	0.0360755391682506	0.00150382231273763	-0.034571716855513
0.00852387139109723	0.0496863864517569	0.0621153791400839	0.0314656887268315	-0.0306496904132524	0.000207166944026127	0.00492003001372701	0.0168600513161654	0.0119475237599447	-0.00491252755622072
0.0100331914153803	0.0255179564571193	0.0704499269131689	0.0070224105336267	-0.0634275163795422	0.000264589335838921	0.00119966471051539	0.0189572505639068	0.000732490810360714	-0.0182247597535461
0.0109928596950869	0.0638412870042492	0.069580821405692	0.0427284757234019	-0.0268523456822901	0.000381146204028994	0.00450774815858401	0.0317419344181992	0.00667051623489255	-0.0250714181833067
