LR1_coefficients_null_raster	LR1_coefficients_SES_affluence_C	LR1_R2_null_raster	LR1_R2_SES_affluence_C	LR1_Q_SES_affluence_C	LR2_coefficients_null_raster	LR2_coefficients_SES_affluence_C	LR2_R2_null_raster	LR2_R2_SES_affluence_C	LR2_Q_SES_affluence_C
0.00900567904249643	0.0345590583149112	0.0852539411500502	0.0776215544349513	-0.00763238671509894	0.000249312213201075	0.00315571715497199	0.0318336213661083	0.0230053595909111	-0.00882826177519722
0.00709261107629482	0.029231877230995	0.0449666710408697	0.0536465256169608	0.00867985457609111	0.000224017770843076	0.00214973778964435	0.0165605544880432	0.00980042382871725	-0.00676013065932597
0.00769847013371499	0.0333551088550968	0.0335535666281145	0.0417291447857865	0.00817557815767195	0.000196993991523941	0.0028592583308273	0.00738478822588077	0.00970506452532041	0.00232027629943964
0.0079298758932325	0.0310707339223123	0.055084576564951	0.0552911326468711	0.000206556081920134	0.000188869855617948	0.001383403785204	0.012215939462694	0.00547178713218057	-0.00674415233051338
0.0101198371814072	0.0411594870202366	0.06595186519419	0.067249939405521	0.00129807421133096	0.000253950686140568	0.00174791737780991	0.0153472086003539	0.005036105379781	-0.0103111032205729
0.0103815247285852	0.0389704306237967	0.102746853337434	0.0863028651895045	-0.0164439881479295	0.000359120810372496	0.00338130328545504	0.0473112432349294	0.0207444989048816	-0.0265667443300478
0.00913742416651822	0.0352361788554959	0.0841101821855359	0.0722565978495595	-0.0118535843359764	0.000246866085276892	0.00407986039797245	0.0239262214007748	0.019966328172035	-0.00395989322873985
0.00542119302342565	0.0212943475474784	0.0269398561823459	0.0249568601869909	-0.00198299599535507	0.00017305460116603	0.00208329454881539	0.0112881689540197	0.0057186760031262	-0.00556949295089345
0.01539722801696	0.0548584348070429	0.165467990766538	0.145380138969921	-0.020087851796617	0.000652824867390547	0.0076461926285807	0.0927988747130182	0.0684541878862056	-0.0243446868268126
0.010737504343198	0.0425400917196766	0.0585023553875123	0.0601668481467225	0.0016644927592102	0.000323571059226193	0.00360287201814468	0.0190144301448975	0.0143459596277647	-0.00466847051713281
0.00549878992216957	0.0273896852477567	0.0245849513592039	0.0357205577127777	0.0111356063535738	9.87359729298432e-05	0.00227316315547559	0.00381890307275877	0.00773010722772114	0.00391120415496237
0.0115261337160456	0.0384303469686725	0.122926690580589	0.0920655361613024	-0.0308611544192867	0.000367525632975245	0.00652644218218142	0.055723259915491	0.0577299810830506	0.00200672116755966
0.0127863386901262	0.0471839980135482	0.0995359562127789	0.0917202895042422	-0.00781566670853673	0.000457433698441386	0.00374108358184224	0.0457991643310933	0.0245791594037379	-0.0212200049273553
0.0100008336131982	0.0393699358391328	0.0844613490272275	0.0895432698670864	0.00508192083985895	0.000288374849994646	0.00374280686453369	0.0317780312418189	0.0301413239174956	-0.00163670732432331
0.0111541222942896	0.0362092178262433	0.0743417296413102	0.0527251911446386	-0.0216165384966717	0.000322477723366209	0.0028440855507355	0.0241370622302761	0.009463098710133	-0.0146739635201431
0.000783351558969244	0.00502905725814481	0.00116282351688106	0.00275016740451079	0.00158734388762972	2.18234724131565e-05	0.00035129251801809	0.000695173986111855	0.00137075263577757	0.00067557864966572
0.00877267361114184	0.0338385349874561	0.0556724246546388	0.0562625134572986	0.000590088802659719	0.00025601475533184	0.00309096422244821	0.0159534394381643	0.0140295970651356	-0.00192384237302871
0.0115574832127823	0.048275303661446	0.0953785462426279	0.106884207160268	0.0115056609176405	0.00039216720633382	0.00309901300317373	0.0410470455932175	0.0209451099032665	-0.020101935689951
0.00874457227931466	0.0320710238583319	0.0616370359087082	0.055611098756987	-0.00602593715172119	0.000220282374965409	0.00266675446377313	0.0155137885765447	0.0110253471635655	-0.00448844141297911
0.0138010025868565	0.0470144638681691	0.120164968680673	0.111365755144632	-0.00879921353604114	0.000457240538488876	0.00504621557488089	0.04707667355608	0.0445611607467248	-0.00251551280935521
0.00732603451696526	0.0288380609798576	0.0340578194716023	0.0368017333702181	0.00274391389861584	0.000175454073976617	0.0014492943892263	0.00651692443953273	0.0039100223116362	-0.00260690212789653
0.00923983757470773	0.0381823358795455	0.0731552822760087	0.0711310669230321	-0.00202421535297664	0.000233236234231444	0.00239315523896865	0.019593422121112	0.00963770295764233	-0.00995571916346968
0.0115298829587093	0.0424878116368942	0.0967952936282223	0.0863009681786831	-0.0104943254495393	0.000384205908874961	0.00525471216577903	0.0463471263200099	0.0337322882563715	-0.0126148380636384
0.00950378985738997	0.0443665334451503	0.0647233213387936	0.0855191772971441	0.0207958559583505	0.000274852080694606	0.00444672084748733	0.0200303267275124	0.0261702097054421	0.00613988297792972
0.00808775639550999	0.0302172435095004	0.0471747793510105	0.0423244791600892	-0.00485030019092127	0.000191334587806279	0.00129545015746629	0.0106573660685388	0.0032242861716862	-0.00743307989685264
0.000172055566317573	-0.00105925417004896	6.44512320803755e-05	0.000159795556600934	9.53443245205587e-05	1.4544014468291e-05	-3.86146513324469e-05	0.000322030739924693	1.67250320863232e-05	-0.00030530570783837
0.0122532806180355	0.0469191301117225	0.0869044944489116	0.0978515354115632	0.0109470409626516	0.000435726434191198	0.00669170912906629	0.0347461497206748	0.0389068677874667	0.00416071806679188
0.00781442047339453	0.0289653842370011	0.053647509824598	0.0535362179919823	-0.000111291832615754	0.00025341847669129	0.00164894465770979	0.0177349223897723	0.00730338642148762	-0.0104315359682847
0.0111382179985864	0.0420581672560117	0.0855927492099293	0.0827002142645044	-0.00289253494542491	0.000398066197785136	0.00306255663992061	0.0389847628601244	0.0189692260350182	-0.0200155368251062
0.0096871422586595	0.0385383716250326	0.0769642420850322	0.075754278904568	-0.00120996318046417	0.000292557275413538	0.00240234533274328	0.0298198109218206	0.0131431814609297	-0.0166766294608909
0.00967355187011707	0.0486230668380325	0.0628763232484028	0.135316248026021	0.0724399247776183	0.000310857428258632	0.00534034384973724	0.0232677252495418	0.0631903920470973	0.0399226667975555
0.00907980251524384	0.0390416978888187	0.0517536296777454	0.0650542748906484	0.013300645212903	0.000214756229448185	0.00237906003167508	0.0113994995185511	0.00856396806865631	-0.00283553144989475
0.0113843060549225	0.0447940254211435	0.0933118304352608	0.102843684489441	0.00953185405417972	0.000424943661941255	0.00450277014803189	0.0477283033619184	0.0327913815902619	-0.0149369217716565
0.00978050094496967	0.0370048352517929	0.0695302223449934	0.0721948125829213	0.00266459023792791	0.000239373227480533	0.0020432283848398	0.017515453111449	0.0108957949638014	-0.00661965814764762
0.00678519885948498	0.0271718232000211	0.0372620822555771	0.0391356552240375	0.00187357296846048	0.000152564892776077	0.00321395511438771	0.00795040119972657	0.0173253524476019	0.0093749512478753
0.0127286359851017	0.0412949966883576	0.133783123697302	0.114312599201023	-0.0194705244962793	0.000502926505743407	0.0043576420368758	0.0697977744779401	0.0460772085133008	-0.0237205659646393
0.0112602270594974	0.0435590785202668	0.086547636544227	0.0731331532906297	-0.0134144832535973	0.00037216666430003	0.00600460212129248	0.0333561130844231	0.0250853432614836	-0.00827076982293947
0.00856683643327433	0.0281734994345851	0.0538787002476506	0.0356579294227488	-0.0182207708249018	0.000245326010949206	0.0012561734680637	0.0189437792232228	0.00408448799459608	-0.0148592912286267
0.0136006381239392	0.050255409463508	0.10018124424252	0.0808861387867468	-0.0192951054557727	0.00042308037735539	0.00249551237700291	0.0369190169278085	0.00856316593031587	-0.0283558509974926
0.0122864417672659	0.0398323360673997	0.094712685802353	0.0759403401575573	-0.0187723456447957	0.000500757267812108	0.00395183422160605	0.0506886843828041	0.0214581231708317	-0.0292305612119725
0.010898687134436	0.0299146408266276	0.0995825312907245	0.0635760427526769	-0.0360064885380476	0.000348666586329737	0.00165554415231962	0.0463574759402492	0.0135641819709634	-0.0327932939692858
-0.000533065071626186	-0.000660557014776157	0.000477026870193344	4.92211440314666e-05	-0.000427805726161878	-3.15358285608135e-05	-0.000284026615146438	0.00119088848766585	0.000959583047514898	-0.000231305440150956
0.00946293148923709	0.034379703794689	0.0633454303610236	0.0577109516339555	-0.00563447872706809	0.000340765876440199	0.00273422298227198	0.0295064694750335	0.0146181207347553	-0.0148883487402782
0.0100492005824731	0.0434477596230651	0.0681280239122392	0.0791327160353498	0.0110046921231106	0.000386023889704748	0.00574808077977216	0.0339833893386279	0.0408031301832091	0.00681974084458124
-0.00197102728477867	-0.00916884879174815	0.00822042065503412	0.00889057439275918	0.000670153737725058	-8.51260250892255e-05	-0.000944766461476349	0.0112103974736272	0.00748021985853909	-0.00373017761508815
0.0135670651978163	0.0540149163146465	0.117961124199371	0.110278511441972	-0.00768261275739877	0.000486468128671655	0.00690953540336083	0.0491684230916519	0.0362768031719582	-0.0128916199196938
0.0112430934604722	0.0402656124178262	0.0872885800098165	0.0686225834909971	-0.0186659965188194	0.000302239388248344	0.00280613871026521	0.0270583639543293	0.0118711374508905	-0.0151872265034388
-0.00216576252817825	-0.0125972776201656	0.00817952313914375	0.0127073375153848	0.00452781437624107	-8.80239484732593e-05	-0.00110168557152088	0.00927595582557812	0.00554750913709653	-0.00372844668848158
0.00775422200172493	0.0328211373603109	0.0543487694729445	0.0640809374614734	0.00973216798852884	0.000193444000632052	0.00236913483356162	0.0146810390823555	0.0128609045577178	-0.00182013452463766
0.0116219757620537	0.0447950989884737	0.0844004294624659	0.0830515813128405	-0.00134884814962538	0.000323274684712628	0.00488015722125817	0.0240845405256576	0.0247754850594041	0.000690944533746459
0.0084593401870678	0.0393280252502536	0.0460409353771091	0.0660978979016626	0.0200569625245535	0.000208135311045554	0.00213788257483213	0.0114565359884936	0.00885860863151935	-0.00259792735697429
-4.35861404800432e-05	-0.00270824888318579	4.26166840343076e-06	0.000853001389207425	0.000848739720803994	1.47725903942945e-05	-0.000244025346305006	0.000336293469163889	0.000633154529683469	0.000296861060519581
0.00982171171265964	0.0398831413140444	0.07880811650395	0.0821384061927213	0.0033302896887713	0.000261062790642795	0.00277865482220406	0.0241705229799365	0.0149151572290306	-0.00925536575090589
-0.00163364391984651	-0.0107063350711263	0.00490303054087387	0.0120565147249412	0.0071534841840673	-4.56264716292817e-05	-0.000926450816655201	0.00301483572468682	0.00881081095060721	0.00579597522592039
0.0117048524787198	0.0411919192331135	0.09540810379438	0.100954077187386	0.00554597339300647	0.000373174415687887	0.00312712973421268	0.0356751825341114	0.0273269944352955	-0.00834818809881587
0.00689569550109653	0.0274721485843044	0.0488588018341763	0.0484085565429355	-0.000450245291240811	0.000191880076784807	0.00237299174496333	0.0165584357286513	0.0118693685882817	-0.0046890671403696
-0.000673382319759763	0.00237512620606735	0.000944978741994723	0.000715422587978672	-0.000229556154016051	-2.91315011061923e-05	0.000355076938237618	0.0013804974413025	0.00119730278933663	-0.000183194651965873
0.00852478298317885	0.0331031120990245	0.0587776932428248	0.0547456743962176	-0.00403201884660719	0.000213048441929108	0.00161648592950817	0.0168122602124338	0.00571004669932472	-0.0111022135131091
0.0102723898713271	0.0346693566459822	0.0867860237934003	0.0605095336582505	-0.0262764901351498	0.000326765645925349	0.00349367009535527	0.034655377016708	0.0156231561340795	-0.0190322208826285
0.0075958867873294	0.0263514848505658	0.0368960110609676	0.0310132704236547	-0.00588274063731291	0.000167150317034703	0.00176365930843029	0.00757998803163474	0.0038518913512103	-0.00372809668042444
0.00757641189795046	0.0325203614680587	0.0576792046257643	0.0731584002669914	0.0154791956412272	0.000197152529062449	0.00189100552178763	0.0169444898447681	0.0142417589416308	-0.00270273090313738
0.0120022102160223	0.0477450048178954	0.13647168159863	0.129884609055376	-0.00658707254325394	0.000431928691262112	0.00567783133213611	0.068651891756655	0.0486285962712358	-0.0200232954854192
0.00860093165090527	0.027661580894224	0.0550784429202031	0.0461741386003273	-0.00890430431987579	0.000227958815712676	0.000784289099576813	0.0139319492248791	0.00263244186261123	-0.0112995073622678
0.0107931362920628	0.038306725480681	0.0775319511985372	0.0739591310516376	-0.00357282014689957	0.000402435646075989	0.00216904407714151	0.0386282855468616	0.0140888374444973	-0.0245394481023644
0.00866971465400798	0.0339225563256162	0.0654148682882418	0.0694357617966637	0.00402089350842194	0.000247706955476418	0.00349093051564129	0.0222113172713078	0.0236634387650717	0.00145212149376399
0.0113523767380482	0.0447207647047094	0.104590163212359	0.0882062911701425	-0.0163838720422166	0.000381898623327539	0.00857134333349991	0.0440358515269514	0.0498088001849553	0.0057729486580039
0.0133067999295546	0.0536671273187727	0.104153225279824	0.109022952393478	0.0048697271136542	0.0003699176493341	0.003655817068772	0.0295193985109679	0.0159485936372833	-0.0135708048736845
0.0127603575871535	0.0427991844181421	0.101462128572555	0.0803163033888385	-0.0211458251837161	0.000419037646606194	0.0025159131837841	0.034451176777464	0.0118307970037871	-0.0226203797736769
0.00907263960735413	0.0361072728156046	0.0667887849248546	0.0670941404361126	0.000305355511257932	0.000242134026821809	0.00345528540710848	0.0200018973633534	0.0196015788748829	-0.000400318488470518
-0.000269567094868039	0.00218343389244866	0.000140622027643172	0.000650987915534845	0.000510365887891673	-1.20324141059015e-05	0.000415166697411013	0.000189488937714282	0.0023736289452617	0.00218414000754741
0.00767730044764493	0.0338397760790707	0.040817999113225	0.0528483558654356	0.0120303567522106	0.000229782367820772	0.0022493652564536	0.0139348017466904	0.00993605809885335	-0.00399874364783704
0.00838864604696551	0.0382000796146031	0.0516980795088798	0.0608640199050155	0.00916594039613579	0.000225339455947249	0.00399997335425134	0.0155519768294338	0.0155339040072545	-1.80728221793741e-05
0.00783661968240131	0.0381033238503214	0.0370335234354283	0.053335766722102	0.0163022432866737	0.000210294893049397	0.00328633927741317	0.00967467377441859	0.0151723331523726	0.005497659377954
0.00944607659284269	0.0347451567317863	0.0717656466312162	0.0649081057422802	-0.00685754088893605	0.000306570545318374	0.0020247531304239	0.027957903821436	0.00855089349702699	-0.019407010324409
0.000275915141015641	0.00609306818596456	0.00014944288882786	0.00470831342549917	0.00455887053667131	1.94855155508221e-05	0.000617202734245093	0.000480683688712799	0.00550855365805653	0.00502786996934373
-0.00110284783910649	-0.00457953382842029	0.00242190246631206	0.00220498705560156	-0.000216915410710504	-4.68115002795294e-05	-0.00054736694809779	0.00362439181281339	0.00331333404244925	-0.000311057770364142
0.00787494470623397	0.0293816034913339	0.048649645096	0.045031766845902	-0.00361787825009806	0.000198835594392912	0.00151232835892967	0.0138711841526055	0.00923804672218512	-0.0046331374304204
0.00789561545858381	0.0316303197693453	0.047554420037801	0.0493086297916152	0.00175420975381416	0.00019757824396066	0.00202914021439358	0.013858046128644	0.00865881669067328	-0.00519922943797072
0.00948077202484212	0.0332014291707038	0.0809392500419913	0.0721567783039737	-0.00878247173801766	0.0002913782064242	0.00214006421101409	0.0281527678605169	0.0120319179182167	-0.0161208499423001
0.0119169330673675	0.0429943012637248	0.0968359410132294	0.0743841693807287	-0.0224517716325008	0.00040334920682633	0.00334910248283874	0.0452267266285882	0.0171905014788134	-0.0280362251497748
-0.000670543463407817	0.0033364834295514	0.000851069012499212	0.00125717409576364	0.000406105083264427	-2.83023951241113e-05	0.000668764558263574	0.001170506241828	0.00477144869918907	0.00360094245736108
0.00947557337378871	0.0358853535181563	0.0655800291014712	0.0645317734468259	-0.00104825565464531	0.000350140039873847	0.00261468273953631	0.0322432213184287	0.0120037658618329	-0.0202394554565958
0.00887105978544786	0.0394480359066861	0.0545612294157027	0.0610653242853092	0.00650409486960649	0.000220059065623207	0.00325595420593057	0.013946289157774	0.0122119686380249	-0.00173432051974902
0.0104274113438242	0.0238969991210105	0.0824163977214882	0.0372697614218696	-0.0451466362996187	0.000460494844534171	0.00220744719929109	0.0477996908307128	0.0101575804933203	-0.0376421103373925
0.0113550339325026	0.0390618245901555	0.0938508939943223	0.0765011117320403	-0.017349782262282	0.000285822952832016	0.00243998847449015	0.0258159460857301	0.012676088532732	-0.0131398575529981
0.00985738255363142	0.0314973896627347	0.0624629207592111	0.0452116718027955	-0.0172512489564156	0.000319593395048435	0.00210868943819348	0.0227094675905818	0.00664377587034435	-0.0160656917202374
0.00917491076731584	0.0330557217398897	0.0714337803035283	0.064271959467954	-0.0071618208355743	0.000228113348807528	0.00252115911935503	0.0210195214048143	0.0144418475222348	-0.00657767388257944
0.0130564026522438	0.0458754971565673	0.0991291205952532	0.0944302531319118	-0.0046988674633414	0.000411551070243599	0.00300980454154803	0.0378056490262227	0.0183836729726418	-0.0194219760535809
0.0113679207736846	0.0382896715631205	0.0894703367544258	0.0814115131829099	-0.00805882357151586	0.000336778921292107	0.00278386584104457	0.0317229337854727	0.0183738211002217	-0.013349112685251
0.0104960980298535	0.0379953404649737	0.0686941210442194	0.0600856476891933	-0.00860847335502609	0.000325844890916193	0.00333153316401566	0.0249756630064417	0.0128116336625921	-0.0121640293438496
0.00831256954141458	0.03059938215967	0.060390740826626	0.0547825509889063	-0.00560818983771966	0.000177977712128219	0.00218534668392682	0.0134729853467173	0.0093261247132395	-0.00414686063347776
0.0116317587625092	0.0408891341347823	0.113290572745187	0.0916161442147368	-0.0216744285304499	0.000363699967443779	0.00339707154078217	0.0440470119133217	0.0230812678085392	-0.0209657441047825
0.00982163815671806	0.0311674790377462	0.0639805546154289	0.048019709140271	-0.0159608454751578	0.000287183764128727	0.000870102903941509	0.0186592392006456	0.00184892817374654	-0.016810311026899
0.00805248794776403	0.0317002250016718	0.0433679855184116	0.0464291481141077	0.00306116259569606	0.00020991471922096	0.00139758640755293	0.0123237877429433	0.00363263430717174	-0.00869115343577161
0.0112368427667921	0.0403495388202312	0.0887615366355088	0.0741544477526718	-0.014607088882837	0.000266705946194819	0.00268310040686541	0.0235941827832593	0.0129879930265641	-0.0106061897566952
0.00938449174017558	0.0285139820774984	0.0627418119459471	0.0462842794800487	-0.0164575324658984	0.000267961808894544	0.00399313735565313	0.0194453335097876	0.0203774066446673	0.000932073134879714
0.0114916473337155	0.0371499138772646	0.0858984122364567	0.0712609997799234	-0.0146374124565333	0.000409576785836808	0.00434545798121697	0.0360755391682506	0.0251781748584198	-0.0108973643098308
0.00852387139109723	0.035162448265942	0.0621153791400839	0.0684004180080531	0.00628503886796924	0.000207166944026127	0.00324287207218979	0.0168600513161654	0.0247574087587619	0.00789735744259654
0.0100331914153803	0.0401144857006971	0.0704499269131689	0.0679881356269784	-0.00246179128619042	0.000264589335838921	0.00260917925158443	0.0189572505639068	0.012709153173343	-0.00624809739056383
0.0109928596950869	0.047267432084599	0.069580821405692	0.0897333396252657	0.0201525182195736	0.000381146204028994	0.00465956993565316	0.0317419344181992	0.0325522488350943	0.000810314416895129
