LR1_coefficients_null_raster	LR1_coefficients_SES_affluence_R	LR1_R2_null_raster	LR1_R2_SES_affluence_R	LR1_Q_SES_affluence_R	LR2_coefficients_null_raster	LR2_coefficients_SES_affluence_R	LR2_R2_null_raster	LR2_R2_SES_affluence_R	LR2_Q_SES_affluence_R
0.00900567904249643	0.00729621985945476	0.0852539411500502	0.0825538174066133	-0.00270012374343698	0.000249312213201075	0.000179451532172484	0.0318336213661083	0.0364363668621619	0.00460274549605361
0.00709261107629482	0.00578462507561505	0.0449666710408697	0.0452325447567987	0.00026587371592901	0.000224017770843076	0.000141714348780689	0.0165605544880432	0.0169197543993097	0.000359199911266487
0.00769847013371499	0.00529237335773318	0.0335535666281145	0.0263274347721591	-0.00722613185595547	0.000196993991523941	0.000109261718345523	0.00738478822588077	0.00648350698513526	-0.000901281240745513
0.0079298758932325	0.00590405014503279	0.055084576564951	0.0465538214407548	-0.0085307551241962	0.000188869855617948	0.00011995329199378	0.012215939462694	0.0118893119963384	-0.000326627466355523
0.0101198371814072	0.00878778007481981	0.06595186519419	0.0755635968214248	0.00961173162723479	0.000253950686140568	0.000202164857216394	0.0153472086003539	0.0230243656499588	0.00767715704960497
0.0103815247285852	0.00820865702608629	0.102746853337434	0.0994055509771396	-0.00334130236029437	0.000359120810372496	0.000251406970322692	0.0473112432349294	0.0560880539499813	0.00877681071505186
0.00913742416651822	0.00620104949732538	0.0841101821855359	0.0632379920892756	-0.0208721900962603	0.000246866085276892	0.000125858499831745	0.0239262214007748	0.0171710798237291	-0.00675514157704573
0.00542119302342565	0.00438673786454164	0.0269398561823459	0.0277194505777957	0.000779594395449733	0.00017305460116603	0.000106127302691289	0.0112881689540197	0.011205738559848	-8.24303941716273e-05
0.01539722801696	0.011783303850559	0.165467990766538	0.14920547319809	-0.0162625175684486	0.000652824867390547	0.000445661633267436	0.0927988747130182	0.100510995595828	0.00771212088281004
0.010737504343198	0.00839693311829458	0.0585023553875123	0.0555561111468113	-0.00294624424070097	0.000323571059226193	0.00023133265469661	0.0190144301448975	0.0240847984581654	0.00507036831326786
0.00549878992216957	0.00430872935032658	0.0245849513592039	0.0225268834127965	-0.00205806794640741	9.87359729298432e-05	6.6572066215579e-05	0.00381890307275877	0.00409252707801822	0.000273624005259447
0.0115261337160456	0.00934711738883344	0.122926690580589	0.118430795055367	-0.00449589552522198	0.000367525632975245	0.000246623858236558	0.055723259915491	0.0584044333293492	0.00268117341385825
0.0127863386901262	0.00933961638848496	0.0995359562127789	0.0896954987639052	-0.0098404574488737	0.000457433698441386	0.000259495053201526	0.0457991643310933	0.0443979488558914	-0.00140121547520183
0.0100008336131982	0.0073452223438656	0.0844613490272275	0.0720555429892509	-0.0124058060379766	0.000288374849994646	0.000158701859410253	0.0317780312418189	0.0262673886593055	-0.00551064258251346
0.0111541222942896	0.00936270499804225	0.0743417296413102	0.0797952239389832	0.00545349429767301	0.000322477723366209	0.000218466289678264	0.0241370622302761	0.0283668647118739	0.00422980248159784
0.000783351558969244	0.000236786240731887	0.00116282351688106	0.000157124103624151	-0.00100569941325691	2.18234724131565e-05	-2.21658639787072e-06	0.000695173986111855	1.63919272245675e-05	-0.000678782058887287
0.00877267361114184	0.00706592666316745	0.0556724246546388	0.0559418785339048	0.000269453879265906	0.00025601475533184	0.000154708576343217	0.0159534394381643	0.0148285877644213	-0.001124851673743
0.0115574832127823	0.00905086420636857	0.0953785462426279	0.0891022323078231	-0.00627631393480485	0.00039216720633382	0.000251900820383608	0.0410470455932175	0.0400669450971915	-0.00098010049602603
0.00874457227931466	0.00667128784379679	0.0616370359087082	0.0532957712370172	-0.00834126467169101	0.000220282374965409	0.00013398519372449	0.0155137885765447	0.0142532086777619	-0.00126057989878276
0.0138010025868565	0.0108574108303522	0.120164968680673	0.113378976869103	-0.00678599181156934	0.000457240538488876	0.000312003183198578	0.04707667355608	0.0546860272987619	0.00760935374268187
0.00732603451696526	0.00581991157699151	0.0340578194716023	0.0319935949770257	-0.00206422449457661	0.000175454073976617	0.00011368706787103	0.00651692443953273	0.00628719676996511	-0.000229727669567617
0.00923983757470773	0.00739247222461666	0.0731552822760087	0.0749708307789997	0.00181554850299097	0.000233236234231444	0.00017680530881345	0.019593422121112	0.0289167670103928	0.00932334488928075
0.0115298829587093	0.0086797671126495	0.0967952936282223	0.0865336669584284	-0.010261626669794	0.000384205908874961	0.000251758910325741	0.0463471263200099	0.0486269061794703	0.00227977985946044
0.00950378985738997	0.00706374946878402	0.0647233213387936	0.0568527749989395	-0.00787054633985411	0.000274852080694606	0.000153290696054621	0.0200303267275124	0.0180634642673426	-0.00196686246016975
0.00808775639550999	0.00623775141610339	0.0471747793510105	0.0432537713978304	-0.00392100795318012	0.000191334587806279	0.000113462308119699	0.0106573660685388	0.0094871044959842	-0.00117026157255465
0.000172055566317573	0.000611172089005637	6.44512320803755e-05	0.00117665548091453	0.00111220424883416	1.4544014468291e-05	2.0472201936155e-05	0.000322030739924693	0.00143732007106452	0.00111528933113983
0.0122532806180355	0.00934638883748358	0.0869044944489116	0.0790286163902834	-0.0078758780586282	0.000435726434191198	0.000287004850327126	0.0347461497206748	0.0399722968448334	0.00522614712415858
0.00781442047339453	0.00584520440316195	0.053647509824598	0.0473279778601839	-0.00631953196441416	0.00025341847669129	0.000140993120456657	0.0177349223897723	0.01496248724675	-0.00277243514302228
0.0111382179985864	0.00788451494750204	0.0855927492099293	0.0677698732073482	-0.0178228760025811	0.000398066197785136	0.000241757019563883	0.0389847628601244	0.0353426305546947	-0.00364213230542972
0.0096871422586595	0.00764701452765717	0.0769642420850322	0.0749661148077941	-0.0019981272772381	0.000292557275413538	0.000190862016251297	0.0298198109218206	0.0330265048355929	0.00320669391377232
0.00967355187011707	0.00655025853198649	0.0628763232484028	0.0463716402286962	-0.0165046830197067	0.000310857428258632	0.00016285006579989	0.0232677252495418	0.018169769232316	-0.00509795601722586
0.00907980251524384	0.00609027673687444	0.0517536296777454	0.0374899660441512	-0.0142636636335942	0.000214756229448185	0.000113180045160062	0.0113994995185511	0.00875846393448621	-0.00264103558406485
0.0113843060549225	0.0083757235522382	0.0933118304352608	0.0787871207479393	-0.0145247096873215	0.000424943661941255	0.000250552044596486	0.0477283033619184	0.0421734070477098	-0.00555489631420858
0.00978050094496967	0.00668548802850071	0.0695302223449934	0.0517385867232111	-0.0177916356217823	0.000239373227480533	0.00013898795527914	0.017515453111449	0.0146489037867654	-0.00286654932468355
0.00678519885948498	0.0055170416189078	0.0372620822555771	0.0369854848635539	-0.000276597392023188	0.000152564892776077	8.62489535272189e-05	0.00795040119972657	0.00639464601144064	-0.00155575518828594
0.0127286359851017	0.0104307369920845	0.133783123697302	0.134779320077022	0.000996196379720038	0.000502926505743407	0.000333404268442263	0.0697977744779401	0.0759939465890354	0.00619617211109529
0.0112602270594974	0.00866804989340945	0.086547636544227	0.0856837062162965	-0.000863930327930501	0.00037216666430003	0.000237134146714411	0.0333561130844231	0.0385695047054066	0.00521339162098353
0.00856683643327433	0.00734111649915989	0.0538787002476506	0.0617502842480886	0.00787158400043798	0.000245326010949206	0.00019041275655371	0.0189437792232228	0.0267674139209281	0.00782363469770529
0.0136006381239392	0.00961470815984348	0.10018124424252	0.0796403597734179	-0.0205408844691016	0.00042308037735539	0.000238552001202598	0.0369190169278085	0.031951441938658	-0.00496757498915044
0.0122864417672659	0.00913077850055829	0.094712685802353	0.0818403865327894	-0.0128722992695636	0.000500757267812108	0.000284810709915036	0.0506886843828041	0.0440446275005768	-0.00664405688222735
0.010898687134436	0.00906746990146697	0.0995825312907245	0.103581593770551	0.00399906247982615	0.000348666586329737	0.000256964962387469	0.0463574759402492	0.0567709472374421	0.010413471297193
-0.000533065071626186	-0.00098190951198474	0.000477026870193344	0.00235348326094433	0.00187645639075098	-3.15358285608135e-05	-3.22879122869968e-05	0.00119088848766585	0.00290338341058624	0.00171249492292039
0.00946293148923709	0.00771447183436487	0.0633454303610236	0.0654829762477739	0.0021375458867503	0.000340765876440199	0.0002111579145049	0.0295064694750335	0.030644650349607	0.00113818087457349
0.0100492005824731	0.00741407011913545	0.0681280239122392	0.0563494746100118	-0.0117785493022274	0.000386023889704748	0.000202695434536618	0.0339833893386279	0.0248105901254698	-0.00917279921315809
-0.00197102728477867	-0.001454920019872	0.00822042065503412	0.00637761293454006	-0.00184280772049406	-8.51260250892255e-05	-4.86959513792706e-05	0.0112103974736272	0.00812481417819463	-0.00308558329543261
0.0135670651978163	0.00961884207705076	0.117961124199371	0.0995092809059871	-0.0184518432933842	0.000486468128671655	0.000301810094159213	0.0491684230916519	0.05076783859578	0.00159941550412802
0.0112430934604722	0.00872899935809444	0.0872885800098165	0.0817215965182909	-0.00556698349152562	0.000302239388248344	0.000196187881697071	0.0270583639543293	0.027132640246661	7.42762923317541e-05
-0.00216576252817825	-0.00131652734072596	0.00817952313914375	0.00453141817081097	-0.00364810496833279	-8.80239484732593e-05	-4.34645588918055e-05	0.00927595582557812	0.00548281926027387	-0.00379313656530425
0.00775422200172493	0.00620554907761287	0.0543487694729445	0.0511176360910358	-0.00323113338190869	0.000193444000632052	0.000133524671812157	0.0146810390823555	0.0153003554382974	0.000619316355941922
0.0116219757620537	0.00886101728966212	0.0844004294624659	0.0791796869043732	-0.0052207425580927	0.000323274684712628	0.000233841546790876	0.0240845405256576	0.0312957655917759	0.00721122506611829
0.0084593401870678	0.00655434311851822	0.0460409353771091	0.0418169637446255	-0.00422397163248363	0.000208135311045554	0.000138095837801526	0.0114565359884936	0.0123181753443675	0.000861639355873862
-4.35861404800432e-05	0.000243351180936669	4.26166840343076e-06	0.000202642205984244	0.000198380537580813	1.47725903942945e-05	1.29229157017642e-05	0.000336293469163889	0.000624957430696866	0.000288663961532977
0.00982171171265964	0.00760466657863461	0.07880811650395	0.071043186135931	-0.00776493036801892	0.000261062790642795	0.000168767722099302	0.0241705229799365	0.0237522698581536	-0.000418253121782869
-0.00163364391984651	-0.00118909062001803	0.00490303054087387	0.00354010647099583	-0.00136292406987804	-4.56264716292817e-05	-2.80056250271658e-05	0.00301483572468682	0.00235845958305102	-0.000656376141635801
0.0117048524787198	0.00884705309873659	0.09540810379438	0.0802160272533199	-0.0151920765410601	0.000373174415687887	0.000235867978778766	0.0356751825341114	0.0334735000861225	-0.00220168244798895
0.00689569550109653	0.00571807935083367	0.0488588018341763	0.0488227259090391	-3.60759251372064e-05	0.000191880076784807	0.0001446104216566	0.0165584357286513	0.0202172365353988	0.00365880080674755
-0.000673382319759763	-0.000740617732827817	0.000944978741994723	0.00163707907745401	0.000692100335459283	-2.91315011061923e-05	-2.45152996126355e-05	0.0013804974413025	0.00222583986678943	0.000845342425486933
0.00852478298317885	0.00650262045224864	0.0587776932428248	0.0529477780734779	-0.00582991516934686	0.000213048441929108	0.00013704591616667	0.0168122602124338	0.0172444698626535	0.000432209650219655
0.0102723898713271	0.00806794432026564	0.0867860237934003	0.0851775452454361	-0.00160847854796418	0.000326765645925349	0.00022343936229955	0.034655377016708	0.0407520226444009	0.00609664562769289
0.0075958867873294	0.0063348687202121	0.0368960110609676	0.0392708118196742	0.00237480075870658	0.000167150317034703	0.000145837567532575	0.00757998803163474	0.0120392282227314	0.00445924019109667
0.00757641189795046	0.00608058032325173	0.0576792046257643	0.0535020320365198	-0.00417717258924447	0.000197152529062449	0.000136763987596845	0.0169444898447681	0.0181149283804012	0.00117043853563302
0.0120022102160223	0.00906970589026923	0.13647168159863	0.121911565144484	-0.0145601164541452	0.000431928691262112	0.000266342873129894	0.068651891756655	0.0677849885223818	-0.000866903234273284
0.00860093165090527	0.00682250673716246	0.0550784429202031	0.0509222118582658	-0.00415623106193726	0.000227958815712676	0.000159042933219324	0.0139319492248791	0.0153543852583353	0.00142243603345617
0.0107931362920628	0.00831096806185295	0.0775319511985372	0.0695087718303357	-0.00802317936820147	0.000402435646075989	0.000249141139288383	0.0386282855468616	0.0343027166145125	-0.00432556893234908
0.00866971465400798	0.006568783038812	0.0654148682882418	0.0537372062606527	-0.011677662027589	0.000247706955476418	0.000149909268655072	0.0222113172713078	0.0181929195782559	-0.00401839769305187
0.0113523767380482	0.00891816681482701	0.104590163212359	0.104974822492387	0.000384659280027622	0.000381898623327539	0.000253394989172108	0.0440358515269514	0.0516896046442374	0.00765375311728601
0.0133067999295546	0.0105532360053908	0.104153225279824	0.101195457150542	-0.0029577681292819	0.0003699176493341	0.000243597542521071	0.0295193985109679	0.0341940318606393	0.0046746333496714
0.0127603575871535	0.00999180464892556	0.101462128572555	0.0971802104822505	-0.00428191809030409	0.000419037646606194	0.000245232571855298	0.034451176777464	0.0334730634381209	-0.000978113339343147
0.00907263960735413	0.00666493589488716	0.0667887849248546	0.056289184650842	-0.0104996002740126	0.000242134026821809	0.000139565432939063	0.0200018973633534	0.0161513432455856	-0.00385055411776773
-0.000269567094868039	-0.000278108455575117	0.000140622027643172	0.000218934674963836	7.83126473206646e-05	-1.20324141059015e-05	-1.18566527305333e-05	0.000189488937714282	0.000435385320645464	0.000245896382931182
0.00767730044764493	0.00598908618821422	0.040817999113225	0.0376212329782185	-0.00319676613500652	0.000229782367820772	0.000159635129965297	0.0139348017466904	0.0166305403628035	0.00269573861611309
0.00838864604696551	0.00654360926108807	0.0516980795088798	0.0466532004965676	-0.00504487901231214	0.000225339455947249	0.000149929864921068	0.0155519768294338	0.0167392801078925	0.00118730327845866
0.00783661968240131	0.00556090481397096	0.0370335234354283	0.0300603164368318	-0.00697320699859646	0.000210294893049397	0.000114281260119744	0.00967467377441859	0.00774937313301621	-0.00192530064140238
0.00944607659284269	0.00738640163086833	0.0717656466312162	0.0665184662091508	-0.00524718042206541	0.000306570545318374	0.000219923308497389	0.027957903821436	0.0314524866449988	0.00349458282356286
0.000275915141015641	-0.000290442884355904	0.00014944288882786	0.000236686541190865	8.72436523630045e-05	1.94855155508221e-05	-9.38240551664507e-06	0.000480683688712799	0.000257212396247043	-0.000223471292465757
-0.00110284783910649	-0.000675167571716126	0.00242190246631206	0.00129401645898596	-0.0011278860073261	-4.68115002795294e-05	-2.1039493628726e-05	0.00362439181281339	0.00162897519390123	-0.00199541661891216
0.00787494470623397	0.00664282268558694	0.048649645096	0.0542577733630183	0.00560812826701829	0.000198835594392912	0.000145159137456153	0.0138711841526055	0.0176638585625837	0.00379267440997816
0.00789561545858381	0.00596703668301392	0.047554420037801	0.0409065950379789	-0.00664782499982217	0.00019757824396066	0.000143934892914546	0.013858046128644	0.0161197439025095	0.00226169777386552
0.00948077202484212	0.00722209324873025	0.0809392500419913	0.072754382924703	-0.0081848671172883	0.0002913782064242	0.00018510962207708	0.0281527678605169	0.0290177535557248	0.000864985695207952
0.0119169330673675	0.0099238017475703	0.0968359410132294	0.106683340471461	0.00984739945823153	0.00040334920682633	0.000281893542326476	0.0452267266285882	0.0542742941642529	0.00904756753566473
-0.000670543463407817	-0.000499832722448457	0.000851069012499212	0.000656670314174759	-0.000194398698324454	-2.83023951241113e-05	-2.10926153612635e-05	0.001170506241828	0.00139512726944968	0.000224621027621683
0.00947557337378871	0.00714139356651657	0.0655800291014712	0.0607722071112275	-0.00480782199024374	0.000350140039873847	0.000198157476094466	0.0322432213184287	0.0281933528289492	-0.00404986848947947
0.00887105978544786	0.00739490886210431	0.0545612294157027	0.061041678602084	0.00648044918638134	0.000220059065623207	0.000169519797992458	0.013946289157774	0.0204834593630071	0.0065371702052331
0.0104274113438242	0.0083154358885357	0.0824163977214882	0.0845202447646617	0.00210384704317343	0.000460494844534171	0.000281350341109873	0.0477996908307128	0.0546191825657264	0.00681949173501357
0.0113550339325026	0.00898403142405373	0.0938508939943223	0.0944299767105881	0.000579082716265805	0.000285822952832016	0.000197157258866928	0.0258159460857301	0.0304598200628805	0.00464387397715041
0.00985738255363142	0.00792599628008004	0.0624629207592111	0.0618280756779624	-0.000634845081248746	0.000319593395048435	0.000202604871521101	0.0227094675905818	0.024070161706472	0.00136069411589024
0.00917491076731584	0.0082782498346945	0.0714337803035283	0.0852969578893593	0.013863177585831	0.000228113348807528	0.000194809213586706	0.0210195214048143	0.0314238363024016	0.0104043148975873
0.0130564026522438	0.00990967347330451	0.0991291205952532	0.0876062321651761	-0.0115228884300771	0.000411551070243599	0.00026059889454348	0.0378056490262227	0.0371770344036783	-0.000628614622544349
0.0113679207736846	0.00925460237981451	0.0894703367544258	0.0858973009875799	-0.00357303576684589	0.000336778921292107	0.000212897238211551	0.0317229337854727	0.0319376062946146	0.000214672509141839
0.0104960980298535	0.00770084605838214	0.0686941210442194	0.0583632051989638	-0.0103309158452556	0.000325844890916193	0.000192711789995671	0.0249756630064417	0.0232068140719995	-0.00176884893444217
0.00831256954141458	0.00681177472054021	0.060390740826626	0.0615333762829253	0.00114263545629926	0.000177977712128219	0.000127997199558005	0.0134729853467173	0.0164903630143087	0.00301737766759144
0.0116317587625092	0.00942598375039698	0.113290572745187	0.11618108857696	0.00289051583177329	0.000363699967443779	0.000237544743432723	0.0440470119133217	0.0493256262469795	0.00527861433365775
0.00982163815671806	0.0072499322912702	0.0639805546154289	0.0544059675389497	-0.00957458707647919	0.000287183764128727	0.000167718502811712	0.0186592392006456	0.017033517491962	-0.00162572170868357
0.00805248794776403	0.00617111441938223	0.0433679855184116	0.0402335130365933	-0.00313447248181824	0.00020991471922096	0.000138777437647947	0.0123237877429433	0.013572106444853	0.00124831870190962
0.0112368427667921	0.00889358263083665	0.0887615366355088	0.0843782782821326	-0.00438325835337618	0.000266705946194819	0.000199264123584765	0.0235941827832593	0.0293445114804406	0.00575032869718127
0.00938449174017558	0.00662688152392202	0.0627418119459471	0.0520105317861678	-0.0107312801597793	0.000267961808894544	0.000146858393820525	0.0194453335097876	0.0166774165291751	-0.00276791698061249
0.0114916473337155	0.00869312004643207	0.0858984122364567	0.0765881584212552	-0.00931025381520152	0.000409576785836808	0.000277436814862707	0.0360755391682506	0.0393652784117778	0.00328973924352716
0.00852387139109723	0.00720285775340193	0.0621153791400839	0.0647038266764648	0.00258844753638092	0.000207166944026127	0.000168132263482565	0.0168600513161654	0.023174540725046	0.00631448940888055
0.0100331914153803	0.00763086846435931	0.0704499269131689	0.0654053506240121	-0.00504457628915679	0.000264589335838921	0.000172354056269407	0.0189572505639068	0.0206250295812643	0.00166777901735741
0.0109928596950869	0.00802065452596377	0.069580821405692	0.0573931573863572	-0.0121876640193348	0.000381146204028994	0.000239453406584582	0.0317419344181992	0.0306465041604995	-0.00109543025769968
