LR1_coefficients_null_raster	LR1_coefficients_layer_R	LR1_R2_null_raster	LR1_R2_layer_R	LR1_Q_layer_R	LR2_coefficients_null_raster	LR2_coefficients_layer_R	LR2_R2_null_raster	LR2_R2_layer_R	LR2_Q_layer_R
0.00900567904249643	0.000780964218853853	0.0852539411500502	0.0900418506025824	0.00478790945253216	0.000249312213201075	2.40108987304496e-06	0.0318336213661083	0.0462505240391073	0.014416902672999
0.00709261107629482	0.000488074686082884	0.0449666710408697	0.0305509926699232	-0.0144156783709465	0.000224017770843076	1.42046000471558e-06	0.0165605544880432	0.0128188385713834	-0.00374171591665984
0.00769847013371499	0.000426239637839768	0.0335535666281145	0.0177893940166518	-0.0157641726114627	0.000196993991523941	9.4799110852333e-07	0.00738478822588077	0.00435121936398469	-0.00303356886189608
0.0079298758932325	0.000649093474839867	0.055084576564951	0.0545515798524344	-0.000532996712516505	0.000188869855617948	1.53499997078645e-06	0.012215939462694	0.0151074266184484	0.00289148715575449
0.0101198371814072	0.000665125111908761	0.06595186519419	0.0472714901380892	-0.0186803750561009	0.000253950686140568	1.49680254586578e-06	0.0153472086003539	0.0127859019353422	-0.0025613066650117
0.0103815247285852	0.000879622851546487	0.102746853337434	0.111409551679113	0.00866269834167893	0.000359120810372496	2.78333037849064e-06	0.0473112432349294	0.0592866223814048	0.0119753791464754
0.00913742416651822	0.000638878408634295	0.0841101821855359	0.0661465048601475	-0.0179636773253884	0.000246866085276892	1.4634937857726e-06	0.0239262214007748	0.0195120180142139	-0.00441420338656099
0.00542119302342565	0.000382879189187487	0.0269398561823459	0.019261633824968	-0.00767822235737789	0.00017305460116603	1.11399602073913e-06	0.0112881689540197	0.00836473191697214	-0.00292343703704751
0.01539722801696	0.00105782276598565	0.165467990766538	0.123182514989406	-0.0422854757771323	0.000652824867390547	4.06786732935685e-06	0.0927988747130182	0.072907891142111	-0.0198909835709072
0.010737504343198	0.00083313309870616	0.0585023553875123	0.056712052881902	-0.0017903025056103	0.000323571059226193	2.10302800794526e-06	0.0190144301448975	0.0181696211830306	-0.000844808961866922
0.00549878992216957	0.000407144853084093	0.0245849513592039	0.0200337414701531	-0.00455120988905083	9.87359729298432e-05	7.18518610122158e-07	0.00381890307275877	0.00400671776439192	0.000187814691633148
0.0115261337160456	0.000943856035106962	0.122926690580589	0.124958852545235	0.00203216196464621	0.000367525632975245	2.64336874785435e-06	0.055723259915491	0.0615870546079175	0.00586379469242655
0.0127863386901262	0.000760843727092077	0.0995359562127789	0.0583743630803252	-0.0411615931324537	0.000457433698441386	2.53739109297624e-06	0.0457991643310933	0.0348653167900897	-0.0109338475410036
0.0100008336131982	0.000689681242267807	0.0844613490272275	0.0638822706610979	-0.0205790783661296	0.000288374849994646	1.99454662520148e-06	0.0317780312418189	0.0320804256830344	0.000302394441215464
0.0111541222942896	0.00080986506533515	0.0743417296413102	0.0651553119771396	-0.0091864176641706	0.000322477723366209	2.55442640135186e-06	0.0241370622302761	0.0345134985159959	0.0103764362857198
0.000783351558969244	6.26450910559568e-05	0.00116282351688106	0.0010725003445598	-9.0323172321264e-05	2.18234724131565e-05	2.08331930987225e-07	0.000695173986111855	0.00121113308028591	0.000515959094174058
0.00877267361114184	0.000507811906270226	0.0556724246546388	0.0311180509614307	-0.0245543736932081	0.00025601475533184	1.08076241249673e-06	0.0159534394381643	0.00731142326087398	-0.00864201617729035
0.0115574832127823	0.000699287437140684	0.0953785462426279	0.0556421412745833	-0.0397364049680446	0.00039216720633382	2.10111754889234e-06	0.0410470455932175	0.0251148047353055	-0.015932240857912
0.00874457227931466	0.000527835915174481	0.0616370359087082	0.0345534163379647	-0.0270836195707435	0.000220282374965409	1.24897282301997e-06	0.0155137885765447	0.00975853402772224	-0.00575525454882241
0.0138010025868565	0.0010084402342595	0.120164968680673	0.112267567177239	-0.00789740150343346	0.000457240538488876	2.7420000565663e-06	0.04707667355608	0.045245936345775	-0.00183073721030507
0.00732603451696526	0.000671579799722564	0.0340578194716023	0.0447591995928502	0.0107013801212479	0.000175454073976617	1.69562367796173e-06	0.00651692443953273	0.0127970337490214	0.00628010930948863
0.00923983757470773	0.000661483290095411	0.0731552822760087	0.0583158848072071	-0.0148393974688016	0.000233236234231444	1.77922918452876e-06	0.019593422121112	0.0240060774626986	0.00441265534158655
0.0115298829587093	0.000711401331492302	0.0967952936282223	0.0541859742731065	-0.0426093193551159	0.000384205908874961	2.17934897020836e-06	0.0463471263200099	0.0287379194549895	-0.0176092068650203
0.00950378985738997	0.000714083929948817	0.0647233213387936	0.0529866938318304	-0.0117366275069633	0.000274852080694606	1.76276464791184e-06	0.0200303267275124	0.0153485536119753	-0.00468177311553713
0.00808775639550999	0.000595072375796779	0.0471747793510105	0.0391425991333263	-0.0080321802176842	0.000191334587806279	1.34467005326847e-06	0.0106573660685388	0.0108053661017148	0.000148000033175976
0.000172055566317573	5.68194580552239e-05	6.44512320803755e-05	0.000963663194072683	0.000899211961992308	1.4544014468291e-05	3.6134621283029e-07	0.000322030739924693	0.00324886580916108	0.00292683506923639
0.0122532806180355	0.000787133255273621	0.0869044944489116	0.0603233281184655	-0.026581166330446	0.000435726434191198	2.49902364086393e-06	0.0347461497206748	0.029980944290347	-0.00476520543032783
0.00781442047339453	0.000494416394794438	0.053647509824598	0.035126325814522	-0.018521184010076	0.00025341847669129	1.09412774869247e-06	0.0177349223897723	0.00796423297516598	-0.0097706894146063
0.0111382179985864	0.000793520040855741	0.0855927492099293	0.0728639587872323	-0.012728790422697	0.000398066197785136	2.48685594605406e-06	0.0389847628601244	0.0373454622138361	-0.00163930064628837
0.0096871422586595	0.00062078845449137	0.0769642420850322	0.0501014216237246	-0.0268628204613076	0.000292557275413538	1.7059848041557e-06	0.0298198109218206	0.022114291277208	-0.00770551964461255
0.00967355187011707	0.000515901535132373	0.0628763232484028	0.0284215946603601	-0.0344547285880428	0.000310857428258632	1.34814708157501e-06	0.0232677252495418	0.0109221257892924	-0.0123455994602494
0.00907980251524384	0.000582647052433631	0.0517536296777454	0.0340477072145182	-0.0177059224632272	0.000214756229448185	1.25253853463401e-06	0.0113994995185511	0.00869156093057879	-0.00270793858797227
0.0113843060549225	0.000820096889263025	0.0933118304352608	0.0775146911448613	-0.0157971392903996	0.000424943661941255	2.61384155729379e-06	0.0477283033619184	0.0436198771811182	-0.00410842618080014
0.00978050094496967	0.00084092302034932	0.0695302223449934	0.0788406728229524	0.00931045047795896	0.000239373227480533	1.74723917459121e-06	0.017515453111449	0.020119017068264	0.00260356395681507
0.00678519885948498	0.000625216765355813	0.0372620822555771	0.0427569683305662	0.00549488607498914	0.000152564892776077	1.98540854989488e-06	0.00795040119972657	0.0176845654125434	0.00973416421281685
0.0127286359851017	0.000911152355150035	0.133783123697302	0.106989961758101	-0.0267931619392014	0.000502926505743407	3.12107391161894e-06	0.0697977744779401	0.0590792683317678	-0.0107185061461724
0.0112602270594974	0.000731811172134747	0.086547636544227	0.0606865509470882	-0.0258610855971388	0.00037216666430003	2.07252532587546e-06	0.0333561130844231	0.0262216654145956	-0.00713444766982747
0.00856683643327433	0.000620639139932056	0.0538787002476506	0.0475408963742787	-0.00633780387337194	0.000245326010949206	1.7898579042827e-06	0.0189437792232228	0.0212442411688639	0.00230046194564112
0.0136006381239392	0.00103447136817211	0.10018124424252	0.0966179704209265	-0.00356327382159306	0.00042308037735539	3.00827439507737e-06	0.0369190169278085	0.0412781184486173	0.00435910152080885
0.0122864417672659	0.000838107331312567	0.094712685802353	0.0731719694730037	-0.0215407163293492	0.000500757267812108	3.17418282088119e-06	0.0506886843828041	0.0462690288339011	-0.00441965554890302
0.010898687134436	0.000787533085701373	0.0995825312907245	0.080545644300914	-0.0190368869898106	0.000348666586329737	2.63534549049568e-06	0.0463574759402492	0.0480268483399026	0.00166937239965347
-0.000533065071626186	1.56886077448003e-05	0.000477026870193344	5.96367344298404e-05	-0.000417390135763504	-3.15358285608135e-05	-1.02412555664334e-07	0.00119088848766585	0.000228259186136948	-0.000962629301528906
0.00946293148923709	0.000799420168157565	0.0633454303610236	0.0686437428282172	0.00529831246719362	0.000340765876440199	2.3874439694001e-06	0.0295064694750335	0.0301963326197393	0.000689863144705826
0.0100492005824731	0.000755792854223935	0.0681280239122392	0.0600181536173892	-0.00810987029484999	0.000386023889704748	2.76561391258794e-06	0.0339833893386279	0.0354087463843419	0.00142535704571406
-0.00197102728477867	-0.000150586769080871	0.00822042065503412	0.00689441716789415	-0.00132600348713997	-8.51260250892255e-05	-5.48943983067936e-07	0.0112103974736272	0.00943574826106128	-0.00177464921256595
0.0135670651978163	0.000829836250637032	0.117961124199371	0.0713351497463074	-0.0466259744530639	0.000486468128671655	2.38513358455427e-06	0.0491684230916519	0.0299253490957304	-0.0192430739959215
0.0112430934604722	0.000908470523006253	0.0872885800098165	0.0898093280033008	0.00252074799348428	0.000302239388248344	2.37139192609341e-06	0.0270583639543293	0.0354736354569191	0.00841527150258978
-0.00216576252817825	-0.000234005916599782	0.00817952313914375	0.014077388671443	0.00589786553229929	-8.80239484732593e-05	-7.17984542316077e-07	0.00927595582557812	0.0138351249419051	0.004559169116327
0.00775422200172493	0.000532403597357901	0.0543487694729445	0.0382293734715416	-0.0161193960014029	0.000193444000632052	1.15555386139078e-06	0.0146810390823555	0.0105993156611201	-0.0040817234212354
0.0116219757620537	0.000719480952266928	0.0844004294624659	0.0525643030366788	-0.0318361264257871	0.000323274684712628	1.65961355009105e-06	0.0240845405256576	0.0151342169075445	-0.00895032361811312
0.0084593401870678	0.000546124467694069	0.0460409353771091	0.0308874680626821	-0.015153467314427	0.000208135311045554	1.24031508252266e-06	0.0114565359884936	0.00921644078040718	-0.00224009520808646
-4.35861404800432e-05	4.2786012727337e-05	4.26166840343076e-06	0.000598387937872137	0.000594126269468707	1.47725903942945e-05	2.09575799535621e-07	0.000336293469163889	0.00128969560792306	0.000953402138759171
0.00982171171265964	0.000723850418835664	0.07880811650395	0.0649376251134366	-0.0138704913905134	0.000261062790642795	1.6568514425873e-06	0.0241705229799365	0.0192485035250939	-0.00492201945484252
-0.00163364391984651	-0.000132025940526354	0.00490303054087387	0.00462306118169041	-0.000279969359183463	-4.56264716292817e-05	-3.56833051502162e-07	0.00301483572468682	0.00337772745712144	0.00036289173243462
0.0117048524787198	0.000775887528296833	0.09540810379438	0.0688245123800216	-0.0265835914143585	0.000373174415687887	2.36852276532903e-06	0.0356751825341114	0.0329950154191592	-0.00268016711495216
0.00689569550109653	0.00054995438703071	0.0488588018341763	0.0467064028481995	-0.00215239898597676	0.000191880076784807	1.28287544308305e-06	0.0165584357286513	0.0156070803377043	-0.000951355390946962
-0.000673382319759763	-3.8210243999562e-05	0.000944978741994723	0.000443774379087032	-0.000501204362907691	-2.91315011061923e-05	-1.43182444130201e-07	0.0013804974413025	0.000666871277451312	-0.000713626163851187
0.00852478298317885	0.000572809839619788	0.0587776932428248	0.0388001910856884	-0.0199775021571364	0.000213048441929108	1.36919324194222e-06	0.0168122602124338	0.0126688336296342	-0.00414342658279963
0.0102723898713271	0.000846366094041435	0.0867860237934003	0.0958176901138976	0.00903166632049732	0.000326765645925349	2.5316362488372e-06	0.034655377016708	0.0445906212122388	0.00993524419553076
0.0075958867873294	0.000615285002462075	0.0368960110609676	0.0381896528809612	0.00129364181999357	0.000167150317034703	1.35631510552305e-06	0.00757998803163474	0.0104100535838529	0.00283006555221818
0.00757641189795046	0.000712579927178282	0.0576792046257643	0.0688927416851672	0.011213537059403	0.000197152529062449	1.89533135726353e-06	0.0169444898447681	0.0247173578382032	0.00777286799343506
0.0120022102160223	0.000794903539476421	0.13647168159863	0.0917107823028426	-0.0447608992957869	0.000431928691262112	2.71381408588811e-06	0.068651891756655	0.05426924455439	-0.014382647202265
0.00860093165090527	0.000584712412098039	0.0550784429202031	0.041637949766145	-0.0134404931540581	0.000227958815712676	1.39226029736306e-06	0.0139319492248791	0.0122865404438864	-0.00164540878099267
0.0107931362920628	0.000766109746920992	0.0775319511985372	0.0600824219435287	-0.0174495292550085	0.000402435646075989	2.45702341634583e-06	0.0386282855468616	0.029883710325795	-0.00874457522106667
0.00866971465400798	0.000675403584779721	0.0654148682882418	0.0612895850545874	-0.00412528323365439	0.000247706955476418	1.73865939434718e-06	0.0222113172713078	0.0218615666457486	-0.00034975062555918
0.0113523767380482	0.000718837635858899	0.104590163212359	0.0629213384863951	-0.0416688247259641	0.000381898623327539	2.34761540489448e-06	0.0440358515269514	0.0304011224927422	-0.0136347290342092
0.0133067999295546	0.00102345928921185	0.104153225279824	0.0935966350176685	-0.0105565902621553	0.0003699176493341	2.98516492011908e-06	0.0295193985109679	0.0384050736147418	0.00888567510377396
0.0127603575871535	0.000774276086130984	0.101462128572555	0.0628086543084813	-0.0386534742640732	0.000419037646606194	2.17740111277881e-06	0.034451176777464	0.0228438092373756	-0.0116073675400885
0.00907263960735413	0.000720528968240802	0.0667887849248546	0.0620105726866137	-0.00477821223824095	0.000242134026821809	1.56039533520498e-06	0.0200018973633534	0.0167933489807237	-0.00320854838262962
-0.000269567094868039	-1.52815718403808e-05	0.000140622027643172	6.82759786805554e-05	-7.23460489626163e-05	-1.20324141059015e-05	1.04837227589624e-07	0.000189488937714282	0.000319479136943824	0.000129990199229542
0.00767730044764493	0.000628963755061251	0.040817999113225	0.0398496614164505	-0.000968337696774471	0.000229782367820772	1.70108071669513e-06	0.0139348017466904	0.0147512557957701	0.000816454049079684
0.00838864604696551	0.000601255286372412	0.0516980795088798	0.0396380000371029	-0.0120600794717768	0.000225339455947249	1.50280485130741e-06	0.0155519768294338	0.0151265064227626	-0.000425470406671258
0.00783661968240131	0.000465821645884842	0.0370335234354283	0.0207371245888075	-0.0162963988466208	0.000210294893049397	1.05823470261771e-06	0.00967467377441859	0.0054451876912218	-0.00422948608319679
0.00944607659284269	0.000739202843965444	0.0717656466312162	0.069203736739208	-0.00256190989200823	0.000306570545318374	2.2960630082254e-06	0.027957903821436	0.0348433413249506	0.0068854375035146
0.000275915141015641	1.17782641489778e-05	0.00014944288882786	3.62174078890514e-05	-0.000113225480938809	1.94855155508221e-05	9.99556310746767e-08	0.000480683688712799	0.000218032872794232	-0.000262650815918568
-0.00110284783910649	-0.000108229106815229	0.00242190246631206	0.00333400756625472	0.000912105099942658	-4.68115002795294e-05	-4.0212833694037e-07	0.00362439181281339	0.00508022392192442	0.00145583210911103
0.00787494470623397	0.000646618389390784	0.048649645096	0.0503500232591664	0.00170037816316641	0.000198835594392912	1.44202664725671e-06	0.0138711841526055	0.0149798763921725	0.001108692239567
0.00789561545858381	0.000583189214751629	0.047554420037801	0.041101315959266	-0.00645310407853505	0.00019757824396066	1.44280484829491e-06	0.013858046128644	0.0144852701211856	0.000627223992541549
0.00948077202484212	0.000735474923100494	0.0809392500419913	0.0770792349547671	-0.00386001508722421	0.0002913782064242	2.08867772679009e-06	0.0281527678605169	0.0342368512275088	0.00608408336699194
0.0119169330673675	0.000921454400818314	0.0968359410132294	0.0956830211654041	-0.00115291984782537	0.00040334920682633	2.6493177812453e-06	0.0452267266285882	0.0498840570710059	0.0046573304424177
-0.000670543463407817	-7.22471361188651e-05	0.000851069012499212	0.00142147651494795	0.000570407502448734	-2.83023951241113e-05	-2.8716421197013e-07	0.001170506241828	0.0024369201878965	0.00126641394606851
0.00947557337378871	0.000527171188813993	0.0655800291014712	0.0325435521009378	-0.0330364770005335	0.000350140039873847	1.75932958800012e-06	0.0322432213184287	0.0167799806444456	-0.0154632406739831
0.00887105978544786	0.000435681539694835	0.0545612294157027	0.023092211732431	-0.0314690176832717	0.000220059065623207	1.10515273561095e-06	0.013946289157774	0.0088643086149985	-0.00508198054277547
0.0104274113438242	0.000862032730176753	0.0824163977214882	0.0919714320894597	0.00955503436797145	0.000460494844534171	3.16162708203248e-06	0.0477996908307128	0.053943569720154	0.0061438788894412
0.0113550339325026	0.000810172246602197	0.0938508939943223	0.0772755476896239	-0.0165753463046984	0.000285822952832016	1.70147063670208e-06	0.0258159460857301	0.0221501930089588	-0.00366575307677131
0.00985738255363142	0.00053921935703936	0.0624629207592111	0.0268539995968335	-0.0356089211623776	0.000319593395048435	1.65563374215031e-06	0.0227094675905818	0.0119974199834214	-0.0107120476071604
0.00917491076731584	0.000648276498635121	0.0714337803035283	0.053898644993777	-0.0175351353097513	0.000228113348807528	1.68495466314629e-06	0.0210195214048143	0.0200342519911218	-0.000985269413692497
0.0130564026522438	0.000941098842273805	0.0991291205952532	0.0846437170837907	-0.0144854035114625	0.000411551070243599	2.87630560702884e-06	0.0378056490262227	0.0372353405101352	-0.000570308516087435
0.0113679207736846	0.000893795500612263	0.0894703367544258	0.0853061618733172	-0.00416417488110862	0.000336778921292107	2.25168885597691e-06	0.0317229337854727	0.0325261138589595	0.000803180073486807
0.0104960980298535	0.000755057471385819	0.0686941210442194	0.0541710082380042	-0.0145231128062152	0.000325844890916193	2.01691087794394e-06	0.0249756630064417	0.0194518441203356	-0.00552381888610608
0.00831256954141458	0.000670402094351374	0.060390740826626	0.0542652249795994	-0.00612551584702664	0.000177977712128219	1.55280955184322e-06	0.0134729853467173	0.0168046618030724	0.00333167645635508
0.0116317587625092	0.000900960684014277	0.113290572745187	0.104047028314632	-0.00924354443055439	0.000363699967443779	2.22367816885413e-06	0.0440470119133217	0.0353127337508836	-0.00873427816243807
0.00982163815671806	0.000624937991231282	0.0639805546154289	0.0396287902514326	-0.0243517643639963	0.000287183764128727	1.90740518072393e-06	0.0186592392006456	0.0151530043597109	-0.00350623484093471
0.00805248794776403	0.00070545782893746	0.0433679855184116	0.0505737399361613	0.00720575441774976	0.00020991471922096	1.64717340481812e-06	0.0123237877429433	0.0152481240190998	0.00292433627615642
0.0112368427667921	0.000821351914354731	0.0887615366355088	0.0743079310944267	-0.0144536055410821	0.000266705946194819	2.17430848762351e-06	0.0235941827832593	0.0292353473351863	0.00564116455192703
0.00938449174017558	0.000526006861749112	0.0627418119459471	0.0324225586668032	-0.0303192532791439	0.000267961808894544	1.27085001937638e-06	0.0194453335097876	0.0102735177605817	-0.00917181574920595
0.0114916473337155	0.00077595834359211	0.0858984122364567	0.0667540727743694	-0.0191443394620874	0.000409576785836808	2.4904440100011e-06	0.0360755391682506	0.0331459552843318	-0.00292958388391884
0.00852387139109723	0.000767021257711482	0.0621153791400839	0.0751605092201193	0.0130451300800354	0.000207166944026127	2.183922980134e-06	0.0168600513161654	0.0310102333329811	0.0141501820168157
0.0100331914153803	0.000626114036914815	0.0704499269131689	0.0414316955682863	-0.0290182313448825	0.000264589335838921	1.70180448798185e-06	0.0189572505639068	0.0158770974759694	-0.00308015308793741
0.0109928596950869	0.000873192710019264	0.069580821405692	0.0710715696441473	0.00149074823845524	0.000381146204028994	2.54082663180051e-06	0.0317419344181992	0.0304593318572115	-0.00128260256098775
