LR1_coefficients_null_raster	LR1_coefficients_layer_R	LR1_R2_null_raster	LR1_R2_layer_R	LR1_Q_layer_R	LR2_coefficients_null_raster	LR2_coefficients_layer_R	LR2_R2_null_raster	LR2_R2_layer_R	LR2_Q_layer_R
0.00900567904249643	0.00432437139020806	0.0852539411500502	0.0895733524906642	0.00431941134061398	0.000249312213201075	6.04744170117831e-05	0.0318336213661083	0.0369502514061801	0.00511663004007186
0.00709261107629482	0.00306478659437626	0.0449666710408697	0.0380931714522904	-0.00687349958857932	0.000224017770843076	4.53084063480565e-05	0.0165605544880432	0.0142630909517843	-0.00229746353625888
0.00769847013371499	0.00298114398395477	0.0335535666281145	0.0252358838547812	-0.00831768277333332	0.000196993991523941	3.64364603982659e-05	0.00738478822588077	0.00606254553146244	-0.00132224269441833
0.0079298758932325	0.00369473989977137	0.055084576564951	0.0557038698254451	0.000619293260494196	0.000188869855617948	4.19827538605822e-05	0.012215939462694	0.0128561661091071	0.000640226646413103
0.0101198371814072	0.00423317441824984	0.06595186519419	0.0569257785102296	-0.00902608668396041	0.000253950686140568	4.9223640541431e-05	0.0153472086003539	0.013670341425725	-0.00167686717462887
0.0103815247285852	0.00496516677601793	0.102746853337434	0.112024341645423	0.00927748830798858	0.000359120810372496	8.03855003262392e-05	0.0473112432349294	0.0539575346273741	0.00664629139244467
0.00913742416651822	0.00390815538550087	0.0841101821855359	0.0757084604318135	-0.00840172175372236	0.000246866085276892	4.48024283988406e-05	0.0239262214007748	0.0196372882114994	-0.00428893318927542
0.00542119302342565	0.00229769663157844	0.0269398561823459	0.0222335020626151	-0.00470635411973083	0.00017305460116603	3.36493877622814e-05	0.0112881689540197	0.00889617684258046	-0.0023919921114392
0.01539722801696	0.00685589623241725	0.165467990766538	0.151146608609773	-0.0143213821567652	0.000652824867390547	0.000143568385748665	0.0927988747130182	0.0866472398060737	-0.00615163490694447
0.010737504343198	0.0050747414022613	0.0585023553875123	0.0622285320925447	0.00372617670503241	0.000323571059226193	6.7739004982754e-05	0.0190144301448975	0.0189427852978801	-7.16448470174345e-05
0.00549878992216957	0.00244274356857665	0.0245849513592039	0.0225994631459638	-0.00198548821324011	9.87359729298432e-05	2.03337273848306e-05	0.00381890307275877	0.00353556375350081	-0.000283339319257967
0.0115261337160456	0.00556316842812217	0.122926690580589	0.132390880745476	0.00946419016488678	0.000367525632975245	7.96778991070171e-05	0.055723259915491	0.0593710309058834	0.00364777099039238
0.0127863386901262	0.00494296451895248	0.0995359562127789	0.074948369145391	-0.024587587067388	0.000457433698441386	7.81764030199371e-05	0.0457991643310933	0.0354909318726951	-0.0103082324583981
0.0100008336131982	0.00410549335912416	0.0844613490272275	0.070910204105419	-0.0135511449218084	0.000288374849994646	5.31115164490408e-05	0.0317780312418189	0.0273646066119812	-0.00441342462983774
0.0111541222942896	0.00486484204096153	0.0743417296413102	0.0714020857611127	-0.00293964388019749	0.000322477723366209	7.03820830092298e-05	0.0241370622302761	0.0288931065505233	0.00475604432024726
0.000783351558969244	0.000339926126553492	0.00116282351688106	0.0010329577577204	-0.000129865759160663	2.18234724131565e-05	5.27058000941612e-06	0.000695173986111855	0.000872982047557593	0.000177808061445738
0.00877267361114184	0.00336811390274692	0.0556724246546388	0.040950472644234	-0.0147219520104049	0.00025601475533184	4.16676380004299e-05	0.0159534394381643	0.0103099945767214	-0.00564344486144295
0.0115574832127823	0.00467588519599333	0.0953785462426279	0.0748848825052845	-0.0204936637373435	0.00039216720633382	7.70335258223547e-05	0.0410470455932175	0.0337548737773132	-0.00729217181590426
0.00874457227931466	0.00353379445723915	0.0616370359087082	0.0474780966255791	-0.0141589392831291	0.000220282374965409	4.18128273659744e-05	0.0155137885765447	0.0118981181652214	-0.0036156704113232
0.0138010025868565	0.00608601542194221	0.120164968680673	0.119999830078045	-0.000165138602627984	0.000457240538488876	8.95861767451277e-05	0.04707667355608	0.0463721070798746	-0.000704566476205419
0.00732603451696526	0.00375119364771478	0.0340578194716023	0.0418516900749715	0.00779387060336915	0.000175454073976617	4.6385503595948e-05	0.00651692443953273	0.00974808254333478	0.00323115810380205
0.00923983757470773	0.00396479765630835	0.0731552822760087	0.0656518721562194	-0.00750341011978933	0.000233236234231444	4.78007077661355e-05	0.019593422121112	0.0200407598682447	0.000447337747132726
0.0115298829587093	0.00478797539242992	0.0967952936282223	0.0749392951103595	-0.0218559985178629	0.000384205908874961	7.66430588522965e-05	0.0463471263200099	0.0366516762253321	-0.00969545009467775
0.00950378985738997	0.0042702702722801	0.0647233213387936	0.0599821657169748	-0.00474115562181883	0.000274852080694606	5.38240809057954e-05	0.0200303267275124	0.0164255503370988	-0.00360477639041355
0.00808775639550999	0.00352308114593654	0.0471747793510105	0.0433057826915073	-0.00386899665950315	0.000191334587806279	3.67936313529768e-05	0.0106573660685388	0.00940743451885368	-0.00124993154968516
0.000172055566317573	0.000201412545607256	6.44512320803755e-05	0.000396603846818345	0.000332152614737969	1.4544014468291e-05	6.98046741036852e-06	0.000322030739924693	0.00139718220251679	0.0010751514625921
0.0122532806180355	0.00508028499256535	0.0869044944489116	0.0733459483390856	-0.013558546109826	0.000435726434191198	8.58966786535688e-05	0.0347461497206748	0.0326873403949934	-0.00205880932568139
0.00781442047339453	0.00320360259154575	0.053647509824598	0.0441717576343762	-0.00947575219022183	0.00025341847669129	4.26535624909207e-05	0.0177349223897723	0.011808468849454	-0.00592645354031828
0.0111382179985864	0.00477947982326308	0.0855927492099293	0.0805253888757635	-0.00506736033416577	0.000398066197785136	7.83164700153281e-05	0.0389847628601244	0.0381347420041348	-0.00085002085598964
0.0096871422586595	0.00399068580063122	0.0769642420850322	0.0629625131546667	-0.0140017289303654	0.000292557275413538	5.68381024121041e-05	0.0298198109218206	0.0254600193492182	-0.0043597915726024
0.00967355187011707	0.00356858833278119	0.0628763232484028	0.0411702394353319	-0.021706083813071	0.000310857428258632	4.82077579658821e-05	0.0232677252495418	0.0136243912609279	-0.00964333398861393
0.00907980251524384	0.0037334247487248	0.0517536296777454	0.0426758400252402	-0.00907778965250517	0.000214756229448185	3.93226356393219e-05	0.0113994995185511	0.0092195133132929	-0.00217998620525816
0.0113843060549225	0.00503326797642538	0.0933118304352608	0.0875129781856586	-0.00579885224960221	0.000424943661941255	8.44477366061621e-05	0.0477283033619184	0.0444217429374889	-0.00330656042442952
0.00978050094496967	0.0046116810079621	0.0695302223449934	0.0750750305937419	0.00554480824874846	0.000239373227480533	4.80464546854151e-05	0.017515453111449	0.0168969114619769	-0.000618541649472101
0.00678519885948498	0.0033772360909573	0.0372620822555771	0.0413482849307892	0.00408620267521209	0.000152564892776077	4.43282776176997e-05	0.00795040119972657	0.0118242575905013	0.00387385639077468
0.0127286359851017	0.00563474624108025	0.133783123697302	0.122926768402616	-0.0108563552946859	0.000502926505743407	0.000102628884809055	0.0697977744779401	0.063492918713227	-0.0063048557647131
0.0112602270594974	0.00452269363467418	0.086547636544227	0.070548105779001	-0.015999530765226	0.00037216666430003	6.45131110899747e-05	0.0333561130844231	0.0266143755923913	-0.00674173749203183
0.00856683643327433	0.0037649735793878	0.0538787002476506	0.0512516615793844	-0.00262703866826624	0.000245326010949206	5.45487562139744e-05	0.0189437792232228	0.0199587930838611	0.00101501386063826
0.0136006381239392	0.00613494048119542	0.10018124424252	0.100416636537223	0.000235392294703637	0.00042308037735539	8.95205687617214e-05	0.0369190169278085	0.0378004769641008	0.000881460036292379
0.0122864417672659	0.00530457683402216	0.094712685802353	0.0859767504712458	-0.00873593533110718	0.000500757267812108	0.00010589311534813	0.0506886843828041	0.0500242676128453	-0.000664416769958834
0.010898687134436	0.00478593328491162	0.0995825312907245	0.0932515957331012	-0.00633093555762335	0.000348666586329737	7.87802743747613e-05	0.0463574759402492	0.0494539879242501	0.00309651198400097
-0.000533065071626186	-4.42309097749416e-05	0.000477026870193344	1.52673381708404e-05	-0.000461759532022504	-3.15358285608135e-05	-4.37200343687875e-06	0.00119088848766585	0.000469469393900932	-0.000721419093764922
0.00946293148923709	0.00454291635982026	0.0633454303610236	0.0693574693064788	0.00601203894545518	0.000340765876440199	7.19057183594208e-05	0.0295064694750335	0.0301667620068188	0.000660292531785268
0.0100492005824731	0.00460016132740876	0.0681280239122392	0.0672093641061254	-0.000918659806113831	0.000386023889704748	8.49221455777617e-05	0.0339833893386279	0.0349453790021665	0.000961989663538651
-0.00197102728477867	-0.000871379669294688	0.00822042065503412	0.0074242775213553	-0.00079614313367882	-8.51260250892255e-05	-1.75916557474501e-05	0.0112103974736272	0.0103125475549108	-0.000897849918716428
0.0135670651978163	0.00548237400821476	0.117961124199371	0.0926082142287861	-0.0253529099705852	0.000486468128671655	8.86842404946063e-05	0.0491684230916519	0.0381866581928201	-0.0109817648988319
0.0112430934604722	0.00534487455893518	0.0872885800098165	0.0933936727436613	0.00610509273384481	0.000302239388248344	6.94373707057091e-05	0.0270583639543293	0.0314655003295503	0.00440713637522106
-0.00216576252817825	-0.00118910837761602	0.00817952313914375	0.0116122136705689	0.00343269053142516	-8.80239484732593e-05	-2.09501485631406e-05	0.00927595582557812	0.0123227173684728	0.00304676154289466
0.00775422200172493	0.0032401789311429	0.0543487694729445	0.0448693160935172	-0.00947945337942727	0.000193444000632052	3.43381212140148e-05	0.0146810390823555	0.0107143339482178	-0.00396670513413768
0.0116219757620537	0.00476351660102901	0.0844004294624659	0.0680255503060251	-0.0163748791564408	0.000323274684712628	6.13423275778923e-05	0.0240845405256576	0.0197268239210804	-0.00435771660457721
0.0084593401870678	0.00345072330227527	0.0460409353771091	0.0373781889305373	-0.00866274644657179	0.000208135311045554	3.88086979121944e-05	0.0114565359884936	0.00923816731142744	-0.0022183686770662
-4.35861404800432e-05	0.000113284221580262	4.26166840343076e-06	0.000135508333664758	0.000131246665261328	1.47725903942945e-05	4.47615101615125e-06	0.000336293469163889	0.000646454061379626	0.000310160592215738
0.00982171171265964	0.00436827320784296	0.07880811650395	0.0737855539046894	-0.00502256259926054	0.000261062790642795	5.06016551934224e-05	0.0241705229799365	0.0202901278110403	-0.00388039516889614
-0.00163364391984651	-0.00075765542842412	0.00490303054087387	0.00493159280927083	2.85622683969585e-05	-4.56264716292817e-05	-1.03493101615745e-05	0.00301483572468682	0.00318284099681929	0.000168005272132466
0.0117048524787198	0.00487743793305132	0.09540810379438	0.0817560357161125	-0.0136520680782676	0.000373174415687887	7.16043411660397e-05	0.0356751825341114	0.0320926443754048	-0.00358253815870665
0.00689569550109653	0.00319303488956155	0.0488588018341763	0.0486531571603816	-0.000205644673794643	0.000191880076784807	3.93481769635639e-05	0.0165584357286513	0.0152459324915098	-0.00131250323714146
-0.000673382319759763	-0.000262486182282927	0.000944978741994723	0.000689490621138052	-0.00025548812085667	-2.91315011061923e-05	-5.15896647765553e-06	0.0013804974413025	0.0010096952149844	-0.000370802226318102
0.00852478298317885	0.0035602007648316	0.0587776932428248	0.0473770079218314	-0.0114006853209934	0.000213048441929108	4.24120748830539e-05	0.0168122602124338	0.0138738973547802	-0.00293836285765358
0.0102723898713271	0.00495631205982509	0.0867860237934003	0.0972735059095782	0.0104874821161779	0.000326765645925349	7.74919239717035e-05	0.034655377016708	0.0422177371279553	0.00756236011124727
0.0075958867873294	0.00372027571001148	0.0368960110609676	0.0413355280512141	0.00443951699024648	0.000167150317034703	4.27282214811393e-05	0.00757998803163474	0.00996700493753075	0.00238701690589601
0.00757641189795046	0.00381172468285667	0.0576792046257643	0.0650939298884618	0.00741472526269757	0.000197152529062449	5.01864542015269e-05	0.0169444898447681	0.0210431155017725	0.00409862565700434
0.0120022102160223	0.00498616398474198	0.13647168159863	0.111580336272963	-0.0248913453256662	0.000431928691262112	8.69244261307674e-05	0.068651891756655	0.0593706337392766	-0.0092812580173784
0.00860093165090527	0.00368209447830713	0.0550784429202031	0.0489755055256073	-0.00610293739459582	0.000227958815712676	4.50315585491696e-05	0.0139319492248791	0.0124395468926586	-0.00149240233222047
0.0107931362920628	0.00465339087811309	0.0775319511985372	0.0676404538592077	-0.00989149733932945	0.000402435646075989	7.91712889226106e-05	0.0386282855468616	0.031939319403344	-0.00668896614351764
0.00866971465400798	0.00397835247571246	0.0654148682882418	0.0650570406800078	-0.000357827608233913	0.000247706955476418	5.39965083456887e-05	0.0222113172713078	0.0220631953390153	-0.000148121932292435
0.0113523767380482	0.00464117547368327	0.104590163212359	0.0814389480612654	-0.0231512151510937	0.000381898623327539	7.33738252984817e-05	0.0440358515269514	0.0347806759850776	-0.00925517554187383
0.0133067999295546	0.00603363033989938	0.104153225279824	0.10204004040284	-0.00211318487698423	0.0003699176493341	8.14367166597936e-05	0.0295193985109679	0.0327958680200104	0.0032764695090425
0.0127603575871535	0.00515158622383761	0.101462128572555	0.0821454180968629	-0.0193167104756916	0.000419037646606194	7.36490129144996e-05	0.034451176777464	0.0262324620260266	-0.00821871475143745
0.00907263960735413	0.00412788235568292	0.0667887849248546	0.0657361753090346	-0.00105260961582004	0.000242134026821809	4.30783672061524e-05	0.0200018973633534	0.0155468435118687	-0.00445505385148471
-0.000269567094868039	-0.000114729628955661	0.000140622027643172	0.000122751409751754	-1.78706178914176e-05	-1.20324141059015e-05	6.37664902253004e-07	0.000189488937714282	1.24986067912682e-05	-0.000176990330923014
0.00767730044764493	0.00366783864920642	0.040817999113225	0.0425811416989478	0.00176314258572278	0.000229782367820772	5.06648908993535e-05	0.0139348017466904	0.0143093499125642	0.000374548165873786
0.00838864604696551	0.00371658909358836	0.0516980795088798	0.0467096773206136	-0.00498840218826611	0.000225339455947249	4.7472536504684e-05	0.0155519768294338	0.0154403695353357	-0.000111607294098178
0.00783661968240131	0.00314463173262738	0.0370335234354283	0.0284147919262182	-0.00861873150921007	0.000210294893049397	3.68830392181294e-05	0.00967467377441859	0.00671219818872192	-0.00296247558569667
0.00944607659284269	0.00439476644561168	0.0717656466312162	0.073528887874524	0.00176324124330784	0.000306570545318374	7.263537652816e-05	0.027957903821436	0.0337634313268541	0.00580552750541807
0.000275915141015641	4.24103964470013e-05	0.00014944288882786	1.60229025179002e-05	-0.00013341998630996	1.94855155508221e-05	2.75085567526794e-06	0.000480683688712799	0.000195879250208617	-0.000284804438504182
-0.00110284783910649	-0.000506573375029983	0.00242190246631206	0.00238884586501196	-3.30566013001044e-05	-4.68115002795294e-05	-1.01588740005313e-05	0.00362439181281339	0.00368341517519049	5.90233623771054e-05
0.00787494470623397	0.00368184997817071	0.048649645096	0.0513463470873581	0.00269670199135809	0.000198835594392912	4.33391056805979e-05	0.0138711841526055	0.0148591904787412	0.000988006326135691
0.00789561545858381	0.00351809017789859	0.047554420037801	0.0451379187397224	-0.00241650129807865	0.00019757824396066	4.36739825527282e-05	0.013858046128644	0.0139951631418447	0.000137117013200657
0.00948077202484212	0.00437644314581249	0.0809392500419913	0.0828851513798926	0.00194590133790123	0.0002913782064242	6.40020140036769e-05	0.0281527678605169	0.0321201251488451	0.00396735728832821
0.0119169330673675	0.00533309826884278	0.0968359410132294	0.0971039857610063	0.000268044747776863	0.00040334920682633	8.09110012387077e-05	0.0452267266285882	0.0458593273278033	0.000632600699215155
-0.000670543463407817	-0.000331327737174359	0.000851069012499212	0.000985125469027071	0.000134056456527859	-2.83023951241113e-05	-7.43094719596705e-06	0.001170506241828	0.00180830442510318	0.000637798183275183
0.00947557337378871	0.00359245545849306	0.0655800291014712	0.0458625115982987	-0.0197175175031725	0.000350140039873847	5.96283376033403e-05	0.0322432213184287	0.0214947282321017	-0.010748493086327
0.00887105978544786	0.00325111915688851	0.0545612294157027	0.0369181947443993	-0.0176430346713034	0.000220059065623207	4.07477721103783e-05	0.013946289157774	0.0114774354451252	-0.0024688537126488
0.0104274113438242	0.00496209693005721	0.0824163977214882	0.0918414629139364	0.00942506519244816	0.000460494844534171	9.61821182890515e-05	0.0477996908307128	0.0512131606116612	0.00341346978094838
0.0113550339325026	0.00507214462993587	0.0938508939943223	0.0897219664968886	-0.00412892749743372	0.000285822952832016	5.97829776518574e-05	0.0258159460857301	0.0255051689156841	-0.000310777170045986
0.00985738255363142	0.00381062182137816	0.0624629207592111	0.0416627505057858	-0.0208001702534254	0.000319593395048435	5.8877211640845e-05	0.0227094675905818	0.0159792796376136	-0.00673018795296819
0.00917491076731584	0.00398393589659396	0.0714337803035283	0.0620459781440585	-0.00938780215946981	0.000228113348807528	5.2443795547605e-05	0.0210195214048143	0.0203034849561295	-0.000716036448684777
0.0130564026522438	0.00584579757516831	0.0991291205952532	0.0961072893536933	-0.00302183124155986	0.000411551070243599	9.03781379987556e-05	0.0378056490262227	0.0385190475317961	0.000713398505573448
0.0113679207736846	0.00522964798451118	0.0894703367544258	0.0897145611071494	0.00024422435272356	0.000336778921292107	6.77356484460738e-05	0.0317229337854727	0.0306045865604413	-0.00111834722503147
0.0104960980298535	0.00467139456824812	0.0686941210442194	0.063691379166555	-0.00500274187766439	0.000325844890916193	6.42208534935912e-05	0.0249756630064417	0.02161225540256	-0.00336340760388174
0.00831256954141458	0.00380360965428054	0.060390740826626	0.0574316472643804	-0.00295909356224561	0.000177977712128219	3.88975417598037e-05	0.0134729853467173	0.0136670342935513	0.000194048946834073
0.0116317587625092	0.00531452350691543	0.113290572745187	0.111607050365887	-0.00168352237929943	0.000363699967443779	6.78224074542741e-05	0.0440470119133217	0.0357544100694623	-0.00829260184385937
0.00982163815671806	0.00420405780841302	0.0639805546154289	0.0544628176460396	-0.0095177369693893	0.000287183764128727	6.27189068231448e-05	0.0186592392006456	0.0177855093508147	-0.000873729849830859
0.00805248794776403	0.00399461556841162	0.0433679855184116	0.0502044122600194	0.00683642674160777	0.00020991471922096	4.84883625037398e-05	0.0123237877429433	0.0143446732911277	0.00202088554818439
0.0112368427667921	0.00491639910620678	0.0887615366355088	0.0814938380245303	-0.00726769861097849	0.000266705946194819	5.70027010375217e-05	0.0235941827832593	0.0237840819746478	0.000189899191388475
0.00938449174017558	0.00353529611058856	0.0627418119459471	0.044477258392996	-0.0182645535529511	0.000267961808894544	4.10048605292538e-05	0.0194453335097876	0.0118197811749262	-0.00762555233486146
0.0114916473337155	0.00491002499674224	0.0858984122364567	0.07762181626624	-0.00827659597021674	0.000409576785836808	8.17289983672148e-05	0.0360755391682506	0.0341636297029676	-0.00191190946528301
0.00852387139109723	0.00438350102455885	0.0621153791400839	0.074925032278946	0.0128096531388621	0.000207166944026127	5.86184488602185e-05	0.0168600513161654	0.0252795993017871	0.00841954798562169
0.0100331914153803	0.00404689858565874	0.0704499269131689	0.0536773884531283	-0.0167725384600405	0.000264589335838921	5.1862254541074e-05	0.0189572505639068	0.016009122285291	-0.00294812827861584
0.0109928596950869	0.00502212230984666	0.069580821405692	0.0723233276668591	0.00274250626116704	0.000381146204028994	7.47610258299991e-05	0.0317419344181992	0.0297179786701817	-0.00202395574801749
