LR1_coefficients_null_raster	LR1_coefficients_X19K_20240101.20241231_C	LR1_R2_null_raster	LR1_R2_X19K_20240101.20241231_C	LR1_Q_X19K_20240101.20241231_C	LR2_coefficients_null_raster	LR2_coefficients_X19K_20240101.20241231_C	LR2_R2_null_raster	LR2_R2_X19K_20240101.20241231_C	LR2_Q_X19K_20240101.20241231_C
0.00900567904249643	0.0145490710510063	0.0852539411500502	0.0937071292018604	0.00845318805181013	0.000249312213201075	0.000778907603248012	0.0318336213661083	0.0425913907383703	0.0107577693722621
0.00709261107629482	0.0145156445063045	0.0449666710408697	0.0782535512509651	0.0332868802100954	0.000224017770843076	0.00102664423263692	0.0165605544880432	0.0446121069320263	0.0280515524439831
0.00769847013371499	0.0161077153765714	0.0335535666281145	0.0595439811287103	0.0259904145005958	0.000196993991523941	0.00100309388476013	0.00738478822588077	0.0262407104226224	0.0188559221967416
0.0079298758932325	0.0136298452444093	0.055084576564951	0.0710653416584093	0.0159807650934583	0.000188869855617948	0.000701197106717561	0.012215939462694	0.0271912763820028	0.0149753369193089
0.0101198371814072	0.0197800259565633	0.06595186519419	0.108331433546093	0.0423795683519025	0.000253950686140568	0.00106909834586518	0.0153472086003539	0.0426992637940795	0.0273520551937257
0.0103815247285852	0.0153661423348217	0.102746853337434	0.0973650231290815	-0.00538183020835252	0.000359120810372496	0.000887453582232611	0.0473112432349294	0.0449514331043435	-0.00235981013058595
0.00913742416651822	0.0156865232274988	0.0841101821855359	0.108395709994402	0.0242855278088657	0.000246866085276892	0.000859635764604119	0.0239262214007748	0.0467219125554486	0.0227956911546737
0.00542119302342565	0.00885729912210377	0.0269398561823459	0.0301337186507774	0.00319386246843148	0.00017305460116603	0.000422962025954501	0.0112881689540197	0.0091458450645873	-0.00214232388943235
0.01539722801696	0.0234619873872386	0.165467990766538	0.180227963267635	0.0147599725010964	0.000652824867390547	0.00174655173016329	0.0927988747130182	0.121350653974076	0.0285517792610577
0.010737504343198	0.0193790265881939	0.0585023553875123	0.0832437013698524	0.0247413459823401	0.000323571059226193	0.00120134336129148	0.0190144301448975	0.0428829056209964	0.0238684754760988
0.00549878992216957	0.0108020727540338	0.0245849513592039	0.0381335108227704	0.0135485594635665	9.87359729298432e-05	0.000522164347513987	0.00381890307275877	0.0135509128188086	0.00973200974604981
0.0115261337160456	0.0179201268849892	0.122926690580589	0.129566045029925	0.00663935444933547	0.000367525632975245	0.00108114728077406	0.055723259915491	0.0763869417907144	0.0206636818752234
0.0127863386901262	0.0205678383461947	0.0995359562127789	0.116208448046191	0.016672491833412	0.000457433698441386	0.00126003597396729	0.0457991643310933	0.058161828995985	0.0123626646648917
0.0100008336131982	0.0159695191703506	0.0844613490272275	0.089872395518211	0.00541104649098353	0.000288374849994646	0.00082413006949782	0.0317780312418189	0.0406071567090217	0.00882912546720275
0.0111541222942896	0.0200478628182264	0.0743417296413102	0.101530672813071	0.027188943171761	0.000322477723366209	0.00104730102305662	0.0241370622302761	0.0390764787056502	0.0149394164753741
0.000783351558969244	0.000181483620961325	0.00116282351688106	1.8772526172297e-05	-0.00114405099070877	2.18234724131565e-05	-5.88520035417615e-05	0.000695173986111855	0.000600187576819572	-9.4986409292283e-05
0.00877267361114184	0.0157839996264786	0.0556724246546388	0.0761426278088282	0.0204702031541893	0.00025601475533184	0.000927357644276927	0.0159534394381643	0.0303459076137331	0.0143924681755688
0.0115574832127823	0.0205197838052022	0.0953785462426279	0.123692485277297	0.0283139390346691	0.00039216720633382	0.00133352991292575	0.0410470455932175	0.0658750298904837	0.0248279842972662
0.00874457227931466	0.016010379120628	0.0616370359087082	0.0853628225572591	0.0237257866485509	0.000220282374965409	0.000934174690695496	0.0155137885765447	0.03788237431684	0.0223685857402953
0.0138010025868565	0.021847139161549	0.120164968680673	0.141265072889596	0.0211001042089237	0.000457240538488876	0.00133674020052477	0.04707667355608	0.0734716478110555	0.0263949742549755
0.00732603451696526	0.0142721475552515	0.0340578194716023	0.0554678341608852	0.0214100146892829	0.000175454073976617	0.000680812420167538	0.00651692443953273	0.016028999172454	0.00951207473292131
0.00923983757470773	0.0161853784369816	0.0731552822760087	0.0932963453346382	0.0201410630586295	0.000233236234231444	0.000848565289725093	0.019593422121112	0.0358308557294735	0.0162374336083615
0.0115298829587093	0.0201243356702907	0.0967952936282223	0.12199627922832	0.0252009856000978	0.000384205908874961	0.00130942680159386	0.0463471263200099	0.071071420103453	0.0247242937834431
0.00950378985738997	0.0167514332951906	0.0647233213387936	0.0859561517602708	0.0212328304214772	0.000274852080694606	0.00110693762186063	0.0200303267275124	0.0456858718726279	0.0256555451451155
0.00808775639550999	0.0156138961510958	0.0471747793510105	0.0771476080057506	0.0299728286547401	0.000191334587806279	0.000855679685985211	0.0106573660685388	0.0333141734351522	0.0226568073666134
0.000172055566317573	-0.00171594035202075	6.44512320803755e-05	0.00192927003702317	0.0018648188049428	1.4544014468291e-05	-0.000145298269144329	0.000322030739924693	0.00349610439070515	0.00317407365078046
0.0122532806180355	0.021003483795815	0.0869044944489116	0.108303990861826	0.0213994964129144	0.000435726434191198	0.00149546299394501	0.0347461497206748	0.0603283982868094	0.0255822485661345
0.00781442047339453	0.0141801284987527	0.053647509824598	0.0816337017975907	0.0279861919729927	0.00025341847669129	0.000847156566278235	0.0177349223897723	0.0373046664037577	0.0195697440139854
0.0111382179985864	0.0182619235895801	0.0855927492099293	0.0962595462667436	0.0106667970568144	0.000398066197785136	0.00126860871032634	0.0389847628601244	0.0574310425700529	0.0184462797099285
0.0096871422586595	0.0185407005295138	0.0769642420850322	0.116609199664734	0.0396449575797019	0.000292557275413538	0.00130099731575901	0.0298198109218206	0.0760909843386217	0.0462711734168011
0.00967355187011707	0.0170754284031948	0.0628763232484028	0.0839841010676397	0.0211077778192369	0.000310857428258632	0.00101175366339232	0.0232677252495418	0.0376427420219948	0.014375016772453
0.00907980251524384	0.0177385975455121	0.0517536296777454	0.0824410257386168	0.0306873960608714	0.000214756229448185	0.000951965265631251	0.0113994995185511	0.0298168695511673	0.0184173700326162
0.0113843060549225	0.018220322712319	0.0933118304352608	0.100928310553669	0.00761648011840793	0.000424943661941255	0.00114270358299614	0.0477283033619184	0.0482712668476992	0.000542963485780777
0.00978050094496967	0.0184646666129948	0.0695302223449934	0.0994785269890164	0.029948304644023	0.000239373227480533	0.00116716460830154	0.017515453111449	0.0468163025789874	0.0293008494675384
0.00678519885948498	0.0104641639047781	0.0372620822555771	0.0399192034427482	0.00265712118717114	0.000152564892776077	0.00039659262348558	0.00795040119972657	0.00950758308325968	0.00155718188353311
0.0127286359851017	0.0189572627682909	0.133783123697302	0.128755609667071	-0.00502751403023122	0.000502926505743407	0.001211039500457	0.0697977744779401	0.0679250878697559	-0.00187268660818421
0.0112602270594974	0.0189755479762048	0.086547636544227	0.104059164882144	0.0175115283379171	0.00037216666430003	0.00130013109845575	0.0333561130844231	0.0576974165531348	0.0243413034687118
0.00856683643327433	0.0144195579001744	0.0538787002476506	0.0614572558636795	0.0075785556160289	0.000245326010949206	0.000904683526331673	0.0189437792232228	0.0324864453059942	0.0135426660827714
0.0136006381239392	0.0253710875597245	0.10018124424252	0.13480390620996	0.0346226619674405	0.00042308037735539	0.00178799182226849	0.0369190169278085	0.077557758383906	0.0406387414560975
0.0122864417672659	0.0198140281098715	0.094712685802353	0.107370468847111	0.0126577830447579	0.000500757267812108	0.00132172755523404	0.0506886843828041	0.0605404877422256	0.00985180335942144
0.010898687134436	0.019896722033503	0.0995825312907245	0.138465104965409	0.0388825736746848	0.000348666586329737	0.00149623135333996	0.0463574759402492	0.103617996267653	0.0572605203274038
-0.000533065071626186	-0.000406357247293254	0.000477026870193344	8.44948579878163e-05	-0.000392532012205528	-3.15358285608135e-05	-3.79208079427583e-05	0.00119088848766585	0.00017026631549908	-0.00102062217216677
0.00946293148923709	0.0162285589171697	0.0633454303610236	0.0832982813390264	0.0199528509780028	0.000340765876440199	0.00102954456255108	0.0295064694750335	0.0450165710930611	0.0155101016180276
0.0100492005824731	0.0156076728551274	0.0681280239122392	0.0710239255397517	0.00289590162751252	0.000386023889704748	0.000999184364498212	0.0339833893386279	0.0361966721892384	0.00221328285061057
-0.00197102728477867	-0.00172045097726514	0.00822042065503412	0.00168990405977787	-0.00653051659525625	-8.51260250892255e-05	-0.000135721897534768	0.0112103974736272	0.00297676358153057	-0.00823363389209667
0.0135670651978163	0.0229831379340445	0.117961124199371	0.148669492971933	0.0307083687725617	0.000486468128671655	0.00154771669156898	0.0491684230916519	0.0787790757523772	0.0296106526607252
0.0112430934604722	0.0195678410265085	0.0872885800098165	0.105331281309682	0.018042701299865	0.000302239388248344	0.00118507727482142	0.0270583639543293	0.0465272509689295	0.0194688870146002
-0.00216576252817825	-0.00238436291789019	0.00817952313914375	0.00319564645406789	-0.00498387668507586	-8.80239484732593e-05	-0.000119243316246221	0.00927595582557812	0.00231610293077705	-0.00695985289480107
0.00775422200172493	0.016675909102721	0.0543487694729445	0.0964620958453961	0.0421133263724516	0.000193444000632052	0.00112472983376937	0.0146810390823555	0.0531299685570162	0.0384489294746608
0.0116219757620537	0.022865772556544	0.0844004294624659	0.135008230379054	0.050607800916588	0.000323274684712628	0.00159820752161503	0.0240845405256576	0.0772921862603742	0.0532076457347165
0.0084593401870678	0.0163105408136621	0.0460409353771091	0.0695459084259332	0.0235049730488241	0.000208135311045554	0.000931067951239369	0.0114565359884936	0.0286652755121347	0.0172087395236411
-4.35861404800432e-05	-0.00200213039812496	4.26166840343076e-06	0.00260847093372685	0.00260420926532342	1.47725903942945e-05	-0.000118237778325544	0.000336293469163889	0.00235331461546499	0.0020170211463011
0.00982171171265964	0.018282793165636	0.07880811650395	0.114714436941733	0.035906320437783	0.000261062790642795	0.001096790239665	0.0241705229799365	0.0592319296833845	0.0350614067034481
-0.00163364391984651	-0.00132214784134282	0.00490303054087387	0.00102643628456117	-0.0038765942563127	-4.56264716292817e-05	-3.75766039638458e-05	0.00301483572468682	0.000263297576540348	-0.00275153814814647
0.0117048524787198	0.0195461024856204	0.09540810379438	0.11016358946315	0.0147554856687699	0.000373174415687887	0.00120006535507967	0.0356751825341114	0.054268056637056	0.0185928741029446
0.00689569550109653	0.0132090571497516	0.0488588018341763	0.0706978398812242	0.021839038047048	0.000191880076784807	0.000805015930402132	0.0165584357286513	0.0333151620735712	0.0167567263449199
-0.000673382319759763	-5.46945537826371e-05	0.000944978741994723	1.94065221619787e-06	-0.000943038089778525	-2.91315011061923e-05	-1.0827838179334e-05	0.0013804974413025	2.22943143387719e-05	-0.00135820312696373
0.00852478298317885	0.0155494112071274	0.0587776932428248	0.0864691067192947	0.0276914134764699	0.000213048441929108	0.000900585819016464	0.0168122602124338	0.0428904047731679	0.0260781445607341
0.0102723898713271	0.017479712188583	0.0867860237934003	0.101554389251926	0.0147683654585257	0.000326765645925349	0.00110938028636489	0.034655377016708	0.0496804620652182	0.0150250850485102
0.0075958867873294	0.0147605226793468	0.0368960110609676	0.057947553693365	0.0210515426323974	0.000167150317034703	0.000790539873691742	0.00757998803163474	0.02151081719615	0.0139308291645153
0.00757641189795046	0.0137558745526229	0.0576792046257643	0.0770264510959268	0.0193472464701626	0.000197152529062449	0.000791498998854672	0.0169444898447681	0.0357924703613982	0.01884798051663
0.0120022102160223	0.0193630690878942	0.13647168159863	0.152870423367201	0.016398741768571	0.000431928691262112	0.00138660548768818	0.068651891756655	0.100922588963442	0.0322706972067872
0.00860093165090527	0.0173855466624122	0.0550784429202031	0.0916814296604536	0.0366029867402505	0.000227958815712676	0.0010581814425094	0.0139319492248791	0.0406206233373508	0.0266886741124718
0.0107931362920628	0.0207808979028328	0.0775319511985372	0.11826852638884	0.0407365751903025	0.000402435646075989	0.00145698855188353	0.0386282855468616	0.0767097671990993	0.0380814816522377
0.00866971465400798	0.0166140765153472	0.0654148682882418	0.0874311806366613	0.0220163123484196	0.000247706955476418	0.000957613640915876	0.0222113172713078	0.0379854220403407	0.015774104769033
0.0113523767380482	0.0203015350940341	0.104590163212359	0.148294773496708	0.0437046102843491	0.000381898623327539	0.00138654391790508	0.0440358515269514	0.0923474236448986	0.0483115721179472
0.0133067999295546	0.0228925037879051	0.104153225279824	0.13892444007555	0.034771214795726	0.0003699176493341	0.00125355468703227	0.0295193985109679	0.0543091469575784	0.0247897484466105
0.0127603575871535	0.0238810328482071	0.101462128572555	0.14918545324719	0.0477233246746356	0.000419037646606194	0.00140665341479312	0.034451176777464	0.0646706031509788	0.0302194263735148
0.00907263960735413	0.0162734377698694	0.0667887849248546	0.0868260103269405	0.0200372254020859	0.000242134026821809	0.00106219062471383	0.0200018973633534	0.0466833238494243	0.0266814264860709
-0.000269567094868039	-0.000405198231510403	0.000140622027643172	9.0525131921639e-05	-5.00968957215327e-05	-1.20324141059015e-05	-7.7660875274922e-05	0.000189488937714282	0.000894187167785256	0.000704698230070974
0.00767730044764493	0.0151591993560523	0.040817999113225	0.0640544144266305	0.0232364153134055	0.000229782367820772	0.000999156522956793	0.0139348017466904	0.0352556687388591	0.0213208669921687
0.00838864604696551	0.0181394587340392	0.0516980795088798	0.0968112160499456	0.0451131365410659	0.000225339455947249	0.00109868241172112	0.0155519768294338	0.051524462864303	0.0359724860348692
0.00783661968240131	0.0169088256096074	0.0370335234354283	0.0711611850928893	0.034127661657461	0.000210294893049397	0.00120973101098155	0.00967467377441859	0.042906786000915	0.0332321122264964
0.00944607659284269	0.0151094739866429	0.0717656466312162	0.0798303571954666	0.00806471056425043	0.000306570545318374	0.000822775899051681	0.027957903821436	0.0323086519288323	0.00435074810739629
0.000275915141015641	0.000476288562412029	0.00014944288882786	0.000147406661762738	-2.03622706512196e-06	1.94855155508221e-05	2.96264962462535e-05	0.000480683688712799	0.00016009145969791	-0.000320592229014889
-0.00110284783910649	0.000891641064915547	0.00242190246631206	0.000428984700183823	-0.00199291776612824	-4.68115002795294e-05	9.37365412729007e-05	0.00362439181281339	0.00150338609804754	-0.00212100571476585
0.00787494470623397	0.0158220264255866	0.048649645096	0.0766335389274877	0.0279838938314877	0.000198835594392912	0.00090385343137631	0.0138711841526055	0.0340195729212036	0.0201483887685981
0.00789561545858381	0.0157285912396229	0.047554420037801	0.0732345360244872	0.0256801159866862	0.00019757824396066	0.000969357690351793	0.013858046128644	0.037721901000295	0.023863854871651
0.00948077202484212	0.0152668100053294	0.0809392500419913	0.0974931643891091	0.0165539143471177	0.0002913782064242	0.000906832780229435	0.0281527678605169	0.0451616336840034	0.0170088658234866
0.0119169330673675	0.0196496883890592	0.0968359410132294	0.106308231233446	0.00947229022021648	0.00040334920682633	0.00124717386746632	0.0452267266285882	0.0554858371078971	0.0102591104793089
-0.000670543463407817	-8.41299133282405e-05	0.000851069012499212	4.20184783294803e-06	-0.000846867164666264	-2.83023951241113e-05	-3.63927768806158e-06	0.001170506241828	2.28755738410124e-06	-0.00116821868444389
0.00947557337378871	0.0152466905444633	0.0655800291014712	0.0747441038757991	0.00916407477432786	0.000350140039873847	0.00091218625645661	0.0322432213184287	0.0370674399934056	0.00482421867497693
0.00887105978544786	0.018010964842332	0.0545612294157027	0.0873001150167875	0.0327388856010848	0.000220059065623207	0.00123960313225689	0.013946289157774	0.0458912659271313	0.0319449767693574
0.0104274113438242	0.0155074850551429	0.0824163977214882	0.0850708926779021	0.00265449495641386	0.000460494844534171	0.000914978329308099	0.0477996908307128	0.0383049138189942	-0.00949477701171864
0.0113550339325026	0.022026104044962	0.0938508939943223	0.138867291471233	0.0450163974769104	0.000285822952832016	0.00139143254638789	0.0258159460857301	0.0703666073199786	0.0445506612342485
0.00985738255363142	0.0174576321948834	0.0624629207592111	0.0819928938995269	0.0195299731403157	0.000319593395048435	0.00125212575681526	0.0227094675905818	0.0488419968296205	0.0261325292390387
0.00917491076731584	0.0163478126737659	0.0714337803035283	0.0958400669447682	0.0244062866412399	0.000228113348807528	0.000881565730670216	0.0210195214048143	0.0433074236904635	0.0222879022856492
0.0130564026522438	0.0202249609319237	0.0991291205952532	0.104527216283638	0.00539809568838474	0.000411551070243599	0.00117094761185085	0.0378056490262227	0.0524217580493342	0.0146161090231116
0.0113679207736846	0.0203480558907788	0.0894703367544258	0.123138855792199	0.0336685190377731	0.000336778921292107	0.00132506457070615	0.0317229337854727	0.0692863436103647	0.037563409824892
0.0104960980298535	0.0187582093720993	0.0686941210442194	0.0968177460292304	0.028123624985011	0.000325844890916193	0.00118071622138311	0.0249756630064417	0.0508486203169901	0.0258729573105484
0.00831256954141458	0.0148220197174415	0.060390740826626	0.0824489379383483	0.0220581971117223	0.000177977712128219	0.000810461802103675	0.0134729853467173	0.0353663294992442	0.0218933441525269
0.0116317587625092	0.0222938879844943	0.113290572745187	0.165948670804877	0.0526580980596903	0.000363699967443779	0.00166014799582448	0.0440470119133217	0.114263920515127	0.0702169086018056
0.00982163815671806	0.0170403914192251	0.0639805546154289	0.0880475815192522	0.0240670269038233	0.000287183764128727	0.000979555711595852	0.0186592392006456	0.037854067550582	0.0191948283499365
0.00805248794776403	0.0166930638413726	0.0433679855184116	0.0746417790360672	0.0312737935176556	0.00020991471922096	0.000942686726648328	0.0123237877429433	0.0323094962312139	0.0199857084882705
0.0112368427667921	0.0202139439737815	0.0887615366355088	0.119906386196036	0.0311448495605272	0.000266705946194819	0.00112373806080692	0.0235941827832593	0.0544957884387757	0.0309016056555164
0.00938449174017558	0.016510415128231	0.0627418119459471	0.0881258634561689	0.0253840515102218	0.000267961808894544	0.000981051267374478	0.0194453335097876	0.0404654233405852	0.0210200898307975
0.0114916473337155	0.0222821240131854	0.0858984122364567	0.128120797697164	0.0422223854607068	0.000409576785836808	0.0018367676323613	0.0360755391682506	0.0894657216137171	0.0533901824454665
0.00852387139109723	0.0146115409102265	0.0621153791400839	0.0750067973435806	0.0128914182034967	0.000207166944026127	0.000865292689926989	0.0168600513161654	0.0335337266795241	0.0166736753633586
0.0100331914153803	0.0186216646568679	0.0704499269131689	0.105636845342463	0.0351869184292944	0.000264589335838921	0.00103622914551067	0.0189572505639068	0.0428505106139281	0.0238932600500213
0.0109928596950869	0.0208472419711601	0.069580821405692	0.105106771876358	0.0355259504706659	0.000381146204028994	0.0015753375419336	0.0317419344181992	0.0747814481925726	0.0430395137743734
