LR1_coefficients_null_raster	LR1_coefficients_X19K_20240101.20241231_C	LR1_R2_null_raster	LR1_R2_X19K_20240101.20241231_C	LR1_Q_X19K_20240101.20241231_C	LR2_coefficients_null_raster	LR2_coefficients_X19K_20240101.20241231_C	LR2_R2_null_raster	LR2_R2_X19K_20240101.20241231_C	LR2_Q_X19K_20240101.20241231_C
0.00900567904249643	0.0158594424878798	0.0852539411500502	0.0884650919265573	0.00321115077650706	0.000249312213201075	0.000957028555071803	0.0318336213661083	0.0396490318440471	0.00781541047793882
0.00709261107629482	0.0165425898159246	0.0449666710408697	0.0823418129761286	0.0373751419352589	0.000224017770843076	0.00125748056972217	0.0165605544880432	0.0455858515068384	0.0290252970187952
0.00769847013371499	0.0188152750646706	0.0335535666281145	0.0651815945166844	0.0316280278885699	0.000196993991523941	0.00142526803911181	0.00738478822588077	0.0330341977235788	0.025649409497698
0.0079298758932325	0.0153423825464414	0.055084576564951	0.0711889588652752	0.0161043823003242	0.000188869855617948	0.000924827012265492	0.012215939462694	0.0304457705527559	0.018229831090062
0.0101198371814072	0.0229490974346584	0.06595186519419	0.117019407193939	0.0510675419997487	0.000253950686140568	0.00146369007226724	0.0153472086003539	0.0508688386269036	0.0355216300265497
0.0103815247285852	0.0168258164403099	0.102746853337434	0.0923888541978349	-0.0103579991395991	0.000359120810372496	0.00110057258658665	0.0473112432349294	0.0427693407302119	-0.00454190250471753
0.00913742416651822	0.0175433502449347	0.0841101821855359	0.10937875221934	0.0252685700338044	0.000246866085276892	0.00112533585991309	0.0239262214007748	0.0518675040338772	0.0279412826331023
0.00542119302342565	0.0103279701056003	0.0269398561823459	0.031354920774691	0.00441506459234505	0.00017305460116603	0.000517373995688387	0.0112881689540197	0.0080620410800017	-0.00322612787401795
0.01539722801696	0.0244331237929757	0.165467990766538	0.163466240168202	-0.00200175059833604	0.000652824867390547	0.00201821033221521	0.0927988747130182	0.110514091274992	0.0177152165619739
0.010737504343198	0.0223066060678247	0.0585023553875123	0.0870927546398982	0.0285903992523859	0.000323571059226193	0.00162465039488776	0.0190144301448975	0.0481156154468868	0.0291011853019893
0.00549878992216957	0.012800996114739	0.0245849513592039	0.0416228679534692	0.0170379165942653	9.87359729298432e-05	0.000783813330506613	0.00381890307275877	0.0178258676325737	0.0140069645598149
0.0115261337160456	0.018979599945796	0.122926690580589	0.119009816532742	-0.00391687404784696	0.000367525632975245	0.00127280505389392	0.055723259915491	0.0706259297367409	0.0149026698212499
0.0127863386901262	0.0231977141315481	0.0995359562127789	0.121253428932745	0.0217174727199663	0.000457433698441386	0.00165092134508638	0.0457991643310933	0.0654361805321112	0.0196370162010179
0.0100008336131982	0.017300309900854	0.0844613490272275	0.0840941010211208	-0.000367248006106727	0.000288374849994646	0.00105961807612841	0.0317780312418189	0.041835403599175	0.0100573723573561
0.0111541222942896	0.0221885575864831	0.0743417296413102	0.098968594886616	0.0246268652453058	0.000322477723366209	0.00135505991107697	0.0241370622302761	0.0390645113373421	0.014927449107066
0.000783351558969244	0.000727443285062407	0.00116282351688106	0.000252436809930454	-0.000910386706950609	2.18234724131565e-05	-1.77557103782737e-05	0.000695173986111855	3.68695595526899e-05	-0.000658304426559165
0.00877267361114184	0.0178387567547518	0.0556724246546388	0.0781516876029992	0.0224792629483603	0.00025601475533184	0.00116899929335888	0.0159534394381643	0.0307339692166233	0.014780529778459
0.0115574832127823	0.0230451316565142	0.0953785462426279	0.126989720632993	0.0316111743903649	0.00039216720633382	0.00166018880304521	0.0410470455932175	0.0679851886646372	0.0269381430714197
0.00874457227931466	0.0178800622663125	0.0616370359087082	0.0875190217341401	0.0258819858254319	0.000220282374965409	0.00127047713263289	0.0155137885765447	0.0450185764537372	0.0295047878771925
0.0138010025868565	0.0231202866039623	0.120164968680673	0.133514614464143	0.0133496457834701	0.000457240538488876	0.00158017842233087	0.04707667355608	0.0711908528532472	0.0241141792971671
0.00732603451696526	0.0162493508270904	0.0340578194716023	0.0592499027781211	0.0251920833065188	0.000175454073976617	0.000858863041977496	0.00651692443953273	0.01801826281545	0.0115013383759172
0.00923983757470773	0.0187226448715606	0.0731552822760087	0.0955338282510028	0.0223785459749941	0.000233236234231444	0.00115197919685553	0.019593422121112	0.0393021252841327	0.0197087031630207
0.0115298829587093	0.0231088872512317	0.0967952936282223	0.126949459148396	0.0301541655201737	0.000384205908874961	0.00182516859039922	0.0463471263200099	0.0804775113686916	0.0341303850486817
0.00950378985738997	0.01882274279645	0.0647233213387936	0.0873077380956194	0.0225844167568258	0.000274852080694606	0.00152383643675109	0.0200303267275124	0.0528094291320878	0.0327791024045754
0.00808775639550999	0.018212022350851	0.0471747793510105	0.0808168574334297	0.0336420780824192	0.000191334587806279	0.00111729211815773	0.0106573660685388	0.0349170683083317	0.0242597022397928
0.000172055566317573	-0.00223231283906992	6.44512320803755e-05	0.0024788837983718	0.00241443256629143	1.4544014468291e-05	-0.000223923414738593	0.000322030739924693	0.00507946507667068	0.00475743433674599
0.0122532806180355	0.0225596448970251	0.0869044944489116	0.104319526185182	0.0174150317362704	0.000435726434191198	0.00181949279981629	0.0347461497206748	0.0623054446366274	0.0275592949159526
0.00781442047339453	0.0157773658404697	0.053647509824598	0.0835630653493842	0.0299155555247862	0.00025341847669129	0.00097579091685459	0.0177349223897723	0.0358398646395492	0.018104942249777
0.0111382179985864	0.0201841596067734	0.0855927492099293	0.0942094277249718	0.00861667851504257	0.000398066197785136	0.00157938088513244	0.0389847628601244	0.0559318799165342	0.0169471170564098
0.0096871422586595	0.0210697820902306	0.0769642420850322	0.120248012125773	0.0432837700407406	0.000292557275413538	0.00174328654864759	0.0298198109218206	0.0824234631895902	0.0526036522677697
0.00967355187011707	0.0188993670358591	0.0628763232484028	0.0834525595403012	0.0205762362918984	0.000310857428258632	0.00121159637760049	0.0232677252495418	0.0367852405550235	0.0135175153054817
0.00907980251524384	0.0205910928576203	0.0517536296777454	0.0875010037707804	0.035747374093035	0.000214756229448185	0.00136872275499938	0.0113994995185511	0.0360787660911387	0.0246792665725876
0.0113843060549225	0.0196546559375303	0.0933118304352608	0.0963345291408747	0.0030226987056139	0.000424943661941255	0.001297489618055	0.0477283033619184	0.0424876061274183	-0.00524069723450005
0.00978050094496967	0.0209708792737812	0.0695302223449934	0.102413596645745	0.0328833743007517	0.000239373227480533	0.00153283060105283	0.017515453111449	0.0511328081894128	0.0336173550779638
0.00678519885948498	0.011588078507445	0.0372620822555771	0.0396103962138344	0.00234831395825735	0.000152564892776077	0.000573116794516999	0.00795040119972657	0.0117993322050653	0.00384893100533875
0.0127286359851017	0.0196801026043401	0.133783123697302	0.113970265574412	-0.0198128581228904	0.000502926505743407	0.00136093709706847	0.0697977744779401	0.0581739378617231	-0.011623836616217
0.0112602270594974	0.0211393685793976	0.086547636544227	0.103222944848676	0.0166753083044494	0.00037216666430003	0.00172362453808136	0.0333561130844231	0.0622151459018117	0.0288590328173886
0.00856683643327433	0.0142791011213553	0.0538787002476506	0.0497193140449349	-0.00415938620271574	0.000245326010949206	0.000947414134370262	0.0189437792232228	0.0237452185170692	0.00480143929384638
0.0136006381239392	0.0273529965936964	0.10018124424252	0.126334354119805	0.0261531098772855	0.00042308037735539	0.0022840128230511	0.0369190169278085	0.0770624745331442	0.0401434576053358
0.0122864417672659	0.0207108200017215	0.094712685802353	0.0981852392396716	0.00347255343731863	0.000500757267812108	0.0015529385849739	0.0506886843828041	0.0558530220552217	0.00516433767241751
0.010898687134436	0.0219802965878932	0.0995825312907245	0.137873282972671	0.0382907516819462	0.000348666586329737	0.00191613709262571	0.0463574759402492	0.105846582176562	0.059489106236313
-0.000533065071626186	0.000100022892206078	0.000477026870193344	4.12406885126367e-06	-0.000472902801342081	-3.15358285608135e-05	2.89520673690012e-05	0.00119088848766585	6.39363624881937e-05	-0.00112695212517766
0.00946293148923709	0.0179228592641453	0.0633454303610236	0.0821673084641773	0.0188218781031537	0.000340765876440199	0.00123774695385721	0.0295064694750335	0.0427536424085297	0.0132471729334962
0.0100492005824731	0.0176155859414882	0.0681280239122392	0.0715207526978597	0.00339272878562043	0.000386023889704748	0.00131787545850516	0.0339833893386279	0.0391003840507621	0.00511699471213425
-0.00197102728477867	-0.000953233311574006	0.00822042065503412	0.000416772134933538	-0.00780364852010058	-8.51260250892255e-05	-9.6739474190466e-05	0.0112103974736272	0.000957374105644342	-0.0102530233679829
0.0135670651978163	0.0248619486301765	0.117961124199371	0.144584908522119	0.026623784322748	0.000486468128671655	0.00184862837376279	0.0491684230916519	0.0780764152633933	0.0289079921717413
0.0112430934604722	0.0222035714623907	0.0872885800098165	0.106405988554638	0.0191174085448212	0.000302239388248344	0.00167409624884971	0.0270583639543293	0.0534444119139603	0.026386047959631
-0.00216576252817825	-0.0016363647667049	0.00817952313914375	0.00125745506058431	-0.00692206807855945	-8.80239484732593e-05	-8.73045812693821e-05	0.00927595582557812	0.000854810735931064	-0.00842114508964705
0.00775422200172493	0.0191691720312421	0.0543487694729445	0.102359943354929	0.0480111738819846	0.000193444000632052	0.00148986550182899	0.0146810390823555	0.0605500155203036	0.0458689764379481
0.0116219757620537	0.0252597784877027	0.0844004294624659	0.136700530800554	0.0523001013380882	0.000323274684712628	0.00208754837281953	0.0240845405256576	0.0870168847127657	0.062932344187108
0.0084593401870678	0.0184589734469168	0.0460409353771091	0.0699302632749876	0.0238893278978785	0.000208135311045554	0.0012324516691271	0.0114565359884936	0.0295912698671244	0.0181347338786308
-4.35861404800432e-05	-0.00268158715137295	4.26166840343076e-06	0.00365599448295264	0.00365173281454921	1.47725903942945e-05	-0.0001742879586525	0.000336293469163889	0.0032289739485343	0.00289268047937041
0.00982171171265964	0.0208313775947141	0.07880811650395	0.119912173451198	0.0411040569472481	0.000261062790642795	0.00148592625129208	0.0241705229799365	0.0683528279795756	0.0441823049996392
-0.00163364391984651	-0.000856645712775006	0.00490303054087387	0.000352935452013948	-0.00455009508885992	-4.56264716292817e-05	-1.32651016863837e-05	0.00301483572468682	2.17748849035691e-05	-0.00299306083978325
0.0117048524787198	0.0213750120670802	0.09540810379438	0.107732902652621	0.0123247988582409	0.000373174415687887	0.00146007678927658	0.0356751825341114	0.0553057365769975	0.0196305540428861
0.00689569550109653	0.0143103361416112	0.0488588018341763	0.0691240079055312	0.0202652060713549	0.000191880076784807	0.000979696404840556	0.0165584357286513	0.0334569462495408	0.0168985105208895
-0.000673382319759763	0.000180557840719214	0.000944978741994723	1.67742994716376e-05	-0.000928204442523085	-2.91315011061923e-05	7.17143110763284e-06	0.0013804974413025	6.23233164119872e-06	-0.0013742651096613
0.00852478298317885	0.0177360781250939	0.0587776932428248	0.0913151995279021	0.0325375062850773	0.000213048441929108	0.00123139594417419	0.0168122602124338	0.0506797464834661	0.0338674862710322
0.0102723898713271	0.0189284431084536	0.0867860237934003	0.0965998055130598	0.00981378171965955	0.000326765645925349	0.00135315092038761	0.034655377016708	0.04697624949491	0.012320872478202
0.0075958867873294	0.0165933408124659	0.0368960110609676	0.0596836692173142	0.0227876581563466	0.000167150317034703	0.00102670218305839	0.00757998803163474	0.0233205132742072	0.0157405252425725
0.00757641189795046	0.0154655711547509	0.0576792046257643	0.0781899574651556	0.0205107528393914	0.000197152529062449	0.00102971700280494	0.0169444898447681	0.0392166905479336	0.0222722007031654
0.0120022102160223	0.0216921875692236	0.13647168159863	0.153108168855468	0.0166364872568382	0.000431928691262112	0.0018583093783008	0.068651891756655	0.109055582630199	0.0404036908735444
0.00860093165090527	0.0194854584421994	0.0550784429202031	0.0950270682305393	0.0399486253103363	0.000227958815712676	0.00132171791571288	0.0139319492248791	0.0437135610830165	0.0297816118581374
0.0107931362920628	0.0238656620071254	0.0775319511985372	0.125821076841714	0.0482891256431766	0.000402435646075989	0.00186351442782197	0.0386282855468616	0.0830843993576479	0.0444561138107862
0.00866971465400798	0.0189152890473241	0.0654148682882418	0.0889035839806473	0.0234887156924056	0.000247706955476418	0.00127646183599345	0.0222113172713078	0.0413961821572428	0.019184864885935
0.0113523767380482	0.0231314179198123	0.104590163212359	0.153647928480984	0.0490577652686251	0.000381898623327539	0.00184432281612295	0.0440358515269514	0.101345996417483	0.057310144890532
0.0133067999295546	0.0248819910735156	0.104153225279824	0.134105142191705	0.0299519169118816	0.0003699176493341	0.00147194352737465	0.0295193985109679	0.0498494663210226	0.0203300678100548
0.0127603575871535	0.0273140991428144	0.101462128572555	0.153666877673941	0.0522047491013867	0.000419037646606194	0.00188414763948576	0.034451176777464	0.0711413352667533	0.0366901584892892
0.00907263960735413	0.0178991733819919	0.0667887849248546	0.0865850986571032	0.0197963137322486	0.000242134026821809	0.00139813014531794	0.0200018973633534	0.0531513436875875	0.0331494463242342
-0.000269567094868039	-0.00016521524942178	0.000140622027643172	1.22999665428176e-05	-0.000128322061100354	-1.20324141059015e-05	-6.8638675103868e-05	0.000189488937714282	0.000475618772621884	0.000286129834907602
0.00767730044764493	0.017664924490675	0.040817999113225	0.0695208425016445	0.0287028433884195	0.000229782367820772	0.00135931902790933	0.0139348017466904	0.041541949034345	0.0276071472876546
0.00838864604696551	0.0212727432844169	0.0516980795088798	0.106651615996451	0.054953536487571	0.000225339455947249	0.00146914934996774	0.0155519768294338	0.059639816612147	0.0440878397827131
0.00783661968240131	0.0204052829500761	0.0370335234354283	0.0823018086189626	0.0452682851835344	0.000210294893049397	0.00173380240743167	0.00967467377441859	0.0572247296128475	0.0475500558384289
0.00944607659284269	0.0161182246652047	0.0717656466312162	0.0758876966391514	0.0041220500079352	0.000306570545318374	0.000928105743941076	0.027957903821436	0.029337157428562	0.001379253607126
0.000275915141015641	0.0012751453117297	0.00014944288882786	0.000858730555054684	0.000709287666226824	1.94855155508221e-05	9.32214199508252e-05	0.000480683688712799	0.00107759050940777	0.000596906820694967
-0.00110284783910649	0.0013083753839903	0.00242190246631206	0.000687551926005431	-0.00173435054030663	-4.68115002795294e-05	0.000116758617163296	0.00362439181281339	0.00130387795421494	-0.00232051385859844
0.00787494470623397	0.0187801724141445	0.048649645096	0.0814396461860011	0.032790001090001	0.000198835594392912	0.00132905454614817	0.0138711841526055	0.0400395870531347	0.0261684029005292
0.00789561545858381	0.0175668603361977	0.047554420037801	0.0734547768310679	0.0259003567932668	0.00019757824396066	0.00125586139994354	0.013858046128644	0.0392466890862326	0.0253886429575886
0.00948077202484212	0.0158030869370335	0.0809392500419913	0.0878865745898353	0.00694732454784393	0.0002913782064242	0.000997411454869856	0.0281527678605169	0.0389682204936859	0.010815452633169
0.0119169330673675	0.021769281721836	0.0968359410132294	0.102952251272011	0.00611631025878133	0.00040334920682633	0.00161045875268914	0.0452267266285882	0.0550460897751048	0.00981936314651666
-0.000670543463407817	0.000276208537929782	0.000851069012499212	3.61195754138926e-05	-0.00081494943708532	-2.83023951241113e-05	1.89863256765321e-05	0.001170506241828	4.21030547132047e-05	-0.00112840318711479
0.00947557337378871	0.0164073633009031	0.0655800291014712	0.0709670773944229	0.00538704829295168	0.000350140039873847	0.0010909865973055	0.0322432213184287	0.0351014790424975	0.0028582577240688
0.00887105978544786	0.0205733907675423	0.0545612294157027	0.0917458796045811	0.0371846501888785	0.000220059065623207	0.00160849706586945	0.013946289157774	0.0505432421655	0.036596953007726
0.0104274113438242	0.0165329071608469	0.0824163977214882	0.081648501013163	-0.00076789670832525	0.000460494844534171	0.00105573611531119	0.0477996908307128	0.0367823232447762	-0.0110173675859366
0.0113550339325026	0.0253841034218511	0.0938508939943223	0.147775752761276	0.053924858766954	0.000285822952832016	0.0018526650160011	0.0258159460857301	0.0811682202077092	0.0553522741219791
0.00985738255363142	0.0190899107202843	0.0624629207592111	0.0813992242177008	0.0189363034584896	0.000319593395048435	0.0015686423784502	0.0227094675905818	0.0534284891890178	0.030719021598436
0.00917491076731584	0.0185748267420723	0.0714337803035283	0.0984215778199664	0.0269877975164381	0.000228113348807528	0.00123392527354285	0.0210195214048143	0.0505628378351271	0.0295433164303128
0.0130564026522438	0.0220531580271696	0.0991291205952532	0.0960073480142664	-0.00312177258098673	0.000411551070243599	0.00149520015763335	0.0378056490262227	0.0503650016457959	0.0125593526195733
0.0113679207736846	0.0221795293936921	0.0894703367544258	0.121235088298176	0.0317647515437499	0.000336778921292107	0.0015670769991541	0.0317229337854727	0.0667452051727129	0.0350222713872402
0.0104960980298535	0.0209691318139563	0.0686941210442194	0.100219928144411	0.0315258071001916	0.000325844890916193	0.00149823486764415	0.0249756630064417	0.0552393963160966	0.0302637333096549
0.00831256954141458	0.0163643750237335	0.060390740826626	0.0818189755712108	0.0214282347445848	0.000177977712128219	0.00111490369579853	0.0134729853467173	0.0415050642648181	0.0280320789181008
0.0116317587625092	0.0257434549552297	0.113290572745187	0.173966925999926	0.0606763532547396	0.000363699967443779	0.00230341899973809	0.0440470119133217	0.133146959347625	0.0890999474343029
0.00982163815671806	0.0187426570005326	0.0639805546154289	0.0889151266787323	0.0249345720633034	0.000287183764128727	0.00135653393608162	0.0186592392006456	0.0463689633051452	0.0277097241044996
0.00805248794776403	0.0190029017760562	0.0433679855184116	0.0793338636861247	0.0359658781677131	0.00020991471922096	0.00124557420673334	0.0123237877429433	0.0373452214523244	0.025021433709381
0.0112368427667921	0.0226091637552939	0.0887615366355088	0.1201150796515	0.0313535430159912	0.000266705946194819	0.00143432176188389	0.0235941827832593	0.0568796759863556	0.0332854932030963
0.00938449174017558	0.0182911781861733	0.0627418119459471	0.0898357200066101	0.027093908060663	0.000267961808894544	0.00126922604889801	0.0194453335097876	0.0443056590869092	0.0248603255771215
0.0114916473337155	0.0238501053475622	0.0858984122364567	0.120149809928899	0.0342513976924424	0.000409576785836808	0.00223620566695674	0.0360755391682506	0.0872725519687809	0.0511970128005303
0.00852387139109723	0.015644108320616	0.0621153791400839	0.0708546271431444	0.00873924800306058	0.000207166944026127	0.00103283365609466	0.0168600513161654	0.0312491964593893	0.0143891451432239
0.0100331914153803	0.021732323458561	0.0704499269131689	0.113325814531941	0.0428758876187724	0.000264589335838921	0.00141700302789252	0.0189572505639068	0.0494968045120029	0.0305395539480961
0.0109928596950869	0.023658906885318	0.069580821405692	0.108678480833029	0.0390976594273366	0.000381146204028994	0.00207513684340357	0.0317419344181992	0.0824993384034208	0.0507574039852216
