LR1_coefficients_null_raster	LR1_coefficients_layer_R	LR1_R2_null_raster	LR1_R2_layer_R	LR1_Q_layer_R	LR2_coefficients_null_raster	LR2_coefficients_layer_R	LR2_R2_null_raster	LR2_R2_layer_R	LR2_Q_layer_R
0.00900567904249643	5.20874892176682e-05	0.0852539411500502	0.106682123564808	0.0214281824147578	0.000249312213201075	1.10429618260347e-08	0.0318336213661083	0.0671455691661713	0.0353119478000631
0.00709261107629482	4.39303273990716e-05	0.0449666710408697	0.0673652066814236	0.0223985356405539	0.000224017770843076	9.35181933706162e-09	0.0165605544880432	0.0327505556967351	0.0161900012086919
0.00769847013371499	4.91638657653849e-05	0.0335535666281145	0.0575693354490189	0.0240157688209044	0.000196993991523941	9.7845717964766e-09	0.00738478822588077	0.0252024174887156	0.0178176292628348
0.0079298758932325	4.8344145031103e-05	0.055084576564951	0.0790358265283325	0.0239512499633816	0.000188869855617948	1.07510317503995e-08	0.012215939462694	0.0434232150985628	0.0312072756358688
0.0101198371814072	6.08442886953987e-05	0.06595186519419	0.102773760794239	0.0368218956000486	0.000253950686140568	1.23839654515152e-08	0.0153472086003539	0.0505837432074316	0.0352365346070777
0.0103815247285852	4.98028870471504e-05	0.102746853337434	0.0996921112400034	-0.00305474209743065	0.000359120810372496	9.86544582494538e-09	0.0473112432349294	0.0506546040853654	0.00334336085043604
0.00913742416651822	4.91902054466663e-05	0.0841101821855359	0.102835449586395	0.0187252674008594	0.000246866085276892	9.43686021498708e-09	0.0239262214007748	0.0506841815523261	0.0267579601515512
0.00542119302342565	3.15072546669723e-05	0.0269398561823459	0.0351417318624024	0.00820187568005648	0.00017305460116603	6.66610802821342e-09	0.0112881689540197	0.0174828746930277	0.006194705739008
0.01539722801696	7.02436504125346e-05	0.165467990766538	0.169967438667686	0.00449944790114798	0.000652824867390547	1.80572838785798e-08	0.0927988747130182	0.137817005882698	0.0450181311696799
0.010737504343198	5.07170966252738e-05	0.0585023553875123	0.0594627682827893	0.000960412895277034	0.000323571059226193	1.05889999940099e-08	0.0190144301448975	0.0351320507574412	0.0161176206125436
0.00549878992216957	4.03435483497677e-05	0.0245849513592039	0.0451297007955587	0.0205447494363548	9.87359729298432e-05	9.10339795758649e-09	0.00381890307275877	0.0254442628485161	0.0216253597757574
0.0115261337160456	5.64150360115002e-05	0.122926690580589	0.121119979369789	-0.00180671121080005	0.000367525632975245	1.28902936800476e-08	0.055723259915491	0.0876442517445981	0.0319209918291071
0.0127863386901262	6.48712269823304e-05	0.0995359562127789	0.11750630978866	0.0179703535758815	0.000457433698441386	1.60090453281308e-08	0.0457991643310933	0.0808979154946797	0.0350987511635864
0.0100008336131982	5.25384076130566e-05	0.0844613490272275	0.0954269579010245	0.010965608873797	0.000288374849994646	1.20136697613498e-08	0.0317780312418189	0.0727493292333834	0.0409712979915645
0.0111541222942896	5.7361247433061e-05	0.0743417296413102	0.0822282673827728	0.00788653774146257	0.000322477723366209	1.23274015111309e-08	0.0241370622302761	0.0427896188327107	0.0186525566024346
0.000783351558969244	7.53394303186383e-06	0.00116282351688106	0.00250331264756137	0.00134048913068031	2.18234724131565e-05	4.87736382250375e-10	0.000695173986111855	0.00024570434120975	-0.000449469644902105
0.00877267361114184	5.74349337337257e-05	0.0556724246546388	0.109419578191767	0.0537471535371279	0.00025601475533184	1.30860484550182e-08	0.0159534394381643	0.0628727545142593	0.046919315076095
0.0115574832127823	6.44140477306609e-05	0.0953785462426279	0.121068930871073	0.0256903846284454	0.00039216720633382	1.74351972628515e-08	0.0410470455932175	0.100303066727973	0.0592560211347554
0.00874457227931466	5.14284320413001e-05	0.0616370359087082	0.078785436591587	0.0171484006828788	0.000220282374965409	1.01799726300793e-08	0.0155137885765447	0.0333157976979554	0.0178020091214108
0.0138010025868565	6.47130626498164e-05	0.120164968680673	0.118100314885483	-0.0020646537951894	0.000457240538488876	1.72668151012526e-08	0.04707667355608	0.0868518553038601	0.0397751817477801
0.00732603451696526	4.48455625861666e-05	0.0340578194716023	0.052619081160689	0.0185612616890867	0.000175454073976617	9.72636288599592e-09	0.00651692443953273	0.0270501618246866	0.0205332373851539
0.00923983757470773	5.67210153046174e-05	0.0731552822760087	0.103670624402185	0.0305153421261765	0.000233236234231444	1.1080760829122e-08	0.019593422121112	0.0481345669471163	0.0285411448260043
0.0115298829587093	5.79111386551373e-05	0.0967952936282223	0.101617332608476	0.00482203898025386	0.000384205908874961	1.35609858535641e-08	0.0463471263200099	0.0782907513005549	0.031943624980545
0.00950378985738997	5.89345797473086e-05	0.0647233213387936	0.094953953097399	0.0302306317586054	0.000274852080694606	1.51507261435411e-08	0.0200303267275124	0.067214844721639	0.0471845179941266
0.00808775639550999	5.3029088665991e-05	0.0471747793510105	0.077370517802664	0.0301957384516535	0.000191334587806279	1.16541918681837e-08	0.0106573660685388	0.0441223994166695	0.0334650333481307
0.000172055566317573	-3.7006493158068e-08	6.44512320803755e-05	7.67545724833706e-08	-6.43744775078921e-05	1.4544014468291e-05	-8.8677810786577e-11	0.000322030739924693	9.07715141689587e-06	-0.000312953588507797
0.0122532806180355	5.46968687360873e-05	0.0869044944489116	0.0789462296918566	-0.00795826475705498	0.000435726434191198	1.22835368115308e-08	0.0347461497206748	0.0432581598050907	0.0085120100844159
0.00781442047339453	5.09143069675106e-05	0.053647509824598	0.0960187531648755	0.0423712433402775	0.00025341847669129	1.12629483561368e-08	0.0177349223897723	0.0524138137096974	0.0346788913199252
0.0111382179985864	5.40210887662519e-05	0.0855927492099293	0.0764004763795313	-0.00919227283039799	0.000398066197785136	1.28711616004516e-08	0.0389847628601244	0.0498619028109288	0.0108771399508044
0.0096871422586595	5.55041172570111e-05	0.0769642420850322	0.102692272846977	0.0257280307619447	0.000292557275413538	1.38905023208267e-08	0.0298198109218206	0.0758319628600297	0.0460121519382091
0.00967355187011707	3.80218819401226e-05	0.0628763232484028	0.0410740423588045	-0.0218022808895983	0.000310857428258632	7.96547420617477e-09	0.0232677252495418	0.022186888347742	-0.00108083690179981
0.00907980251524384	5.16155157507085e-05	0.0517536296777454	0.0695115285842191	0.0177578989064737	0.000214756229448185	1.07661424586713e-08	0.0113994995185511	0.0325131994834248	0.0211136999648737
0.0113843060549225	5.96546881285378e-05	0.0933118304352608	0.105578871354619	0.012267040919358	0.000424943661941255	1.5201892632555e-08	0.0477283033619184	0.0756342969650214	0.027905993603103
0.00978050094496967	6.55616465740562e-05	0.0695302223449934	0.125856687682142	0.056326465337149	0.000239373227480533	1.48240833217369e-08	0.017515453111449	0.0783209515575967	0.0608054984461478
0.00678519885948498	4.006577496593e-05	0.0372620822555771	0.0519323743939286	0.0146702921383515	0.000152564892776077	7.1098061760481e-09	0.00795040119972657	0.0191804937035747	0.0112300925038481
0.0127286359851017	5.97262636683219e-05	0.133783123697302	0.121311532675185	-0.0124715910221167	0.000502926505743407	1.428022626441e-08	0.0697977744779401	0.0773751572325254	0.00757738275458526
0.0112602270594974	5.22089996914327e-05	0.086547636544227	0.0830355116762569	-0.00351212486797008	0.00037216666430003	1.13594896709172e-08	0.0333561130844231	0.0480920622496213	0.0147359491651983
0.00856683643327433	4.32784207675037e-05	0.0538787002476506	0.0553887672689366	0.00151006702128602	0.000245326010949206	8.59276831356433e-09	0.0189437792232228	0.0279429708611148	0.00899919163789197
0.0136006381239392	8.34794846825963e-05	0.10018124424252	0.142935856808107	0.0427546125655873	0.00042308037735539	1.9865013123416e-08	0.0369190169278085	0.0916410007412906	0.0547219838134822
0.0122864417672659	5.3151824321442e-05	0.094712685802353	0.0775193445393725	-0.0171933412629805	0.000500757267812108	1.14027652925542e-08	0.0506886843828041	0.0412826092927698	-0.00940607509003435
0.010898687134436	5.6814142949277e-05	0.0995825312907245	0.0935381919818004	-0.00604433930892408	0.000348666586329737	1.52244016437548e-08	0.0463574759402492	0.0716148608846105	0.0252573849443613
-0.000533065071626186	7.60502785016995e-07	0.000477026870193344	2.8753757860313e-05	-0.000448273112333031	-3.15358285608135e-05	-2.56395773380245e-10	0.00119088848766585	7.39658165955491e-05	-0.0011169226710703
0.00946293148923709	5.7318170879998e-05	0.0633454303610236	0.0919528545097805	0.0286074241487569	0.000340765876440199	1.43486916656361e-08	0.0295064694750335	0.0589010985673057	0.0293946290922722
0.0100492005824731	5.75511255011195e-05	0.0681280239122392	0.105851859015269	0.0377238351030297	0.000386023889704748	1.24024628579667e-08	0.0339833893386279	0.0733892748627464	0.0394058855241186
-0.00197102728477867	-5.87857311963507e-06	0.00822042065503412	0.00180275533787794	-0.00641766531715618	-8.51260250892255e-05	-1.18117361677318e-09	0.0112103974736272	0.00171146394721294	-0.0094989335264143
0.0135670651978163	7.4516703521242e-05	0.117961124199371	0.15369571660739	0.0357345924080183	0.000486468128671655	2.07535688557508e-08	0.0491684230916519	0.116483607952877	0.0673151848612249
0.0112430934604722	6.79152077840387e-05	0.0872885800098165	0.116818250330172	0.0295296703203552	0.000302239388248344	1.52385719500264e-08	0.0270583639543293	0.0647448400637792	0.0376864761094499
-0.00216576252817825	-1.00814764029644e-05	0.00817952313914375	0.00546874186217478	-0.00271078127696898	-8.80239484732593e-05	-2.02188242256433e-09	0.00927595582557812	0.00577464956067335	-0.00350130626490476
0.00775422200172493	4.88035916582423e-05	0.0543487694729445	0.0806827946157761	0.0263340251428316	0.000193444000632052	1.03228603409231e-08	0.0146810390823555	0.0458550693020815	0.0311740302197261
0.0116219757620537	6.317878040218e-05	0.0844004294624659	0.105443755105349	0.0210433256428834	0.000323274684712628	1.31301276866026e-08	0.0240845405256576	0.0510516413845088	0.0269671008588511
0.0084593401870678	5.9104781169155e-05	0.0460409353771091	0.0909636073322315	0.0449226719551224	0.000208135311045554	1.25314466492193e-08	0.0114565359884936	0.0460872475758908	0.0346307115873972
-4.35861404800432e-05	-2.00684110506466e-06	4.26166840343076e-06	0.000227929829869879	0.000223668161466448	1.47725903942945e-05	-3.06307611717789e-10	0.000336293469163889	0.000138748523587767	-0.000197544945576121
0.00982171171265964	5.52201482260841e-05	0.07880811650395	0.0996296339074597	0.0208215174035097	0.000261062790642795	1.12887640849209e-08	0.0241705229799365	0.0549626114598272	0.0307920884798907
-0.00163364391984651	-8.81488046105709e-06	0.00490303054087387	0.00421359608212738	-0.00068943445874649	-4.56264716292817e-05	-1.11344349341549e-09	0.00301483572468682	0.00202418521750402	-0.000990650507182802
0.0117048524787198	6.34215677095113e-05	0.09540810379438	0.117653966349989	0.0222458625556087	0.000373174415687887	1.6243026719465e-08	0.0356751825341114	0.0894370518437507	0.0537618693096393
0.00689569550109653	3.74993670318679e-05	0.0488588018341763	0.0520735140105522	0.00321471217637586	0.000191880076784807	7.12316314732229e-09	0.0165584357286513	0.0218305097756991	0.00527207404704786
-0.000673382319759763	1.0771423401963e-06	0.000944978741994723	6.08557799921808e-05	-0.000884122962002542	-2.91315011061923e-05	6.35791554142123e-10	0.0013804974413025	0.000529683974283646	-0.000850813467018853
0.00852478298317885	5.00388517301514e-05	0.0587776932428248	0.0837687404816927	0.0249910472388679	0.000213048441929108	1.01890383967466e-08	0.0168122602124338	0.0414693718242049	0.0246571116117711
0.0102723898713271	5.60319798846375e-05	0.0867860237934003	0.104778287010309	0.0179922632169089	0.000326765645925349	1.37564125170359e-08	0.034655377016708	0.0687019333685021	0.0340465563517941
0.0075958867873294	5.56463151797881e-05	0.0368960110609676	0.0770537502811748	0.0401577392202072	0.000167150317034703	1.07279863048919e-08	0.00757998803163474	0.0323974194114737	0.0248174313798389
0.00757641189795046	4.42127694651487e-05	0.0576792046257643	0.0800663550358253	0.0223871504100611	0.000197152529062449	9.99409562907969e-09	0.0169444898447681	0.0522750775833763	0.0353305877386082
0.0120022102160223	5.81907529077416e-05	0.13647168159863	0.137024736976158	0.000553055377528727	0.000431928691262112	1.33014588279093e-08	0.068651891756655	0.0993938261045259	0.0307419343478708
0.00860093165090527	5.45455149086299e-05	0.0550784429202031	0.0898489019535417	0.0347704590333386	0.000227958815712676	1.40886440365665e-08	0.0139319492248791	0.0622303549094158	0.0482984056845367
0.0107931362920628	6.41814787156804e-05	0.0775319511985372	0.126281240546617	0.0487492893480798	0.000402435646075989	1.70936202307404e-08	0.0386282855468616	0.110272541328778	0.0716442557819164
0.00866971465400798	4.56052765581953e-05	0.0654148682882418	0.0645446214484954	-0.000870246839746319	0.000247706955476418	9.62604549911731e-09	0.0222113172713078	0.0358155648518312	0.0136042475805235
0.0113523767380482	5.87318989976556e-05	0.104590163212359	0.128598329802684	0.0240081665903249	0.000381898623327539	1.40141996903743e-08	0.0440358515269514	0.0904579664114791	0.0464221148845277
0.0133067999295546	7.23409038652924e-05	0.104153225279824	0.137147496425432	0.0329942711456083	0.0003699176493341	1.71463192961028e-08	0.0295193985109679	0.0817511943146703	0.0522317958037025
0.0127603575871535	7.73302520210462e-05	0.101462128572555	0.147066643951116	0.045604515378561	0.000419037646606194	1.93815395508114e-08	0.034451176777464	0.0942960955714702	0.0598449187940061
0.00907263960735413	4.76805312701404e-05	0.0667887849248546	0.0722430264877223	0.0054542415628677	0.000242134026821809	1.04956710652879e-08	0.0200018973633534	0.0401981743373016	0.0201962769739482
-0.000269567094868039	-2.75599405254166e-06	0.000140622027643172	0.000369866514299988	0.000229244486656816	-1.20324141059015e-05	-1.45262942910096e-09	0.000189488937714282	0.00227586036372014	0.00208637142600586
0.00767730044764493	4.05967977434021e-05	0.040817999113225	0.04502668810027	0.00420868898704499	0.000229782367820772	8.16676453898921e-09	0.0139348017466904	0.0202482322479928	0.00631343050130242
0.00838864604696551	5.19797819639433e-05	0.0516980795088798	0.0820661421205387	0.0303680626116589	0.000225339455947249	1.14292667518835e-08	0.0155519768294338	0.0555037654293243	0.0399517885998904
0.00783661968240131	5.18078650163118e-05	0.0370335234354283	0.0647473464209176	0.0277138229854893	0.000210294893049397	1.12189165363233e-08	0.00967467377441859	0.0342853086484049	0.0246106348739863
0.00944607659284269	5.00478617687355e-05	0.0717656466312162	0.0885136123280476	0.0167479656968314	0.000306570545318374	1.29551388993086e-08	0.027957903821436	0.0629791946446813	0.0350212908232453
0.000275915141015641	5.756865694784e-06	0.00014944288882786	0.00193857358890086	0.001789130700073	1.94855155508221e-05	1.5976065415772e-09	0.000480683688712799	0.0039611844381386	0.00348050074942581
-0.00110284783910649	-3.95496850290079e-06	0.00242190246631206	0.000713217136476203	-0.00170868532983586	-4.68115002795294e-05	-1.54509312735142e-09	0.00362439181281339	0.00265471257296126	-0.000969679239852122
0.00787494470623397	4.86554883583159e-05	0.048649645096	0.0640709759087653	0.0154213308127653	0.000198835594392912	1.00052717932443e-08	0.0138711841526055	0.0301722773817087	0.0163010932291032
0.00789561545858381	4.90892181584814e-05	0.047554420037801	0.0716281024688427	0.0240736824310417	0.00019757824396066	1.00280609619715e-08	0.013858046128644	0.0369405021852881	0.0230824560566441
0.00948077202484212	4.50049142169407e-05	0.0809392500419913	0.0735750739680569	-0.00736417607393444	0.0002913782064242	9.10531993212434e-09	0.0281527678605169	0.0347003869566096	0.00654761909609273
0.0119169330673675	6.15230366884189e-05	0.0968359410132294	0.102204971195156	0.00536903018192611	0.00040334920682633	1.37627881111808e-08	0.0452267266285882	0.0606627887888022	0.015436062160214
-0.000670543463407817	-4.80559963928391e-06	0.000851069012499212	0.00127059404875242	0.000419525036253206	-2.83023951241113e-05	-1.0475292388295e-09	0.001170506241828	0.00163215227992419	0.000461646038096192
0.00947557337378871	4.80626860046237e-05	0.0655800291014712	0.075231694346902	0.00965166524543082	0.000350140039873847	1.14857230766494e-08	0.0322432213184287	0.0476912542891562	0.0154480329707275
0.00887105978544786	5.49558404473152e-05	0.0545612294157027	0.0807236947855345	0.0261624653698318	0.000220059065623207	1.43870679922481e-08	0.013946289157774	0.053653781563641	0.039707492405867
0.0104274113438242	4.98952841909891e-05	0.0824163977214882	0.0811746096178009	-0.00124178810368733	0.000460494844534171	1.11447435704846e-08	0.0477996908307128	0.0450435296656345	-0.00275616116507825
0.0113550339325026	6.36500327955205e-05	0.0938508939943223	0.10907899236205	0.0152280983677277	0.000285822952832016	1.28242081627436e-08	0.0258159460857301	0.0535656576120997	0.0277497115263696
0.00985738255363142	4.99104104747173e-05	0.0624629207592111	0.0641940709152396	0.00173115015602848	0.000319593395048435	1.19809642663319e-08	0.0227094675905818	0.0385878566130851	0.0158783890225033
0.00917491076731584	5.88815602249499e-05	0.0714337803035283	0.11188693247968	0.0404531521761517	0.000228113348807528	1.31020401808058e-08	0.0210195214048143	0.0733113326814426	0.0522918112766284
0.0130564026522438	6.93771970104723e-05	0.0991291205952532	0.121059278469016	0.0219301578737633	0.000411551070243599	1.65955706948774e-08	0.0378056490262227	0.08778729022918	0.0499816412029574
0.0113679207736846	6.96588161682587e-05	0.0894703367544258	0.140587694414806	0.0511173576603802	0.000336778921292107	1.54267383323181e-08	0.0317229337854727	0.0915711052132182	0.0598481714277454
0.0104960980298535	5.77728132732952e-05	0.0686941210442194	0.0870894771935141	0.0183953561492947	0.000325844890916193	1.35421390649221e-08	0.0249756630064417	0.0553393795698802	0.0303637165634385
0.00831256954141458	4.3915714614357e-05	0.060390740826626	0.0694707932071067	0.00908005238048065	0.000177977712128219	8.55954217606689e-09	0.0134729853467173	0.0324677007333542	0.0189947153866369
0.0116317587625092	6.33311148028724e-05	0.113290572745187	0.121831290391656	0.00854071764646955	0.000363699967443779	1.50466010564205e-08	0.0440470119133217	0.0754332036796435	0.0313861917663218
0.00982163815671806	5.7100908543798e-05	0.0639805546154289	0.0924220703595193	0.0284415157440904	0.000287183764128727	1.5276268799973e-08	0.0186592392006456	0.0640940958955296	0.0454348566948841
0.00805248794776403	4.18884132556483e-05	0.0433679855184116	0.0455011744470218	0.00213318892861019	0.00020991471922096	8.26961634649052e-09	0.0123237877429433	0.0195677084902928	0.00724392074734949
0.0112368427667921	5.98228692884488e-05	0.0887615366355088	0.111151115530549	0.0223895788950405	0.000266705946194819	1.15654893415308e-08	0.0235941827832593	0.0578590645712572	0.0342648817879979
0.00938449174017558	5.25969473977195e-05	0.0627418119459471	0.0837503933534386	0.0210085814074914	0.000267961808894544	1.26313657928909e-08	0.0194453335097876	0.0515951387983307	0.0321498052885431
0.0114916473337155	6.52480870752304e-05	0.0858984122364567	0.104777820026114	0.0188794077896577	0.000409576785836808	1.80021420332404e-08	0.0360755391682506	0.0727114206541575	0.0366358814859069
0.00852387139109723	5.00407073276164e-05	0.0621153791400839	0.076861232255371	0.0147458531152871	0.000207166944026127	9.73771512310426e-09	0.0168600513161654	0.0347150143685925	0.0178549630524271
0.0100331914153803	6.03761304296498e-05	0.0704499269131689	0.104662057670244	0.0342121307570748	0.000264589335838921	1.48473501525282e-08	0.0189572505639068	0.0649809023427036	0.0460236517787968
0.0109928596950869	6.21054615445804e-05	0.069580821405692	0.0877731940973947	0.0181923726917027	0.000381146204028994	1.73886663872865e-08	0.0317419344181992	0.0717984253947732	0.040056490976574
