LR1_coefficients_null_raster	LR1_coefficients_layer_C	LR1_R2_null_raster	LR1_R2_layer_C	LR1_Q_layer_C	LR2_coefficients_null_raster	LR2_coefficients_layer_C	LR2_R2_null_raster	LR2_R2_layer_C	LR2_Q_layer_C
0.00900567904249643	0.295692087589559	0.0852539411500502	0.050731178760834	-0.0345227623892163	0.000249312213201075	0.225957855135104	0.0318336213661083	0.00833953341927749	-0.0234940879468308
0.00709261107629482	0.235363779368564	0.0449666710408697	0.030332976669707	-0.0146336943711627	0.000224017770843076	0.288855537099052	0.0165605544880432	0.0116416227856685	-0.0049189317023747
0.00769847013371499	0.14046084224387	0.0335535666281145	0.0109102846183	-0.0226432820098146	0.000196993991523941	0.0716605913841909	0.00738478822588077	0.00130210723227221	-0.00608268099360856
0.0079298758932325	0.255137808958252	0.055084576564951	0.0386751500505099	-0.016409426514441	0.000188869855617948	0.185489560043966	0.012215939462694	0.00785611532997889	-0.00435982413271506
0.0101198371814072	0.299948708547671	0.06595186519419	0.0394443457226434	-0.0265075194715467	0.000253950686140568	0.281432969551885	0.0153472086003539	0.0095308401659031	-0.00581636843445076
0.0103815247285852	0.403197273351136	0.102746853337434	0.0977332393703472	-0.00501361396708677	0.000359120810372496	0.593084792443012	0.0473112432349294	0.0564253287796227	0.0091140855446933
0.00913742416651822	0.299466234540452	0.0841101821855359	0.0544085657790048	-0.0297016164065311	0.000246866085276892	0.358919233463492	0.0239262214007748	0.0205346842596431	-0.00339153714113173
0.00542119302342565	0.203407701884295	0.0269398561823459	0.0238130819407443	-0.00312677424160167	0.00017305460116603	0.231040931271508	0.0112881689540197	0.00826576273661622	-0.00302240621740343
0.01539722801696	0.271669002983493	0.165467990766538	0.0534215406948405	-0.112046450071698	0.000652824867390547	0.229875970348761	0.0927988747130182	0.0146686767198224	-0.0781301979931958
0.010737504343198	0.210513456665413	0.0585023553875123	0.018916774414395	-0.0395855809731173	0.000323571059226193	0.0899492235413629	0.0190144301448975	0.00133480531369532	-0.0176796248312022
0.00549878992216957	0.228580465113985	0.0245849513592039	0.0228036150339126	-0.00178133632529126	9.87359729298432e-05	0.304291808689236	0.00381890307275877	0.0109530868422999	0.00713418376954113
0.0115261337160456	0.30351781245531	0.122926690580589	0.0579328078132003	-0.0649938827673888	0.000367525632975245	0.272509138760584	0.055723259915491	0.0164942668775202	-0.0392289930379708
0.0127863386901262	0.335488403883064	0.0995359562127789	0.0422948020935307	-0.0572411541192482	0.000457433698441386	0.41218221718032	0.0457991643310933	0.0148902985132374	-0.0309088658178558
0.0100008336131982	0.416882813910717	0.0844613490272275	0.0957785581539645	0.011317209126737	0.000288374849994646	0.539848102956455	0.0317780312418189	0.0429904979020829	0.011212466660264
0.0111541222942896	0.346413558591433	0.0743417296413102	0.0493666986386303	-0.02497503100268	0.000322477723366209	0.339704732613886	0.0241370622302761	0.0146923138974112	-0.00944474833286483
0.000783351558969244	0.0388510873394942	0.00116282351688106	0.00143686595511243	0.000274042438231363	2.18234724131565e-05	0.0791946715883736	0.000695173986111855	0.00226029887733946	0.0015651248912276
0.00877267361114184	0.220216729072313	0.0556724246546388	0.0262169399183582	-0.0294554847362807	0.00025601475533184	0.256392269986329	0.0159534394381643	0.0102509256428401	-0.00570251379532424
0.0115574832127823	0.320615744554072	0.0953785462426279	0.0582080042155058	-0.0371705420271221	0.00039216720633382	0.398357997940778	0.0410470455932175	0.0239723725460281	-0.0170746730471894
0.00874457227931466	0.220255946551129	0.0616370359087082	0.0359508910481288	-0.0256861448605794	0.000220282374965409	0.200446826929869	0.0155137885765447	0.00991536373876646	-0.00559842483777819
0.0138010025868565	0.372570994948441	0.120164968680673	0.0703875468382697	-0.049777421842403	0.000457240538488876	0.389399199995172	0.04707667355608	0.0263307851924941	-0.0207458883635859
0.00732603451696526	0.16387462815717	0.0340578194716023	0.0129671659009705	-0.0210906535706318	0.000175454073976617	0.163360541990126	0.00651692443953273	0.00375480561137257	-0.00276211882816016
0.00923983757470773	0.271440886973099	0.0731552822760087	0.0436826223903585	-0.0294726598856502	0.000233236234231444	0.259190867634716	0.019593422121112	0.0110087268831438	-0.00858469523796825
0.0115298829587093	0.418079841212228	0.0967952936282223	0.0757250441938342	-0.0210702494343881	0.000384205908874961	0.540961490920448	0.0463471263200099	0.0332143244668145	-0.0131328018531954
0.00950378985738997	0.26530112247174	0.0647233213387936	0.033145339861165	-0.0315779814776287	0.000274852080694606	0.219144052354422	0.0200303267275124	0.00630175255531487	-0.0137285741721975
0.00808775639550999	0.296828420891033	0.0471747793510105	0.036524353568721	-0.0106504257822895	0.000191334587806279	0.376841426947989	0.0106573660685388	0.0139976654291214	0.00334029936058255
0.000172055566317573	-0.0128341472914476	6.44512320803755e-05	0.000158947791269815	9.44965591894397e-05	1.4544014468291e-05	-0.0225372206489431	0.000322030739924693	0.000168772096080651	-0.000153258643844041
0.0122532806180355	0.314436093863726	0.0869044944489116	0.047782168694236	-0.0391223257546756	0.000435726434191198	0.32287892095781	0.0347461497206748	0.0151248850223641	-0.0196212646983107
0.00781442047339453	0.150677842212843	0.053647509824598	0.0177241180547674	-0.0359233917698307	0.00025341847669129	0.0717347384066349	0.0177349223897723	0.00164716441549466	-0.0160877579742776
0.0111382179985864	0.382159805074167	0.0855927492099293	0.065451796719596	-0.0201409524903332	0.000398066197785136	0.347988985694819	0.0389847628601244	0.017817622228724	-0.0211671406314004
0.0096871422586595	0.298749066113477	0.0769642420850322	0.047698441453289	-0.0292658006317431	0.000292557275413538	0.267828436625845	0.0298198109218206	0.0110183307251278	-0.0188014801966927
0.00967355187011707	0.42728919504222	0.0628763232484028	0.0971494264981313	0.0342731032497284	0.000310857428258632	0.630970187564747	0.0232677252495418	0.0587506784365903	0.0354829531870485
0.00907980251524384	0.239673821181773	0.0517536296777454	0.0293314589070916	-0.0224221707706538	0.000214756229448185	0.237296847778805	0.0113994995185511	0.0115663739519871	0.000166874433436045
0.0113843060549225	0.386856820428092	0.0933118304352608	0.0886696359677424	-0.00464219446751846	0.000424943661941255	0.526683605662515	0.0477283033619184	0.0522426740056046	0.00451437064368624
0.00978050094496967	0.303561926177021	0.0695302223449934	0.0407368419915063	-0.0287933803534871	0.000239373227480533	0.323139187863672	0.017515453111449	0.0123284169327216	-0.00518703617872733
0.00678519885948498	0.267291760483343	0.0372620822555771	0.0379581851820016	0.000696102926424517	0.000152564892776077	0.327940778123316	0.00795040119972657	0.015713454442454	0.00776305324272742
0.0127286359851017	0.363042380776567	0.133783123697302	0.0868523609756918	-0.0469307627216103	0.000502926505743407	0.46305587282928	0.0697977744779401	0.0411272560313579	-0.0286705184465822
0.0112602270594974	0.373552098672552	0.086547636544227	0.0638943716187924	-0.0226532649254346	0.00037216666430003	0.370696281712852	0.0333561130844231	0.0166171339891008	-0.0167389790953222
0.00856683643327433	0.309600694744276	0.0538787002476506	0.039497121410736	-0.0143815788369146	0.000245326010949206	0.433539314060208	0.0189437792232228	0.0177170739209113	-0.00122670530231151
0.0136006381239392	0.384772063250046	0.10018124424252	0.0533912186226917	-0.0467900256198278	0.00042308037735539	0.366647824349658	0.0369190169278085	0.0138125124355244	-0.023106504492284
0.0122864417672659	0.216099787102294	0.094712685802353	0.0314408188445472	-0.0632718669578057	0.000500757267812108	0.127100071849522	0.0506886843828041	0.00453465126762341	-0.0461540331151807
0.010898687134436	0.291989686898652	0.0995825312907245	0.0536441173616299	-0.0459384139290946	0.000348666586329737	0.268527750707598	0.0463574759402492	0.0180650938660183	-0.0282923820742308
-0.000533065071626186	0.00272626943071868	0.000477026870193344	6.21545343284434e-06	-0.0004708114167605	-3.15358285608135e-05	-0.0041057237306965	0.00119088848766585	5.50584285894475e-06	-0.00118538264480691
0.00946293148923709	0.323771014471695	0.0633454303610236	0.0435048744537632	-0.0198405559072604	0.000340765876440199	0.447484638804129	0.0295064694750335	0.0188140907137323	-0.0106923787613012
0.0100492005824731	0.19512014635679	0.0681280239122392	0.0185396901100734	-0.0495883338021658	0.000386023889704748	0.211653659795152	0.0339833893386279	0.00523654947127425	-0.0287468398673536
-0.00197102728477867	-0.0998310421903918	0.00822042065503412	0.0102197537512113	0.00199933309617713	-8.51260250892255e-05	-0.170241513225708	0.0112103974736272	0.0108747227124467	-0.000335674761180514
0.0135670651978163	0.386387431028303	0.117961124199371	0.0796783244570554	-0.0382827997423158	0.000486468128671655	0.332060317832303	0.0491684230916519	0.0255906123369819	-0.02357781075467
0.0112430934604722	0.390556873285974	0.0872885800098165	0.0687716560274452	-0.0185169239823713	0.000302239388248344	0.443185204371674	0.0270583639543293	0.0263307954073432	-0.000727568546986117
-0.00216576252817825	-0.097942587797882	0.00817952313914375	0.00776619766628861	-0.000413325472855148	-8.80239484732593e-05	-0.156166909694558	0.00927595582557812	0.00845999536668512	-0.000815960458892994
0.00775422200172493	0.195148504864681	0.0543487694729445	0.0277330715118768	-0.0266156979610677	0.000193444000632052	0.201237918973164	0.0146810390823555	0.00913873651190817	-0.0055423025704473
0.0116219757620537	0.220869148781848	0.0844004294624659	0.027950982950075	-0.0564494465123908	0.000323274684712628	0.17286861808507	0.0240845405256576	0.00618465330275336	-0.0178998872229043
0.0084593401870678	0.214100056914987	0.0460409353771091	0.0226246222398251	-0.023416313137284	0.000208135311045554	0.186251530148355	0.0114565359884936	0.0067964867362683	-0.00466004925222534
-4.35861404800432e-05	0.00216973691218939	4.26166840343076e-06	5.12320279215399e-06	8.61534388723236e-07	1.47725903942945e-05	0.0114653271811329	0.000336293469163889	6.43665454246445e-05	-0.000271926923739244
0.00982171171265964	0.231027819041161	0.07880811650395	0.0372983141358155	-0.0415098023681344	0.000261062790642795	0.180899621179163	0.0241705229799365	0.00833573026162764	-0.0158347927183088
-0.00163364391984651	-0.0459859670287076	0.00490303054087387	0.00158898750635761	-0.00331404303451626	-4.56264716292817e-05	-0.0159490776860139	0.00301483572468682	6.49648757214196e-05	-0.0029498708489654
0.0117048524787198	0.389297156078972	0.09540810379438	0.0722443468978911	-0.023163756896489	0.000373174415687887	0.437872099255323	0.0356751825341114	0.0297457683963813	-0.00592941413773013
0.00689569550109653	0.216122404518942	0.0488588018341763	0.0294722945727149	-0.0193865072614614	0.000191880076784807	0.262897367467157	0.0165584357286513	0.0131166260111396	-0.00344180971751172
-0.000673382319759763	-0.104595771066068	0.000944978741994723	0.00918502581458258	0.00824004707258786	-2.91315011061923e-05	-0.230175499376182	0.0013804974413025	0.0139319960826992	0.0125514986413967
0.00852478298317885	0.196909703933178	0.0587776932428248	0.0206548422788342	-0.0381228509639906	0.000213048441929108	0.13234762986796	0.0168122602124338	0.00327232046919903	-0.0135399397432348
0.0102723898713271	0.272688733732376	0.0867860237934003	0.0413339498516965	-0.0454520739417038	0.000326765645925349	0.258589800168382	0.034655377016708	0.00996938536872625	-0.0246859916479817
0.0075958867873294	0.148074574517809	0.0368960110609676	0.0115675507288893	-0.0253284603320783	0.000167150317034703	0.0419438967926251	0.00757998803163474	0.000345567782593577	-0.00723442024904116
0.00757641189795046	0.308714156737061	0.0576792046257643	0.0490230056818163	-0.00865619894394795	0.000197152529062449	0.306400098336314	0.0169444898447681	0.0140778040044427	-0.00286668584032542
0.0120022102160223	0.444678531434157	0.13647168159863	0.110773813731751	-0.0256978678668785	0.000431928691262112	0.671824216629615	0.068651891756655	0.0562013161247156	-0.0124505756319395
0.00860093165090527	0.271153725381403	0.0550784429202031	0.0423104034323634	-0.0127680394878396	0.000227958815712676	0.225730710478246	0.0139319492248791	0.0107706822018057	-0.00316126702307342
0.0107931362920628	0.238972952358421	0.0775319511985372	0.0294934457729928	-0.0480385054255444	0.000402435646075989	0.239294150014558	0.0386282855468616	0.00926644307052479	-0.0293618424763368
0.00866971465400798	0.264457176813848	0.0654148682882418	0.0556699690143296	-0.00974489927391215	0.000247706955476418	0.309048663079768	0.0222113172713078	0.0288671329832936	0.00665581571198585
0.0113523767380482	0.343068010976012	0.104590163212359	0.0553870869015877	-0.0492030763107714	0.000381898623327539	0.402905379523384	0.0440358515269514	0.0195615423404173	-0.0244743091865341
0.0133067999295546	0.364733777127639	0.104153225279824	0.0606408476537938	-0.04351237762603	0.0003699176493341	0.309228474031132	0.0295193985109679	0.0133182408181196	-0.0162011576928482
0.0127603575871535	0.328391802984498	0.101462128572555	0.0542064243679429	-0.0472557042046116	0.000419037646606194	0.366819898862892	0.034451176777464	0.0191888298047649	-0.0152623469726992
0.00907263960735413	0.278341635237846	0.0667887849248546	0.0423284241959023	-0.0244603607289523	0.000242134026821809	0.275459504336537	0.0200018973633534	0.012683684877468	-0.00731821248588533
-0.000269567094868039	-0.0724720559640665	0.000140622027643172	0.00551556478474413	0.00537494275710096	-1.20324141059015e-05	-0.107594381496015	0.000189488937714282	0.00573623106670976	0.00554674212899548
0.00767730044764493	0.300868830287434	0.040817999113225	0.0345109239053754	-0.00630707520784957	0.000229782367820772	0.340203579814808	0.0139348017466904	0.0122129272403249	-0.00172187450636546
0.00838864604696551	0.300949071958964	0.0516980795088798	0.0378263299125279	-0.0138717495963519	0.000225339455947249	0.242789104224933	0.0155519768294338	0.00717704279810556	-0.00837493403132829
0.00783661968240131	0.19984437859955	0.0370335234354283	0.017496421118141	-0.0195371023172873	0.000210294893049397	0.239274244543686	0.00967467377441859	0.00954318424788986	-0.000131489526528731
0.00944607659284269	0.336031543233568	0.0717656466312162	0.0654596867000992	-0.00630595993111702	0.000306570545318374	0.387046369924822	0.027957903821436	0.0279635012496739	5.59742823787873e-06
0.000275915141015641	0.0393185804803048	0.00014944288882786	0.00160088010062581	0.00145143721179795	1.94855155508221e-05	0.0888461702597165	0.000480683688712799	0.00346150627615412	0.00298082258744132
-0.00110284783910649	-0.0166885565534059	0.00242190246631206	0.000236633242722173	-0.00218526922358989	-4.68115002795294e-05	-0.035827618145359	0.00362439181281339	0.000438098195984173	-0.00318629361682921
0.00787494470623397	0.307925132638327	0.048649645096	0.0420197952482386	-0.00662984984776138	0.000198835594392912	0.337237515758616	0.0138711841526055	0.0135613567717512	-0.000309827380854277
0.00789561545858381	0.256801770366477	0.047554420037801	0.0286230589044222	-0.0189313611333788	0.00019757824396066	0.256685555065172	0.013858046128644	0.00805466991493099	-0.00580337621371302
0.00948077202484212	0.362076869497859	0.0809392500419913	0.0739371791760312	-0.00700207086596014	0.0002913782064242	0.414486526735854	0.0281527678605169	0.0273576962826359	-0.000795071577880956
0.0119169330673675	0.384454589564828	0.0968359410132294	0.065340160072104	-0.0314957809411254	0.00040334920682633	0.530968409574545	0.0452267266285882	0.0306197583156118	-0.0146069683129764
-0.000670543463407817	0.0284506748768902	0.000851069012499212	0.000621091665219338	-0.000229977347279874	-2.83023951241113e-05	0.0360512292921687	0.001170506241828	0.00032921927931781	-0.000841286962510185
0.00947557337378871	0.236435997886501	0.0655800291014712	0.0306110292073716	-0.0349689998940996	0.000350140039873847	0.329276081724541	0.0322432213184287	0.0147937220866225	-0.0174494992318062
0.00887105978544786	0.246685377179497	0.0545612294157027	0.0278144881143552	-0.0267467413013475	0.000220059065623207	0.108660999302843	0.013946289157774	0.00178707509916727	-0.0121592140586067
0.0104274113438242	0.232400857445093	0.0824163977214882	0.0365111904726938	-0.0459052072487944	0.000460494844534171	0.201665634926624	0.0477996908307128	0.00965949352953379	-0.038140197301179
0.0113550339325026	0.349489397997443	0.0938508939943223	0.0544731641240265	-0.0393777298702958	0.000285822952832016	0.354958666212297	0.0258159460857301	0.014581971014416	-0.0112339750713141
0.00985738255363142	0.297183884178916	0.0624629207592111	0.0381591800417123	-0.0243037407174988	0.000319593395048435	0.372398189027513	0.0227094675905818	0.0132963598395972	-0.00941310775098462
0.00917491076731584	0.26884546848071	0.0714337803035283	0.0472814731694418	-0.0241523071340866	0.000228113348807528	0.29455365500503	0.0210195214048143	0.0185567646016134	-0.00246275680320092
0.0130564026522438	0.389069690213145	0.0991291205952532	0.0724134612048728	-0.0267156593903803	0.000411551070243599	0.519717520943904	0.0378056490262227	0.0357920489037218	-0.00201360012250088
0.0113679207736846	0.376666907046686	0.0894703367544258	0.0611499919331835	-0.0283203448212423	0.000336778921292107	0.442098986794009	0.0317229337854727	0.0234944289162308	-0.00822850486924193
0.0104960980298535	0.273370578585086	0.0686941210442194	0.0297362437483633	-0.0389578772958562	0.000325844890916193	0.316443905879024	0.0249756630064417	0.0098494326570707	-0.015126230349371
0.00831256954141458	0.323931397448428	0.060390740826626	0.0604624161791375	7.16753525114994e-05	0.000177977712128219	0.340233376402342	0.0134729853467173	0.0195000806133078	0.00602709526659053
0.0116317587625092	0.342009426626944	0.113290572745187	0.0566129704716731	-0.0566776022735135	0.000363699967443779	0.370688904515166	0.0440470119133217	0.0145369296054866	-0.0295100823078351
0.00982163815671806	0.226556263184468	0.0639805546154289	0.0346350310480706	-0.0293455235673583	0.000287183764128727	0.213384993143368	0.0186592392006456	0.0118820561622669	-0.0067771830383787
0.00805248794776403	0.264562062446115	0.0433679855184116	0.0310950188497485	-0.012272966668663	0.00020991471922096	0.279827069479005	0.0123237877429433	0.0107781300969653	-0.00154565764597801
0.0112368427667921	0.412077412494004	0.0887615366355088	0.0723989741909601	-0.0163625624445487	0.000266705946194819	0.476357633346078	0.0235941827832593	0.0267893032915737	0.00319512050831439
0.00938449174017558	0.22051507465367	0.0627418119459471	0.0260126044310284	-0.0367292075149187	0.000267961808894544	0.236861532195534	0.0194453335097876	0.00813698314249911	-0.0113083503672885
0.0114916473337155	0.19796499425616	0.0858984122364567	0.0300855830756595	-0.0558128291607973	0.000409576785836808	0.108454972507367	0.0360755391682506	0.00498682678423673	-0.0310887123840139
0.00852387139109723	0.270533287934461	0.0621153791400839	0.040541470844487	-0.0215739082955969	0.000207166944026127	0.290536242823977	0.0168600513161654	0.0142173215578171	-0.00264272975834827
0.0100331914153803	0.26622531122566	0.0704499269131689	0.0320121079477832	-0.0384378189653857	0.000264589335838921	0.301337218088386	0.0189572505639068	0.011063195348067	-0.00789405521583987
0.0109928596950869	0.478566153550095	0.069580821405692	0.0839431817262813	0.0143623603205892	0.000381146204028994	0.75114811735556	0.0317419344181992	0.0508419478284292	0.0191000134102299
