LR1_coefficients_null_raster	LR1_coefficients_layer_C	LR1_R2_null_raster	LR1_R2_layer_C	LR1_Q_layer_C	LR2_coefficients_null_raster	LR2_coefficients_layer_C	LR2_R2_null_raster	LR2_R2_layer_C	LR2_Q_layer_C
0.00900567904249643	2.68689212570552	0.0852539411500502	0.0472159450517587	-0.0380379960982916	0.000249312213201075	16.2905225019439	0.0318336213661083	0.00603365250686358	-0.0257999688592447
0.00709261107629482	2.13422016913983	0.0449666710408697	0.0285995153877448	-0.0163671556531249	0.000224017770843076	22.1931589497799	0.0165605544880432	0.00993861684506538	-0.00662193764297784
0.00769847013371499	1.20660669837586	0.0335535666281145	0.00963364893715459	-0.0239199176909599	0.000196993991523941	5.55815857093612	0.00738478822588077	0.00119009294473434	-0.00619469528114644
0.0079298758932325	2.29244806507745	0.055084576564951	0.0359457187315363	-0.0191388578334147	0.000188869855617948	14.2359932316931	0.012215939462694	0.00679884734850247	-0.00541709211419148
0.0101198371814072	2.71727312165254	0.06595186519419	0.0372051222271269	-0.0287467429670631	0.000253950686140568	22.4214999608246	0.0153472086003539	0.00867370040129373	-0.00667350819906013
0.0103815247285852	3.68646506938532	0.102746853337434	0.0934036897351368	-0.00934316360229717	0.000359120810372496	47.1635277829966	0.0473112432349294	0.0504341937906574	0.00312295055572804
0.00913742416651822	2.7482242449131	0.0841101821855359	0.051946057778613	-0.0321641244069228	0.000246866085276892	28.8343508182362	0.0239262214007748	0.0188646289446569	-0.00506159245611791
0.00542119302342565	1.82052958383088	0.0269398561823459	0.0226063891749232	-0.00433346700742276	0.00017305460116603	17.6727420296509	0.0112881689540197	0.00759812988067441	-0.00369003907334524
0.01539722801696	2.30342681241657	0.165467990766538	0.0460959036240135	-0.119372087142525	0.000652824867390547	16.199305680115	0.0927988747130182	0.0109825762473818	-0.0818162984656363
0.010737504343198	1.79600211807539	0.0585023553875123	0.0164741483275864	-0.0420282070599259	0.000323571059226193	5.83252507588763	0.0190144301448975	0.000865827008689179	-0.0181486031362083
0.00549878992216957	2.13703830275463	0.0245849513592039	0.0227569884886245	-0.00182796287057941	9.87359729298432e-05	26.1919600609859	0.00381890307275877	0.0114886086443175	0.00766970557155874
0.0115261337160456	2.5831784876196	0.122926690580589	0.0506273743337809	-0.0722993162468082	0.000367525632975245	16.5122500626896	0.055723259915491	0.0109302983183762	-0.0447929615971148
0.0127863386901262	3.00151748949277	0.0995359562127789	0.0389417182590702	-0.0605942379537087	0.000457433698441386	30.9100401126394	0.0457991643310933	0.0123291347419622	-0.033470029589131
0.0100008336131982	3.85176506907037	0.0844613490272275	0.092861218779266	0.00839986975203856	0.000288374849994646	43.6949065059777	0.0317780312418189	0.0389171864349848	0.00713915519316583
0.0111541222942896	3.14366201732865	0.0743417296413102	0.0463475161775275	-0.0279942134637827	0.000322477723366209	26.3449288525884	0.0241370622302761	0.01280119002319	-0.0113358722070861
0.000783351558969244	0.360940642300907	0.00116282351688106	0.00137357558068022	0.000210752063799154	2.18234724131565e-05	6.60843388598553	0.000695173986111855	0.0020064527797816	0.00131127879366975
0.00877267361114184	2.00363786856109	0.0556724246546388	0.0250649512629227	-0.0306074733917161	0.00025601475533184	21.5652239724784	0.0159534394381643	0.0100558363702831	-0.00589760306788126
0.0115574832127823	2.81498745413548	0.0953785462426279	0.0530942483795725	-0.0422842978630554	0.00039216720633382	29.6230162329823	0.0410470455932175	0.0198475363863723	-0.0211995092068452
0.00874457227931466	1.96084469903162	0.0616370359087082	0.0333839921885924	-0.0282530437201158	0.000220282374965409	16.0666624178093	0.0155137885765447	0.00910298782896885	-0.0064108007475758
0.0138010025868565	3.36480677530095	0.120164968680673	0.0665835513189361	-0.0535814173617365	0.000457240538488876	30.3206826629099	0.04707667355608	0.0235053846460046	-0.0235712889100755
0.00732603451696526	1.47417610513948	0.0340578194716023	0.012201305493142	-0.0218565139784603	0.000175454073976617	13.3852840556716	0.00651692443953273	0.00363704762959137	-0.00287987680994136
0.00923983757470773	2.45251785896575	0.0731552822760087	0.0407211683981611	-0.0324341138778476	0.000233236234231444	20.4990034161378	0.019593422121112	0.00957844411496596	-0.010014978006146
0.0115298829587093	3.83567959123441	0.0967952936282223	0.0723986452599147	-0.0243966483683076	0.000384205908874961	42.2006838342447	0.0463471263200099	0.0287027453127925	-0.0176443810072174
0.00950378985738997	2.38204439094458	0.0647233213387936	0.0309911276863298	-0.0337321936524638	0.000274852080694606	16.869350158742	0.0200303267275124	0.00548778495130044	-0.0145425417762119
0.00808775639550999	2.69824782124673	0.0471747793510105	0.0346788090568697	-0.0124959702941408	0.000191334587806279	29.9072063798774	0.0106573660685388	0.012858408432356	0.0022010423638172
0.000172055566317573	-0.168968418840329	6.44512320803755e-05	0.000305472520424594	0.000241021288344219	1.4544014468291e-05	-3.16593008093833	0.000322030739924693	0.000433705221962131	0.000111674482037438
0.0122532806180355	2.7961754879572	0.0869044944489116	0.0440120168217105	-0.042892477627201	0.000435726434191198	24.6259296940386	0.0347461497206748	0.0130135718481728	-0.021732577872502
0.00781442047339453	1.27818251010469	0.053647509824598	0.0153204510667622	-0.0383270587578358	0.00025341847669129	4.61765354986106	0.0177349223897723	0.00107970656659529	-0.016655215823177
0.0111382179985864	3.45954784356358	0.0855927492099293	0.0611014694472592	-0.0244912797626701	0.000398066197785136	25.8840260100153	0.0389847628601244	0.0145144503140844	-0.02447031254604
0.0096871422586595	2.70275616481315	0.0769642420850322	0.0444662760854745	-0.0324979659995576	0.000292557275413538	20.379046124324	0.0298198109218206	0.00903604047144562	-0.0207837704503749
0.00967355187011707	3.90866538420947	0.0628763232484028	0.0959994744497484	0.0331231512013456	0.000310857428258632	51.6869865152471	0.0232677252495418	0.0575666144525495	0.0342988892030077
0.00907980251524384	2.12504160683342	0.0517536296777454	0.0270962160806046	-0.0246574135971408	0.000214756229448185	18.7151947123224	0.0113994995185511	0.010752225733166	-0.000647273785385013
0.0113843060549225	3.54385658632006	0.0933118304352608	0.0866909436618927	-0.0066208867733681	0.000424943661941255	42.9455953853795	0.0477283033619184	0.0500739706918341	0.00234566732991572
0.00978050094496967	2.77408084534199	0.0695302223449934	0.0386768994556605	-0.0308533228893329	0.000239373227480533	26.061874440067	0.017515453111449	0.0112988884210597	-0.00621656469038929
0.00678519885948498	2.45874844158667	0.0372620822555771	0.0368401606863148	-0.000421921569262247	0.000152564892776077	26.5530538333246	0.00795040119972657	0.0148839399808863	0.00693353878115976
0.0127286359851017	3.30472770616896	0.133783123697302	0.0826958517716316	-0.0510872719256704	0.000502926505743407	37.7935548512212	0.0697977744779401	0.0380984994634967	-0.0316992750144434
0.0112602270594974	3.3881646840987	0.086547636544227	0.0604470553142312	-0.0261005812299958	0.00037216666430003	28.4758295002968	0.0333561130844231	0.0143754076980698	-0.0189807053863533
0.00856683643327433	2.82307621732208	0.0538787002476506	0.0372093506319343	-0.0166693496157164	0.000245326010949206	33.7858077199442	0.0189437792232228	0.0152675006997943	-0.00367627852342847
0.0136006381239392	3.4661338629982	0.10018124424252	0.0495610597537556	-0.050620184488764	0.00042308037735539	28.3018758809233	0.0369190169278085	0.0118590891763177	-0.0250599277514907
0.0122864417672659	1.8426789767427	0.094712685802353	0.0273381452503103	-0.0673745405520427	0.000500757267812108	8.40790142997344	0.0506886843828041	0.00301475598001968	-0.0476739284027845
0.010898687134436	2.59126122225343	0.0995825312907245	0.0491290122327363	-0.0504535190579882	0.000348666586329737	19.9250055552603	0.0463574759402492	0.014916125122844	-0.0314413508174052
-0.000533065071626186	0.0323345875843773	0.000477026870193344	9.63588938482927e-06	-0.000467390980808515	-3.15358285608135e-05	-0.803432784952169	0.00119088848766585	2.69430200081435e-05	-0.00116394546765771
0.00946293148923709	2.95709696692476	0.0633454303610236	0.0412744961520824	-0.0220709342089412	0.000340765876440199	35.3473911322217	0.0295064694750335	0.0167206189921165	-0.012785850482917
0.0100492005824731	1.71659099769831	0.0681280239122392	0.0164735555280519	-0.0516544683841873	0.000386023889704748	15.6083190681625	0.0339833893386279	0.00408181324717677	-0.0299015760914511
-0.00197102728477867	-0.953515502854865	0.00822042065503412	0.0101539377971154	0.00193351714208125	-8.51260250892255e-05	-15.2637956924742	0.0112103974736272	0.0107000919327431	-0.000510305540884153
0.0135670651978163	3.48251911155452	0.117961124199371	0.0749138040170413	-0.0430473201823299	0.000486468128671655	25.6641895461808	0.0491684230916519	0.0225050700045043	-0.0266633530871476
0.0112430934604722	3.56346800161388	0.0872885800098165	0.0658373476999854	-0.0214512323098311	0.000302239388248344	35.3043465530778	0.0270583639543293	0.0243930933156182	-0.00266527063871111
-0.00216576252817825	-0.909075572305014	0.00817952313914375	0.00730860337429882	-0.000870919764844938	-8.80239484732593e-05	-13.3013620149144	0.00927595582557812	0.00767503685597669	-0.00160091896960142
0.00775422200172493	1.75895354524237	0.0543487694729445	0.0264467843465858	-0.0279019851263587	0.000193444000632052	16.3138610467498	0.0146810390823555	0.00874601290009201	-0.00593502618226346
0.0116219757620537	1.87520206683946	0.0844004294624659	0.024103556520831	-0.0602968729416349	0.000323274684712628	12.3195289001013	0.0240845405256576	0.00473502384673407	-0.0193495166789235
0.0084593401870678	1.93676721083905	0.0460409353771091	0.021307348549485	-0.024733586827624	0.000208135311045554	14.9173545847785	0.0114565359884936	0.00628608855130885	-0.00517044743718479
-4.35861404800432e-05	0.0297878127914972	4.26166840343076e-06	1.06065730743259e-05	6.34490467089516e-06	1.47725903942945e-05	0.942469384942836	0.000336293469163889	5.75423957177063e-05	-0.000278751073446182
0.00982171171265964	2.05629567391672	0.07880811650395	0.0343271485512461	-0.0444809679527038	0.000261062790642795	13.4091562623901	0.0241705229799365	0.00672156098784139	-0.0174489619920951
-0.00163364391984651	-0.377029599830356	0.00490303054087387	0.00118131434084366	-0.00372171620003021	-4.56264716292817e-05	-0.248069648860972	0.00301483572468682	2.04329318217159e-06	-0.00301279243150465
0.0117048524787198	3.55884976256443	0.09540810379438	0.0691875069130893	-0.0262205968812907	0.000373174415687887	35.013750282974	0.0356751825341114	0.0272623403971898	-0.0084128421369216
0.00689569550109653	1.9769259589819	0.0488588018341763	0.0283435197743	-0.0205152820598763	0.000191880076784807	21.3935573600629	0.0165584357286513	0.012630641341233	-0.0039277943874183
-0.000673382319759763	-1.04207703244237	0.000944978741994723	0.00988444601328844	0.00893946727129372	-2.91315011061923e-05	-21.3342845838851	0.0013804974413025	0.01472326239634	0.0133427649550375
0.00852478298317885	1.74248007364066	0.0587776932428248	0.0185858093145578	-0.040191883928267	0.000213048441929108	9.46444732343176	0.0168122602124338	0.0024355558182779	-0.0143767043941559
0.0102723898713271	2.39432667125221	0.0867860237934003	0.03687753302826	-0.0499084907651402	0.000326765645925349	19.2105056757974	0.034655377016708	0.0078488898154028	-0.0268064872013052
0.0075958867873294	1.22853366147443	0.0368960110609676	0.0096705449721937	-0.0272254660887739	0.000167150317034703	1.89031075046123	0.00757998803163474	0.000115979348921841	-0.0074640086827129
0.00757641189795046	2.85847421204824	0.0576792046257643	0.047427411575276	-0.0102517930504883	0.000197152529062449	24.5769342483134	0.0169444898447681	0.0127922269304319	-0.00415226291433628
0.0120022102160223	4.08767450469703	0.13647168159863	0.106229224814222	-0.0302424567844075	0.000431928691262112	53.3678804057859	0.068651891756655	0.0496289366604848	-0.0190229550961702
0.00860093165090527	2.46729352512608	0.0550784429202031	0.0406484314100221	-0.014430011510181	0.000227958815712676	17.5382493640232	0.0139319492248791	0.00977846306682875	-0.00415348615805033
0.0107931362920628	2.04712991782054	0.0775319511985372	0.0256566405811854	-0.0518753106173518	0.000402435646075989	16.7055874142583	0.0386282855468616	0.00674575778220945	-0.0318825277646522
0.00866971465400798	2.34470329730404	0.0654148682882418	0.05282780595775	-0.0125870623304917	0.000247706955476418	23.1979860480215	0.0222113172713078	0.0260795993707231	0.00386828209941538
0.0113523767380482	3.09844047336758	0.104590163212359	0.0516467821746761	-0.052943381037683	0.000381898623327539	30.6909218408424	0.0440358515269514	0.0165590482814047	-0.0274768032455467
0.0133067999295546	3.20902452876161	0.104153225279824	0.0547856272733444	-0.0493675980064794	0.0003699176493341	22.5291993937145	0.0295193985109679	0.0107119291501573	-0.0188074693608105
0.0127603575871535	2.97550218580323	0.101462128572555	0.0516344597541565	-0.049827668818398	0.000419037646606194	30.0365310005677	0.034451176777464	0.0183881121660567	-0.0160630646114073
0.00907263960735413	2.53546972007304	0.0667887849248546	0.0400393583801127	-0.026749426544742	0.000242134026821809	22.1302030145028	0.0200018973633534	0.0114051273476279	-0.00859677001572551
-0.000269567094868039	-0.696740225634098	0.000140622027643172	0.00575415381084147	0.0056135317831983	-1.20324141059015e-05	-9.27101050476696	0.000189488937714282	0.00573915285309338	0.0055496639153791
0.00767730044764493	2.77768174323861	0.040817999113225	0.0335015419658004	-0.00731645714742463	0.000229782367820772	27.0553634759284	0.0139348017466904	0.0112670660689803	-0.00266773567771006
0.00838864604696551	2.73886240588114	0.0516980795088798	0.035721765054083	-0.0159763144547968	0.000225339455947249	18.9587873062683	0.0155519768294338	0.00621563519738159	-0.00933634163205226
0.00783661968240131	1.83159750062364	0.0370335234354283	0.0171766631057053	-0.019856860329723	0.000210294893049397	18.7943911207791	0.00967467377441859	0.00939350434421359	-0.000281169430205
0.00944607659284269	3.05432619410848	0.0717656466312162	0.0622225183949448	-0.00954312823627142	0.000306570545318374	31.5734592104277	0.027957903821436	0.025901008705178	-0.00205689511625801
0.000275915141015641	0.427415139113717	0.00014944288882786	0.00215269344385805	0.00200325055503019	1.94855155508221e-05	8.74241358269412	0.000480683688712799	0.00467670812720936	0.00419602443849656
-0.00110284783910649	-0.0821958693617288	0.00242190246631206	6.25685551609563e-05	-0.00235933391115111	-4.68115002795294e-05	-1.40329572357982	0.00362439181281339	8.25922563433561e-05	-0.00354179955647003
0.00787494470623397	2.82393549385485	0.048649645096	0.0401509737599211	-0.00849867133607889	0.000198835594392912	27.3839460091894	0.0138711841526055	0.012477341143269	-0.00139384300933647
0.00789561545858381	2.34781590696048	0.047554420037801	0.0272359596383013	-0.0203184603994997	0.00019757824396066	20.6966356552116	0.013858046128644	0.00742588468761632	-0.00643216144102768
0.00948077202484212	3.28344650678882	0.0809392500419913	0.0700600659069306	-0.0108791841350607	0.0002913782064242	31.6199336680972	0.0281527678605169	0.0237861282692318	-0.00436663959128511
0.0119169330673675	3.44810242878368	0.0968359410132294	0.0607401365280361	-0.0360958044851933	0.00040334920682633	40.1673080623299	0.0452267266285882	0.0254498014489318	-0.0197769251796564
-0.000670543463407817	0.317155563751232	0.000851069012499212	0.000836746701463601	-1.43223110356118e-05	-2.83023951241113e-05	4.04179448625225	0.001170506241828	0.000518235008128385	-0.00065227123369961
0.00947557337378871	2.11210825575316	0.0655800291014712	0.02847461024884	-0.0371054188526312	0.000350140039873847	24.6941875388078	0.0322432213184287	0.0127136721524855	-0.0195295491659431
0.00887105978544786	2.19443806926039	0.0545612294157027	0.0251496934114478	-0.0294115360042549	0.000220059065623207	6.82778375516889	0.013946289157774	0.00101664950447561	-0.0129296396532984
0.0104274113438242	2.07821203885364	0.0824163977214882	0.0336194742306244	-0.0487969234908639	0.000460494844534171	16.0010321066646	0.0477996908307128	0.00822021559076166	-0.0395794752399511
0.0113550339325026	3.12678420364656	0.0938508939943223	0.0497983385697751	-0.0440525554245472	0.000285822952832016	26.5884119782639	0.0258159460857301	0.0116855295772733	-0.0141304165084569
0.00985738255363142	2.73262177122918	0.0624629207592111	0.036824600287405	-0.0256383204718062	0.000319593395048435	30.0910279528576	0.0227094675905818	0.0123810353349095	-0.0103284322556723
0.00917491076731584	2.39619377535171	0.0714337803035283	0.0445809889518737	-0.0268527913516546	0.000228113348807528	23.015871259322	0.0210195214048143	0.016907285490448	-0.00411223591436632
0.0130564026522438	3.50966121972662	0.0991291205952532	0.0690864963206072	-0.030042624274646	0.000411551070243599	41.4726172781486	0.0378056490262227	0.0332927890772231	-0.00451285994899954
0.0113679207736846	3.44465359501319	0.0894703367544258	0.0583870641886661	-0.0310832725657597	0.000336778921292107	35.6652778646387	0.0317229337854727	0.0217431025551158	-0.00997983123035689
0.0104960980298535	2.47469969503575	0.0686941210442194	0.027829613651868	-0.0408645073923514	0.000325844890916193	25.0702269679274	0.0249756630064417	0.00880918168006567	-0.0161664813263761
0.00831256954141458	2.97447508458379	0.060390740826626	0.0582380987502301	-0.00215264207639588	0.000177977712128219	27.833571316217	0.0134729853467173	0.018011979368935	0.0045389940222177
0.0116317587625092	3.04474455917989	0.113290572745187	0.0515519572616393	-0.0617386154835474	0.000363699967443779	27.7743450604134	0.0440470119133217	0.0115912523201771	-0.0324557595931446
0.00982163815671806	2.03612502611593	0.0639805546154289	0.0329900738819791	-0.0309904807334498	0.000287183764128727	16.809863639981	0.0186592392006456	0.0109717652790992	-0.00768747392154632
0.00805248794776403	2.44583050115123	0.0433679855184116	0.0304431985170187	-0.0129247870013929	0.00020991471922096	23.2154686714824	0.0123237877429433	0.0104383453619998	-0.00188544238094354
0.0112368427667921	3.78503827196218	0.0887615366355088	0.069191574640884	-0.0195699619946249	0.000266705946194819	38.4303443561231	0.0235941827832593	0.0243027962944265	0.000708613511167164
0.00938449174017558	1.97409245612311	0.0627418119459471	0.0239626632296442	-0.038779148716303	0.000267961808894544	18.7072075509789	0.0194453335097876	0.00720226845451914	-0.0122430650552685
0.0114916473337155	1.67826073197861	0.0858984122364567	0.0261693555584255	-0.0597290566780313	0.000409576785836808	7.11969905430098	0.0360755391682506	0.0036314505696346	-0.032444088598616
0.00852387139109723	2.45306817461312	0.0621153791400839	0.0381391737688766	-0.0239762053712072	0.000207166944026127	23.444221093492	0.0168600513161654	0.0131729816195052	-0.00368706969666023
0.0100331914153803	2.35440751556135	0.0704499269131689	0.0289385399506112	-0.0415113869625576	0.000264589335838921	23.8098573887564	0.0189572505639068	0.00982234325483911	-0.00913490730906774
0.0109928596950869	4.46040917531782	0.069580821405692	0.0840392942450313	0.0144584728393393	0.000381146204028994	60.72120917416	0.0317419344181992	0.0481805511246956	0.0164386167064964
