LR1_coefficients_null_raster	LR1_coefficients_layer_R	LR1_R2_null_raster	LR1_R2_layer_R	LR1_Q_layer_R	LR2_coefficients_null_raster	LR2_coefficients_layer_R	LR2_R2_null_raster	LR2_R2_layer_R	LR2_Q_layer_R
0.00900567904249643	0.000489210128856154	0.0852539411500502	0.105782673899412	0.0205287327493614	0.000249312213201075	9.61540476425182e-07	0.0318336213661083	0.0650714629532563	0.033237841587148
0.00709261107629482	0.000414259202979822	0.0449666710408697	0.0670746349727527	0.022107963931883	0.000224017770843076	8.0381050475886e-07	0.0165605544880432	0.0311256115760711	0.0145650570880279
0.00769847013371499	0.000463756710601261	0.0335535666281145	0.0568552045112311	0.0233016378831166	0.000196993991523941	8.5083997155007e-07	0.00738478822588077	0.0239104534180775	0.0165256651921967
0.0079298758932325	0.000458639737578711	0.055084576564951	0.079214995838929	0.024130419273978	0.000188869855617948	9.43689290052121e-07	0.012215939462694	0.042127221274666	0.029911281811972
0.0101198371814072	0.000577844326272383	0.06595186519419	0.102759204554112	0.0368073393599217	0.000253950686140568	1.09876313838803e-06	0.0153472086003539	0.0495383017425541	0.0341910931422003
0.0103815247285852	0.000474013418511142	0.102746853337434	0.100528072750398	-0.00221878058703555	0.000359120810372496	8.69840535115932e-07	0.0473112432349294	0.049815683395687	0.00250444016075759
0.00913742416651822	0.000467155931311266	0.0841101821855359	0.103433027928629	0.0193228457430927	0.000246866085276892	8.20909712404973e-07	0.0239262214007748	0.0488516183995505	0.0249253969987756
0.00542119302342565	0.000295488034850193	0.0269398561823459	0.0346289047837157	0.00768904860136977	0.00017305460116603	5.7770478407576e-07	0.0112881689540197	0.0167724764317333	0.00548430747771366
0.01539722801696	0.000675413913921684	0.165467990766538	0.174032353786128	0.0085643630195899	0.000652824867390547	1.62860355672968e-06	0.0927988747130182	0.139399390105728	0.0466005153927098
0.010737504343198	0.000485352331870488	0.0585023553875123	0.0604769077165763	0.00197455232906401	0.000323571059226193	9.39834263540145e-07	0.0190144301448975	0.0346455294221836	0.0156310992772861
0.00549878992216957	0.000379026427483811	0.0245849513592039	0.044731551774131	0.0201466004149272	9.87359729298432e-05	7.71309379177813e-07	0.00381890307275877	0.0236083461426123	0.0197894430698535
0.0115261337160456	0.000538850118862562	0.122926690580589	0.123467128853575	0.000540438272985846	0.000367525632975245	1.1378037454533e-06	0.055723259915491	0.0871869067870268	0.0314636468715358
0.0127863386901262	0.000615099311738687	0.0995359562127789	0.117691490880237	0.0181555346674584	0.000457433698441386	1.40088611161022e-06	0.0457991643310933	0.078361129073224	0.0325619647421308
0.0100008336131982	0.000496924419908916	0.0844613490272275	0.0959812943506965	0.011519945323469	0.000288374849994646	1.03761717348386e-06	0.0317780312418189	0.0701825743409915	0.0384045430991726
0.0111541222942896	0.000546614541813223	0.0743417296413102	0.0830732396201647	0.00873150997885447	0.000322477723366209	1.08269905017668e-06	0.0241370622302761	0.0419030477054683	0.0177659854751922
0.000783351558969244	6.91651172533311e-05	0.00116282351688106	0.00246584096027253	0.00130301744339146	2.18234724131565e-05	4.00719521956742e-08	0.000695173986111855	0.000224434900845306	-0.000470739085266549
0.00877267361114184	0.000543139269137065	0.0556724246546388	0.108170964937548	0.0524985402829096	0.00025601475533184	1.15809691048908e-06	0.0159534394381643	0.0606843942903427	0.0447309548521784
0.0115574832127823	0.000610332941403055	0.0953785462426279	0.121459477983087	0.0260809317404594	0.00039216720633382	1.54818762798137e-06	0.0410470455932175	0.0990398587705397	0.0579928131773222
0.00874457227931466	0.000484161300666116	0.0616370359087082	0.0782152383339235	0.0165782024252153	0.000220282374965409	8.69387204945139e-07	0.0155137885765447	0.0312129991640996	0.015699210587555
0.0138010025868565	0.000622606336668214	0.120164968680673	0.120643506111438	0.000478537430765369	0.000457240538488876	1.53904501667227e-06	0.04707667355608	0.0862942215458177	0.0392175479897377
0.00732603451696526	0.000422819538835954	0.0340578194716023	0.0522732194998868	0.0182154000282845	0.000175454073976617	8.38645684369082e-07	0.00651692443953273	0.0253736345227205	0.0188567100831877
0.00923983757470773	0.000533268218553089	0.0731552822760087	0.102944602805131	0.0297893205291221	0.000233236234231444	9.61346270572601e-07	0.019593422121112	0.0464142188982729	0.0268207967771609
0.0115298829587093	0.000551055280792522	0.0967952936282223	0.102644484047101	0.00584919041887914	0.000384205908874961	1.19887886410871e-06	0.0463471263200099	0.0770898434295264	0.0307427171095165
0.00950378985738997	0.000556945188507775	0.0647233213387936	0.0951047881809367	0.0303814668421431	0.000274852080694606	1.31361128364063e-06	0.0200303267275124	0.0644690956064753	0.0444387688789629
0.00808775639550999	0.00049351089516947	0.0471747793510105	0.0755080402868143	0.0283332609358038	0.000191334587806279	9.7448027282125e-07	0.0106573660685388	0.0401734363513509	0.029516070282812
0.000172055566317573	-3.51206621585332e-06	6.44512320803755e-05	7.9891913002282e-06	-5.64620407801473e-05	1.4544014468291e-05	-1.58581521187305e-08	0.000322030739924693	3.8058069705436e-05	-0.000283972670219257
0.0122532806180355	0.000531254913394434	0.0869044944489116	0.0818849933055868	-0.00501950114332482	0.000435726434191198	1.12010903824795e-06	0.0347461497206748	0.0444010445184751	0.00965489479780021
0.00781442047339453	0.000478682088049385	0.053647509824598	0.0949574416731256	0.0413099318485276	0.00025341847669129	9.77371298283666e-07	0.0177349223897723	0.0503849052143555	0.0326499828245832
0.0111382179985864	0.0005167161472161	0.0855927492099293	0.0785075682097978	-0.00708518100013145	0.000398066197785136	1.13570438072456e-06	0.0389847628601244	0.0500871357739558	0.0111023729138313
0.0096871422586595	0.000525615739234749	0.0769642420850322	0.103309828406634	0.0263455863216018	0.000292557275413538	1.21030497445966e-06	0.0298198109218206	0.0745298021995233	0.0447099912777028
0.00967355187011707	0.000364890642077548	0.0628763232484028	0.0424908494102723	-0.0203854738381305	0.000310857428258632	6.99350618477153e-07	0.0232677252495418	0.0221362509150494	-0.00113147433449241
0.00907980251524384	0.000486302528478633	0.0517536296777454	0.0689113697398618	0.0171577400621164	0.000214756229448185	9.27331439129356e-07	0.0113994995185511	0.0307764775639321	0.019376978045381
0.0113843060549225	0.000567946923449719	0.0933118304352608	0.106618206694676	0.0133063762594149	0.000424943661941255	1.3291640289761e-06	0.0477283033619184	0.0739008190617147	0.0261725156997963
0.00978050094496967	0.000614583870007418	0.0695302223449934	0.123789856367233	0.0542596340222397	0.000239373227480533	1.27551866785546e-06	0.017515453111449	0.0738331303528936	0.0563176772414446
0.00678519885948498	0.000378646877554393	0.0372620822555771	0.0517629164785064	0.0145008342229293	0.000152564892776077	6.10144912095339e-07	0.00795040119972657	0.0181470295243645	0.010196628324638
0.0127286359851017	0.000569944071343516	0.133783123697302	0.123369931394709	-0.0104131923025933	0.000502926505743407	1.26744831627542e-06	0.0697977744779401	0.0774862565164454	0.00768848203850528
0.0112602270594974	0.000497896995906205	0.086547636544227	0.0838401295009178	-0.00270750704330924	0.00037216666430003	1.00558492538378e-06	0.0333561130844231	0.0472171856991944	0.0138610726147713
0.00856683643327433	0.000414828455246355	0.0538787002476506	0.056566407500256	0.00268770725260544	0.000245326010949206	7.72248789909448e-07	0.0189437792232228	0.0282599902888219	0.00931621106559903
0.0136006381239392	0.000789425500475608	0.10018124424252	0.143214090654797	0.043032846412277	0.00042308037735539	1.71914023335658e-06	0.0369190169278085	0.0883330402006708	0.0514140232728623
0.0122864417672659	0.000512560873520365	0.094712685802353	0.0797895314496893	-0.0149231543526636	0.000500757267812108	1.02886623252682e-06	0.0506886843828041	0.0418550609002708	-0.00883362348253335
0.010898687134436	0.000542633104317816	0.0995825312907245	0.0958997514216668	-0.00368277986905768	0.000348666586329737	1.33597193406447e-06	0.0463574759402492	0.0719178010879709	0.0255603251477218
-0.000533065071626186	7.24080905922274e-06	0.000477026870193344	3.00244074525994e-05	-0.000447002462740745	-3.15358285608135e-05	-2.08943546630384e-08	0.00119088848766585	6.44569518871546e-05	-0.0011264315357787
0.00946293148923709	0.000539907580223833	0.0633454303610236	0.0914977842857644	0.0281523539247408	0.000340765876440199	1.2406135377038e-06	0.0295064694750335	0.0570170518606817	0.0275105823856482
0.0100492005824731	0.000540025555739556	0.0681280239122392	0.104230366537114	0.036102342624875	0.000386023889704748	1.07545516975773e-06	0.0339833893386279	0.0699580405811148	0.0359746512424869
-0.00197102728477867	-5.91820146524831e-05	0.00822042065503412	0.00209775185554932	-0.0061226687994848	-8.51260250892255e-05	-1.14192204567113e-07	0.0112103974736272	0.00208476203484984	-0.00912563543877739
0.0135670651978163	0.000709868000797417	0.117961124199371	0.153831586051223	0.0358704618518513	0.000486468128671655	1.84431309062347e-06	0.0491684230916519	0.11312720987642	0.0639587867847681
0.0112430934604722	0.000637190254799717	0.0872885800098165	0.115187857446404	0.0278992774365872	0.000302239388248344	1.29225640483563e-06	0.0270583639543293	0.0603881596811117	0.0333297957267824
-0.00216576252817825	-9.39378198891335e-05	0.00817952313914375	0.00540671703550263	-0.00277280610364113	-8.80239484732593e-05	-1.75282124969132e-07	0.00927595582557812	0.00556658898475223	-0.00370936684082588
0.00775422200172493	0.00046030686961491	0.0543487694729445	0.0803434845077065	0.025994715034762	0.000193444000632052	8.92061080214316e-07	0.0146810390823555	0.0435317353693533	0.0288506962869978
0.0116219757620537	0.000602256108081436	0.0844004294624659	0.106416569302045	0.0220161398395791	0.000323274684712628	1.1573677930343e-06	0.0240845405256576	0.049802823122754	0.0257182825970964
0.0084593401870678	0.000554005377559949	0.0460409353771091	0.0891231493864269	0.0430822140093178	0.000208135311045554	1.06324251588987e-06	0.0114565359884936	0.0424275270320794	0.0309709910435857
-4.35861404800432e-05	-2.02689476309187e-05	4.26166840343076e-06	0.000269700089177109	0.000265438420773678	1.47725903942945e-05	-3.01117877163006e-08	0.000336293469163889	0.000176952224766808	-0.000159341244397081
0.00982171171265964	0.000522225714423786	0.07880811650395	0.0992704594489031	0.0204623429449531	0.000261062790642795	9.71587657342015e-07	0.0241705229799365	0.0521426040503104	0.0279720810703739
-0.00163364391984651	-8.16739398575446e-05	0.00490303054087387	0.00417039048226263	-0.000732640058611243	-4.56264716292817e-05	-9.58134592736703e-08	0.00301483572468682	0.00197125736302108	-0.00104357836166574
0.0117048524787198	0.000602931372602435	0.09540810379438	0.117668875668507	0.0222607718741267	0.000373174415687887	1.43307936597213e-06	0.0356751825341114	0.0861480544408975	0.0504728719067861
0.00689569550109653	0.000355715242723941	0.0488588018341763	0.0523997709564645	0.00354096912228825	0.000191880076784807	6.28163210374353e-07	0.0165584357286513	0.0214959808468869	0.0049375451182356
-0.000673382319759763	5.41784776433525e-06	0.000944978741994723	1.78528685839982e-05	-0.000927125873410724	-2.91315011061923e-05	4.57362896923355e-08	0.0013804974413025	0.000363779922414046	-0.00101671751888845
0.00852478298317885	0.000470664629486221	0.0587776932428248	0.0830277185896161	0.0242500253467913	0.000213048441929108	8.69194213472779e-07	0.0168122602124338	0.0389218740475442	0.0221096138351104
0.0102723898713271	0.000533128759659988	0.0867860237934003	0.105694056886447	0.018908033093047	0.000326765645925349	1.21780509686558e-06	0.034655377016708	0.0680489005131451	0.0333935234964371
0.0075958867873294	0.000524264562241737	0.0368960110609676	0.0757085027661565	0.0388124917051889	0.000167150317034703	9.35871395614253e-07	0.00757998803163474	0.0307000359146127	0.0231200478829779
0.00757641189795046	0.000418202634548991	0.0576792046257643	0.0798202258746674	0.0221410212489032	0.000197152529062449	8.73866588109442e-07	0.0169444898447681	0.0501539044517809	0.0332094146070127
0.0120022102160223	0.00055766758114848	0.13647168159863	0.13944581149711	0.0029741298984807	0.000431928691262112	1.19580400693818e-06	0.068651891756655	0.0998867104901687	0.0312348187335137
0.00860093165090527	0.000517360444778278	0.0550784429202031	0.0895185795731852	0.0344401366529821	0.000227958815712676	1.23602527517045e-06	0.0139319492248791	0.0596243319601053	0.0456923827352262
0.0107931362920628	0.000606374900813714	0.0775319511985372	0.125148981749831	0.0476170305512942	0.000402435646075989	1.50056931107255e-06	0.0386282855468616	0.106651707074525	0.0680234215276636
0.00866971465400798	0.000432967912433719	0.0654148682882418	0.0652384198748567	-0.000176448413385072	0.000247706955476418	8.34337430142793e-07	0.0222113172713078	0.0345591348355789	0.0123478175642711
0.0113523767380482	0.000561883533787173	0.104590163212359	0.130152909104301	0.0255627458919417	0.000381898623327539	1.25178679162497e-06	0.0440358515269514	0.0896262222934198	0.0455903707664684
0.0133067999295546	0.000686187900126348	0.104153225279824	0.137003697860543	0.0328504725807191	0.0003699176493341	1.50508001093468e-06	0.0295193985109679	0.0790341127727843	0.0495147142618164
0.0127603575871535	0.000731318365872143	0.101462128572555	0.146287792188804	0.0448256636162491	0.000419037646606194	1.68367142308402e-06	0.034451176777464	0.0893973457344196	0.0549461689569555
0.00907263960735413	0.000455080930726132	0.0667887849248546	0.0733361567447743	0.0065473718199197	0.000242134026821809	9.22067550560811e-07	0.0200018973633534	0.0395153220239862	0.0195134246606328
-0.000269567094868039	-2.32328381204125e-05	0.000140622027643172	0.000303947170499386	0.000163325142856215	-1.20324141059015e-05	-1.21039179131203e-07	0.000189488937714282	0.00209515301924253	0.00190566408152825
0.00767730044764493	0.000383787534479162	0.040817999113225	0.0451182889128093	0.00430028979958428	0.000229782367820772	7.1779953476283e-07	0.0139348017466904	0.0200508677920287	0.00611606604533834
0.00838864604696551	0.000491714939442802	0.0516980795088798	0.0816014528479652	0.0299033733390854	0.000225339455947249	1.00079485329788e-06	0.0155519768294338	0.0532917235573608	0.0377397467279269
0.00783661968240131	0.000490827762315045	0.0370335234354283	0.0646441402536362	0.0276106168182079	0.000210294893049397	9.70798684513268e-07	0.00967467377441859	0.0328182834573503	0.0231436096829317
0.00944607659284269	0.000477521838229775	0.0717656466312162	0.0893299887258238	0.0175643420946076	0.000306570545318374	1.14648840319227e-06	0.027957903821436	0.0617370720309854	0.0337791682095494
0.000275915141015641	5.10613011573661e-05	0.00014944288882786	0.0017654408414112	0.00161599795258334	1.94855155508221e-05	1.36470402860662e-07	0.000480683688712799	0.00382070753782594	0.00334002384911314
-0.00110284783910649	-3.76774480488658e-05	0.00242190246631206	0.00075343647305105	-0.00166846599326101	-4.68115002795294e-05	-1.28674410479024e-07	0.00362439181281339	0.00248001571220847	-0.00114437610060491
0.00787494470623397	0.00046181240889316	0.048649645096	0.0647222696447299	0.0160726245487299	0.000198835594392912	8.75021659548024e-07	0.0138711841526055	0.0297012867119017	0.0158301025592962
0.00789561545858381	0.000461412663788696	0.047554420037801	0.0707448116510337	0.0231903916132327	0.00019757824396066	8.6395134419068e-07	0.013858046128644	0.0352498382525951	0.0213917921239511
0.00948077202484212	0.000428354547939158	0.0809392500419913	0.074526913767245	-0.00641233627474634	0.0002913782064242	8.00985280179082e-07	0.0281527678605169	0.0341101008236373	0.00595733296312041
0.0119169330673675	0.000583400085837639	0.0968359410132294	0.103315488776949	0.00647954776371942	0.00040334920682633	1.20032562017194e-06	0.0452267266285882	0.0601632642360583	0.0149365376074701
-0.000670543463407817	-4.65394720117586e-05	0.000851069012499212	0.00137084276454446	0.000519773752045243	-2.83023951241113e-05	-9.5742666189986e-08	0.001170506241828	0.00178860198106624	0.000618095739238245
0.00947557337378871	0.000455504244186864	0.0655800291014712	0.075318498870604	0.00973846976913274	0.000350140039873847	9.99044545897059e-07	0.0322432213184287	0.0462612740592597	0.014018052740831
0.00887105978544786	0.000521550402175694	0.0545612294157027	0.0803755274295451	0.0258142980138424	0.000220059065623207	1.28639662953059e-06	0.013946289157774	0.0522596254373276	0.0383133362795536
0.0104274113438242	0.000472081052773323	0.0824163977214882	0.0814272512527	-0.000989146468788296	0.000460494844534171	9.74174065903194e-07	0.0477996908307128	0.0441581870361784	-0.00364150379453442
0.0113550339325026	0.000603886561256721	0.0938508939943223	0.109704176531908	0.0158532825375859	0.000285822952832016	1.10907633805658e-06	0.0258159460857301	0.0514729801351711	0.025657034049441
0.00985738255363142	0.000474431950623614	0.0624629207592111	0.0647726323710308	0.00230971161181961	0.000319593395048435	1.06081460211908e-06	0.0227094675905818	0.0380099156899459	0.0153004480993642
0.00917491076731584	0.000553430015736428	0.0714337803035283	0.110998748378437	0.0395649680749087	0.000228113348807528	1.11757141299246e-06	0.0210195214048143	0.0694189086866227	0.0483993872818084
0.0130564026522438	0.000664547055504706	0.0991291205952532	0.122330523039359	0.0232014024441058	0.000411551070243599	1.47076045604128e-06	0.0378056490262227	0.0853971682857499	0.0475915192595272
0.0113679207736846	0.000660454491445852	0.0894703367544258	0.140185301220874	0.0507149644664486	0.000336778921292107	1.36497960231094e-06	0.0317229337854727	0.0893879869715232	0.0576650531860505
0.0104960980298535	0.000546324871006514	0.0686941210442194	0.0865369864797577	0.0178428654355383	0.000325844890916193	1.18456606823299e-06	0.0249756630064417	0.0528765414595098	0.0279008784530681
0.00831256954141458	0.000415385285934966	0.060390740826626	0.0694709110034777	0.0090801701768517	0.000177977712128219	7.38888056576638e-07	0.0134729853467173	0.0309324288618854	0.0174594435151681
0.0116317587625092	0.000601634862963488	0.113290572745187	0.124255196979085	0.0109646242338985	0.000363699967443779	1.30174403933835e-06	0.0440470119133217	0.0743297815288744	0.0302827696155526
0.00982163815671806	0.000538806536938242	0.0639805546154289	0.0925410523166207	0.0285604977011918	0.000287183764128727	1.31013994033471e-06	0.0186592392006456	0.061255656651656	0.0425964174510104
0.00805248794776403	0.000398730388824595	0.0433679855184116	0.0460940838756011	0.00272609835718949	0.00020991471922096	7.26349326880966e-07	0.0123237877429433	0.0193036865772414	0.00697989883429806
0.0112368427667921	0.000566573291146017	0.0887615366355088	0.110292468785155	0.0215309321496466	0.000266705946194819	1.00713152325985e-06	0.0235941827832593	0.0548463871439984	0.0312522043607392
0.00938449174017558	0.000498198417554058	0.0627418119459471	0.0837204704360313	0.0209786584900841	0.000267961808894544	1.10053277740933e-06	0.0194453335097876	0.0497293389111454	0.0302840054013578
0.0114916473337155	0.00061673319164993	0.0858984122364567	0.104461488514868	0.0185630762784109	0.000409576785836808	1.57418600632422e-06	0.0360755391682506	0.0704024036974196	0.034326864529169
0.00852387139109723	0.000475963228168087	0.0621153791400839	0.0776782512101747	0.0155628720700909	0.000207166944026127	8.70340347418491e-07	0.0168600513161654	0.0349208001018529	0.0180607487856875
0.0100331914153803	0.000567302347981345	0.0704499269131689	0.103635998764089	0.0331860718509202	0.000264589335838921	1.27839772755033e-06	0.0189572505639068	0.0616796757384417	0.0427224251745348
0.0109928596950869	0.000588912405081722	0.069580821405692	0.0877103438752537	0.0181295224695616	0.000381146204028994	1.52555522824585e-06	0.0317419344181992	0.0696400210940439	0.0378980866758447
