LR1_coefficients_null_raster	LR1_coefficients_per_pop_2025_CN_100m_R2025A_v1_R	LR1_R2_null_raster	LR1_R2_per_pop_2025_CN_100m_R2025A_v1_R	LR1_Q_per_pop_2025_CN_100m_R2025A_v1_R	LR2_coefficients_null_raster	LR2_coefficients_per_pop_2025_CN_100m_R2025A_v1_R	LR2_R2_null_raster	LR2_R2_per_pop_2025_CN_100m_R2025A_v1_R	LR2_Q_per_pop_2025_CN_100m_R2025A_v1_R
0.00808319879766488	0.00495672292188202	0.0680460808636331	0.0824497104277802	0.014403629564147	0.000212659239937081	9.35144374863983e-05	0.023627947097201	0.0403625122615567	0.0167345651643557
0.00608534727201069	0.00375310969567516	0.0381397077429607	0.0486415072739511	0.0105017995309904	0.000192609715445078	7.25079076932425e-05	0.0148145802383847	0.02218931077044	0.0073747305320553
0.00738076768061965	0.0043807750012938	0.0321266303103642	0.0386585778173132	0.00653194750694894	0.000189280336941092	6.75250190304271e-05	0.00750242136300959	0.0110547351374443	0.00355231377443469
0.00811271045593552	0.00432699705279471	0.0578309119084697	0.0583806891224466	0.000549777213976914	0.000205016856727856	6.3662110970578e-05	0.0144653076724984	0.0165832307349255	0.00211792306242711
0.0104634706960162	0.00649229563191585	0.0711128838404799	0.0908098179158388	0.0196969340753589	0.000268420950403798	0.000109644651872711	0.0160358134840423	0.0284504175337267	0.0124146040496844
0.00907119670998722	0.0051475669371805	0.0813669899309473	0.0907966848007358	0.00942969486978854	0.00029139597136192	0.000103825192342266	0.0311639434100819	0.043020665538666	0.011856722128584
0.0091724832664205	0.00517305649053055	0.0855684691929471	0.090867671927927	0.00529920273497989	0.000246446098959038	8.88947188943e-05	0.0247088366031376	0.0336648257025173	0.00895598909937971
0.00548105516758877	0.00325180104368938	0.028289211343838	0.0338086428542685	0.00551943151043042	0.000183575923260575	5.83970098134274e-05	0.0133337110212833	0.01493311591848	0.00159940489719669
0.0151899597263702	0.00886186961342744	0.190302431507655	0.214754322332703	0.0244518908250484	0.00064139182321414	0.000239891720911999	0.109963256428143	0.156710278443689	0.0467470220155458
0.0104909344365721	0.00617192596679387	0.0663964975044658	0.0766754182441324	0.0102789207396666	0.000338134391604518	0.000128724945945502	0.0251356525280022	0.0379333122888686	0.0127976597608664
0.00674856291572191	0.0040945590011191	0.0294649055518642	0.0356604003290319	0.00619549477716768	0.000163540866379258	7.25673192627666e-05	0.00721958452587491	0.0138615354491415	0.00664195092326657
0.0106212300000533	0.00598856672888683	0.10377234325391	0.112234171184785	0.00846182793087528	0.000414800959400155	0.000125710288438712	0.0578918339026447	0.0646223497939278	0.00673051589128314
0.0124770287553981	0.00699636231846384	0.109291478751312	0.121538491880173	0.0122470131288608	0.000447393740039111	0.00014686587975816	0.0529820767374041	0.0642392313071872	0.0112571545697831
0.00898934727558691	0.00468508373472608	0.0864728902716362	0.0809271341929706	-0.00554575607866556	0.000242956554699919	7.74230450393799e-05	0.0308885281883874	0.034694705889414	0.00380617770102653
0.0120477258849348	0.00681115775203494	0.0909727244137373	0.093934731915882	0.00296200750214472	0.000372199377137748	0.000130260869109965	0.0346029745464403	0.0420970341358568	0.00749405958941646
0.000849417140460153	0.000260810073328041	0.0012238240092659	0.000325346705708878	-0.00089847730355702	2.58298906885388e-05	-1.55813430364363e-06	0.000825886549563927	2.51786678767569e-05	-0.00080070788168717
0.00810870144926852	0.00497178920391129	0.051688771346754	0.0625142903586094	0.0108255190118554	0.000226607395678859	9.1212075707858e-05	0.014084661362641	0.0216728685082632	0.00758820714562223
0.0119020108333866	0.00658203911293922	0.117666396210233	0.126424618781123	0.00875822257089076	0.000410395317127778	0.000134154044884831	0.0507852444403236	0.0601680952737019	0.00938285083337827
0.00922739307723027	0.00558149797558649	0.072124097839926	0.0838906742561894	0.0117665764162633	0.000232356403148085	9.76697502669326e-05	0.0185953226176453	0.030757547079219	0.0121622244615737
0.0146048560465441	0.00796018973637494	0.12865255829806	0.131349004059403	0.00269644576134351	0.000534515642754631	0.000182600559238461	0.0587306517637898	0.0760549511149289	0.017324299351139
0.00729126988219223	0.00397055084211824	0.0355694551422681	0.0359415251475763	0.000372070005308207	0.000185509457902966	6.06781549369124e-05	0.00791171498395932	0.009398324052222	0.00148660906826268
0.00905536804078099	0.0053479569538989	0.0782448878904037	0.0914235186579648	0.0131786307675611	0.000226084276552859	9.35693897381633e-05	0.0212363049999869	0.035807047268311	0.0145707422683241
0.0110824247547033	0.00646108379754708	0.0971841583181063	0.108831987571084	0.0116478292529781	0.000395179979909362	0.000147870393839466	0.0523728037671781	0.0720078889422897	0.0196350851751116
0.00911080241145539	0.00541283036513622	0.0682823840617667	0.081888503323885	0.0136061192621183	0.000274805408521151	0.000102732893334731	0.0232750341106697	0.0356166796920036	0.0123416455813339
0.00973938085207329	0.00503046325899147	0.0560644332921603	0.0564770654943104	0.000412632202150133	0.000303477327100822	9.2547425121345e-05	0.0179924368921741	0.0225646415590767	0.00457220466690258
0.00176763958696843	0.000758591067707471	0.005704352822913	0.00313531598619232	-0.00256903683672068	9.54392757150417e-05	1.9479549090841e-05	0.0101220623756911	0.00401264022547533	-0.00610942215021578
0.0121148627056104	0.00701925285707559	0.118230133156309	0.130473442128719	0.01224330897241	0.000445499125423884	0.000163795913256596	0.053265232982112	0.0731035701700809	0.0198383371879688
0.00777234978902806	0.00462635006960605	0.0612357521240559	0.0762515824538633	0.0150158303298075	0.000261611805448135	9.08853551975414e-05	0.0223827167455275	0.0323300976706517	0.00994738092512417
0.00841906308984085	0.00503535194567828	0.0630533410389613	0.0742361722190371	0.0111828311800758	0.000298396083265777	0.000110926284319368	0.0304623160533562	0.0426721236093052	0.012209807555949
0.00891883224183054	0.0055941756412423	0.0740671730939548	0.0936205207789488	0.019553347684994	0.000259726803362717	0.000116671063652451	0.0276613928019114	0.0503453242143165	0.0226839314124051
0.0077276673810341	0.00388960225850416	0.0578803602025668	0.0512467555809315	-0.00663360462163522	0.000280293268582797	7.98274190195796e-05	0.0285787439158372	0.0280203792290016	-0.000558364686835615
0.00899310012607233	0.00527642731964466	0.0549851393882843	0.063027519684196	0.00804238029591178	0.000226022223901048	8.91081251814288e-05	0.0143015393562317	0.0226474674600143	0.00834592810378259
0.00909539549240461	0.00543409072512995	0.0705975913024227	0.078750152090755	0.00815256078833239	0.000316130809337202	0.000118296074117887	0.032607491870879	0.0403437424046504	0.00773625053377143
0.0103926239965121	0.00601033417767012	0.0739803823607957	0.0830117728657604	0.00903139050496467	0.000273239900601852	0.000112782631484313	0.0216476058966981	0.0340225880268451	0.012374982130147
0.00869585502563007	0.00478074204810756	0.0555657695907458	0.0571667999577047	0.00160103036695886	0.000243887618264107	7.2946512120665e-05	0.016922394990903	0.0169797506495229	5.73556586198586e-05
0.0129771410690972	0.00709203030291506	0.156871610882886	0.15894191273475	0.00207030185186421	0.000532886081715131	0.000167446701799114	0.0896499619477636	0.102230947073741	0.012580985125977
0.0122049906571413	0.00668234508886724	0.105783564550157	0.115697966924261	0.0099144023741042	0.000395891481138955	0.000135641849937072	0.0410631480859069	0.0560298056980288	0.0149666576121219
0.00749551602197983	0.00459713842920632	0.0422004525325503	0.0530402159940071	0.0108397634614568	0.00020602373336434	9.63937385654561e-05	0.013069324831657	0.0265673049759723	0.0134979801443153
0.0140470292638846	0.00820425389223718	0.119062835036048	0.133630437355809	0.0145676023197618	0.000442310857194323	0.000171719405562319	0.0462042988864782	0.0692778535929228	0.0230735547064446
0.0122105934804595	0.00662638062488993	0.108356470194089	0.107935472825922	-0.00042099736816785	0.000532555384403222	0.000156551319700344	0.0668076289561346	0.0669133177920795	0.000105688835944959
0.0113966378091184	0.00637997916652769	0.091341336737547	0.103082708363437	0.0117413716258896	0.000481270976447416	0.000144966322214705	0.0529844625555628	0.0634842092346983	0.0104997466791355
-1.83204741307825e-05	-0.000171757048573747	6.80804587233387e-07	0.000166809281090665	0.000166128476503431	-3.30864310616364e-06	-3.29913449049196e-06	1.5759442808415e-05	0.000126246480142892	0.000110487037334477
0.00974989352488891	0.00527173710094663	0.0702844627353214	0.072857375819743	0.00257291308442152	0.000343173738570676	9.65128040980909e-05	0.0318782643236223	0.0330166421505699	0.00113837782694752
0.00995091803830717	0.00547119247809262	0.0728535631479411	0.0754684958365686	0.00261493268862749	0.00038617753676602	0.000116648658377847	0.0377807085679262	0.0403293193649849	0.00254861079705872
-0.00248882609854583	-0.00129526986661818	0.0137728743654279	0.0104466903568766	-0.00332618400855133	-0.000104836094521765	-3.25826890577762e-05	0.0183565155175902	0.0153532725143009	-0.00300324300328935
0.0128169762112479	0.00722805700786761	0.106926946338701	0.117841542684524	0.010914596345823	0.000446266747477008	0.000163471292841053	0.0445086131574559	0.0636933333314755	0.0191847201740196
0.0122290543805319	0.00710412305666465	0.0984821521018224	0.108977045630422	0.0104948935285997	0.000354465759275995	0.000135761286206256	0.033826316223596	0.0455128004147935	0.0116864841911975
-0.00266244927945198	-0.00123569925540714	0.0116639184556101	0.0071131889063636	-0.00455072954924653	-0.000104046708753365	-2.54812998905988e-05	0.0123777727322174	0.00633498224249287	-0.00604279048972452
0.0061877926549838	0.00409280820927954	0.041671268186806	0.0546626876631693	0.0129914194763633	0.000153781696492903	6.86674869989849e-05	0.0114880342185546	0.0184616768788754	0.00697364266032084
0.012171409222494	0.00691170764858633	0.0858181596065079	0.0928050049580413	0.00698684535153334	0.000421515936197734	0.000132100169710272	0.033612631404007	0.0387787995057986	0.00516616810179154
0.00743710301771084	0.00449245907588819	0.038872226198698	0.0465404784670352	0.00766825226833723	0.00016742933272127	7.37805971629914e-05	0.00844374204244917	0.0151454863194401	0.00670174427699098
0.000122491253288412	-4.17918932144502e-05	3.53656457615048e-05	1.30860100258522e-05	-2.22796357356526e-05	1.40722383743701e-05	-1.83181868262565e-06	0.000321034188847423	5.80634099617745e-05	-0.000262970778885649
0.00916092790768477	0.00542040857919781	0.0761992963307234	0.0826629145484366	0.00646361821771328	0.000248671639972594	0.000103821869054023	0.0253891805512286	0.0374594553605077	0.0120702748092792
-0.00212844452578336	-0.00100179689665503	0.00774706168650815	0.00527518261210404	-0.00247187907440411	-6.38740188855871e-05	-1.52371583516524e-05	0.00542693697189994	0.00308889297353453	-0.00233804399836541
0.0118221771952007	0.00625898549165137	0.096777924959855	0.0902167512030894	-0.00656117375676554	0.000409646994465805	0.000132710980801865	0.0384880551822905	0.0418722019000713	0.00338414671778085
0.00646100417435214	0.00394078799683333	0.0437399569386635	0.0502401156418719	0.00650015870320837	0.00016715349946893	7.65514196700195e-05	0.0130251524921239	0.0218561155501333	0.00883096305800937
-0.000625734635571243	-0.00016795167053501	0.000792479563568948	0.00016567029220387	-0.000626809271365078	-2.13373603398623e-05	-8.70748151232515e-07	0.000711785214649998	9.84922483998802e-06	-0.00070193598981001
0.0114926124032532	0.00615995612133245	0.0842345359087791	0.0849004423399415	0.000665906431162336	0.000437640590540707	0.000124575821257106	0.0430610284892685	0.0423038167657877	-0.000757211723480769
0.00954894719688331	0.00594118025099834	0.0821723836858866	0.103121998544463	0.0209496148585767	0.00030155355458674	0.000120220878787588	0.0333498687408516	0.0513934213398162	0.0180435525989646
0.00970702457546499	0.00542655111209857	0.050700939866604	0.0569177214759881	0.0062167816093841	0.000327524634318328	0.000100143752600533	0.0176139177085535	0.0208495941298652	0.00323567642131171
0.0071625349659591	0.00438501677225043	0.0485183984171076	0.0589584877649465	0.0104400893478389	0.000167674074441032	7.44500388278943e-05	0.0112048204226086	0.0216236908340014	0.0104188704113927
0.0111518049146826	0.00641468998994433	0.133233077256312	0.152663083958034	0.0194300067017217	0.000404515963077826	0.000143363618521615	0.0683124785500409	0.0974034122171419	0.0290909336671009
0.00925895996362577	0.00538814037738676	0.0631238156325194	0.0729452259199933	0.00982141028747388	0.000251125694905506	9.25736969759358e-05	0.0171276038356457	0.024963965987455	0.00783636215180933
0.0104676735898049	0.00595482392367629	0.080339099405435	0.0896121127049341	0.00927301329949912	0.000407506235276048	0.000145442290379602	0.0454593358692779	0.0612456013039399	0.0157862654346621
0.00680859700771559	0.00423184720357592	0.0457711854516237	0.0552178255404634	0.00944664008883966	0.000197825103318003	8.06596120906615e-05	0.0165307794768864	0.0247233003631647	0.00819252088627832
0.0111339717537502	0.00663883896993377	0.105457529510758	0.132409870158784	0.0269523406480263	0.000371648016632997	0.000136145099351276	0.044180910182871	0.0700930115822439	0.0259121013993729
0.0134594645303448	0.0077759640551012	0.127121829347271	0.142261923653631	0.0151400943063602	0.000374047359223209	0.000151515640936954	0.0375759752299163	0.0603550960055271	0.0227791207756107
0.0140270307723822	0.00790058666220408	0.115845052506748	0.129636745873173	0.0137916933664254	0.000455360349884189	0.000143684859043561	0.039661991609681	0.0496653204509165	0.0100033288412355
0.00744910311742497	0.00461747597544983	0.0515164093111981	0.0602610876078321	0.00874467829663391	0.000190768780459525	8.09459147440276e-05	0.0151222835392194	0.0220790709358034	0.00695678739658399
-0.000200005544347831	-0.000219498005703246	7.32752237132147e-05	0.000250699497907098	0.000177424274193884	-1.26397324893124e-05	-1.10928559709981e-05	0.000193265902019556	0.00127499426724531	0.00108172836522576
0.00797376987633409	0.00475208481476526	0.0465818630418354	0.0542003280070741	0.00761846496523872	0.000268046710369645	0.00010661497973171	0.0204755684667193	0.0322407588143807	0.0117651903476614
0.00793408168426602	0.00502484457182567	0.055455361508689	0.0709523419893385	0.0154969804806494	0.000212659555492087	9.6072531750505e-05	0.0178742685996937	0.035349900164978	0.0174756315652843
0.00696675768782596	0.00410057307582459	0.0277515779787294	0.0339300253944199	0.00617844741569046	0.000163281811688316	6.26871984688941e-05	0.00512966291069603	0.00896738937527765	0.00383772646458162
0.0106303286440139	0.00549972123655608	0.0823384257183222	0.081373265998565	-0.000965159719757192	0.000476725862720966	0.000129318971205133	0.0456829820961902	0.0474226971557019	0.00173971505951163
0.000752607063115396	0.00011006070012923	0.00111776164221832	7.27703743191618e-05	-0.00104499126789916	4.25844500787703e-05	4.61514361618948e-06	0.00236305467934488	0.000279495947937591	-0.00208355873140729
-0.000862345972615528	0.000123831091956126	0.00153010875290658	8.52395524579241e-05	-0.00144486920044865	-3.54933003575674e-05	7.13191268435394e-06	0.00222900799088392	0.00070701741928446	-0.00152199057159946
0.00750076707775139	0.00470288608259378	0.0533548202381558	0.0690328955982024	0.0156780753600467	0.000198472095231141	8.08517904207483e-05	0.0169932897195026	0.027590624024633	0.0105973343051303
0.0069697259117383	0.00463057206573723	0.0440246748695855	0.0586121386129686	0.0145874637433831	0.000172262097499592	8.61743349974663e-05	0.0132317703802497	0.0251950897407388	0.011963319360489
0.00898381629492993	0.00525354621792925	0.0810745661049197	0.0935067166616899	0.0124321505567702	0.000265437739544932	0.000100447481903554	0.0281450817267349	0.0416349396661007	0.0134898579393658
0.0116418683593353	0.00679865225383905	0.0970288175218136	0.105002578988858	0.00797376146704425	0.000394848723867561	0.000141588747326291	0.0461174933219576	0.0538294681756025	0.00771197485364494
-0.000589104784676292	-0.000395394400026012	0.00061332343013274	0.000752149852384175	0.000138826422251435	-1.75661602299458e-05	-5.09655400569392e-06	0.000437075668243114	0.000284048840819567	-0.000153026827423547
0.0101457266442576	0.00546616476682869	0.0819171101408872	0.0819788502418057	6.1740100918542e-05	0.000379452733864593	0.000113628241920948	0.0429642320583021	0.0444257033258123	0.00146147126751015
0.00860918632066396	0.00528037478109163	0.0573956706045077	0.0702903366248767	0.012894666020369	0.000232272298427077	0.000124099206249912	0.0168629473827999	0.0387591386398333	0.0218961912570334
0.0101610692663302	0.00604583457519743	0.0787043712414774	0.102528346348507	0.02382397510703	0.000439990831002151	0.00013067818128236	0.0459008475848414	0.0582918636684377	0.0123910160835963
0.0117968728137654	0.00747312463617274	0.100306872898947	0.121813001854716	0.0215061289557688	0.000299236465658096	0.000137089884955068	0.0293066800487066	0.0488575899396101	0.0195509098909035
0.00928249465043537	0.00538480228299428	0.0556555254575931	0.064392736254803	0.00873721079720981	0.000296813096782009	0.000104175720688768	0.0198488480295213	0.0275855330495453	0.00773668502002398
0.0113755964284547	0.00661800603781619	0.101315585033484	0.112869063695418	0.0115534786619341	0.000337928961171072	0.000132121396235216	0.0365864240889586	0.051589307701006	0.0150028836120474
0.0118125354333274	0.00660902389667098	0.0926876694731401	0.0930269140259398	0.00033924455279967	0.000374005209584313	0.0001338509065862	0.037119372077405	0.0458074143271582	0.00868804224975323
0.0131266414844746	0.0074231783378003	0.114346459459989	0.127504347893528	0.013157888433539	0.000519919644348342	0.000161384903204335	0.0609035227134427	0.074907847334946	0.0140043246215033
0.00989859606549801	0.00557431531035629	0.0666342155173138	0.0729393877575447	0.00630517224023094	0.000325307617844312	0.000114758347371969	0.0272184946334255	0.0383967984098276	0.0111783037764021
0.00842284840934624	0.00510164617516278	0.0651616232769522	0.0754083841621098	0.0102467608851576	0.000174831540237579	8.3008481160577e-05	0.0144391474243797	0.0256012165214054	0.0111620690970256
0.012455312939981	0.00699974330350943	0.127302966759978	0.141796409411903	0.0144934426519254	0.000363514498301838	0.000124416242068715	0.0441353214125203	0.0596773333656299	0.0155420119531096
0.00870394650178218	0.00476990866583213	0.0515214211203514	0.0540393304942299	0.00251790937387849	0.000208661576850086	8.00370757814266e-05	0.0103929716447819	0.0172920659984065	0.00689909435362461
0.00736764984299453	0.00456568941861582	0.0399824630865549	0.0477043637362532	0.00772190064969829	0.000198639975268756	8.7743443149604e-05	0.0124457524792129	0.0208118340848519	0.00836608160563905
0.0117677610831733	0.00744061233048881	0.101447029268386	0.126555527513844	0.0251084982454579	0.000285137448525655	0.000142182212174168	0.0281677677226571	0.0543167922901741	0.0261490245675169
0.00918053344895188	0.0052304220460128	0.0659077637999089	0.0734718243250807	0.00756406052517189	0.000253922919622402	8.64968376244022e-05	0.020368738482897	0.0256647432824536	0.0052960047995566
0.0110128188563529	0.00648855101435408	0.0774242622157878	0.0912132781933761	0.0137890159775883	0.000372999611253414	0.000143214185924599	0.0299293652619581	0.0467577958989808	0.0168284306370226
0.00897537757783492	0.0058841878467431	0.0718097911709263	0.0946145955514194	0.0228048043804932	0.000239153968703429	0.000127266810446416	0.0225949400549958	0.0478302508042443	0.0252353107492485
0.00962890929960915	0.00592128578676676	0.0703135125619845	0.092608738821047	0.0222952262590626	0.000254524305062956	0.000104703451561526	0.0194245209942453	0.0349527185479966	0.0155281975537513
0.0101757505297318	0.00576551231047547	0.0632132868802292	0.0664369321252619	0.00322364524503266	0.00039587201127593	0.000132322776647457	0.0324725563872376	0.038477032350835	0.0060044759635974
