LR1_coefficients_null_raster	LR1_coefficients_per_pop_2025_CN_100m_R2025A_v1_R	LR1_R2_null_raster	LR1_R2_per_pop_2025_CN_100m_R2025A_v1_R	LR1_Q_per_pop_2025_CN_100m_R2025A_v1_R	LR2_coefficients_null_raster	LR2_coefficients_per_pop_2025_CN_100m_R2025A_v1_R	LR2_R2_null_raster	LR2_R2_per_pop_2025_CN_100m_R2025A_v1_R	LR2_Q_per_pop_2025_CN_100m_R2025A_v1_R
0.00808319879766488	0.00685524999877375	0.0680460808636331	0.0582143565916636	-0.00983172427196952	0.000212659239937081	0.000163335836107634	0.023627947097201	0.0182814861604424	-0.00534646093675856
0.00608534727201069	0.00547164305422514	0.0381397077429607	0.048326986911348	0.0101872791683872	0.000192609715445078	0.000115072970806057	0.0148145802383847	0.0149352624450349	0.000120682206650215
0.00738076768061965	0.00625361481532522	0.0321266303103642	0.0309104058316047	-0.00121622447875955	0.000189280336941092	0.000142041437495773	0.00750242136300959	0.0081773814546732	0.000674960091663611
0.00811271045593552	0.00710278318100947	0.0578309119084697	0.0542731347242802	-0.00355777718418949	0.000205016856727856	0.000190578206989083	0.0144653076724984	0.0158345809806094	0.00136927330811107
0.0104634706960162	0.00761325210744429	0.0711128838404799	0.0561634129747373	-0.0149494708657426	0.000268420950403798	0.000113882037373603	0.0160358134840423	0.00764013569926933	-0.00839567778477293
0.00907119670998722	0.00744311434330739	0.0813669899309473	0.078631739903365	-0.00273525002758235	0.00029139597136192	0.000243947690473269	0.0311639434100819	0.0369039723397441	0.0057400289296622
0.0091724832664205	0.00833494333189964	0.0855684691929471	0.0826892554298756	-0.00287921376307151	0.000246446098959038	0.000237112901270236	0.0247088366031376	0.0279982077958423	0.00328937119270473
0.00548105516758877	0.00353792311258178	0.028289211343838	0.0163726906208351	-0.0119165207230029	0.000183575923260575	0.000109425052322139	0.0133337110212833	0.00826217796332589	-0.0050715330579574
0.0151899597263702	0.0101492965931822	0.190302431507655	0.162390617065667	-0.0279118144419877	0.00064139182321414	0.000324015952091679	0.109963256428143	0.0830350133742132	-0.0269282430539296
0.0104909344365721	0.00874630494797695	0.0663964975044658	0.0643031038484402	-0.00209339365602562	0.000338134391604518	0.000221895830691553	0.0251356525280022	0.021611076291731	-0.00352457623627117
0.00674856291572191	0.0049713816360505	0.0294649055518642	0.0242713694662682	-0.00519353608559601	0.000163540866379258	8.24601491274094e-05	0.00721958452587491	0.0053615801654997	-0.00185800436037522
0.0106212300000533	0.00554960832718328	0.10377234325391	0.0603179427047064	-0.0434544005492031	0.000414800959400155	0.000157258106456509	0.0578918339026447	0.0334453416801626	-0.0244464922224821
0.0124770287553981	0.00710182183409363	0.109291478751312	0.0607549144445372	-0.0485365643067746	0.000447393740039111	0.000178146436991104	0.0529820767374041	0.0245315527880047	-0.0284505239493995
0.00898934727558691	0.00848004804569762	0.0864728902716362	0.0996412409990858	0.0131683507274496	0.000242956554699919	0.000214849612126847	0.0308885281883874	0.0363412084273856	0.00545268023899819
0.0120477258849348	0.00912074179356794	0.0909727244137373	0.08380729018406	-0.00716543422967733	0.000372199377137748	0.00022124790213931	0.0346029745464403	0.0324207105327706	-0.00218226401366969
0.000849417140460153	0.000838698655364553	0.0012238240092659	0.0018058527518781	0.000582028742612203	2.58298906885388e-05	2.23863473857425e-05	0.000825886549563927	0.00172207636590647	0.000896189816342543
0.00810870144926852	0.00558489991117419	0.051688771346754	0.038124910043355	-0.013563861303399	0.000226607395678859	0.000118953501856941	0.014084661362641	0.0104643360430396	-0.00362032531960135
0.0119020108333866	0.00847889127961234	0.117666396210233	0.0830732129913643	-0.0345931832188683	0.000410395317127778	0.000301657874448847	0.0507852444403236	0.0421713722198909	-0.00861387222043278
0.00922739307723027	0.00719857357582863	0.072124097839926	0.0688964318087116	-0.00322766603121444	0.000232356403148085	0.000160210873042212	0.0185953226176453	0.022659023038908	0.00406370042126268
0.0146048560465441	0.00924237900677009	0.12865255829806	0.0862436924461798	-0.04240886585188	0.000534515642754631	0.000294388671112368	0.0587306517637898	0.0411655232368002	-0.0175651285269897
0.00729126988219223	0.00557882120240856	0.0355694551422681	0.0289138680636375	-0.00665558707863058	0.000185509457902966	0.000153349209633585	0.00791171498395932	0.00928782514846316	0.00137611016450384
0.00905536804078099	0.00748136362405766	0.0782448878904037	0.0687981068580546	-0.00944678103234917	0.000226084276552859	0.000152181181655192	0.0212363049999869	0.015757086397218	-0.00547921860276894
0.0110824247547033	0.00893536781312292	0.0971841583181063	0.0799184350717493	-0.017265723246357	0.000395179979909362	0.000318523779233887	0.0523728037671781	0.0454859832516485	-0.00688682051552966
0.00911080241145539	0.00652927097135232	0.0682823840617667	0.0530187981008597	-0.015263585960907	0.000274805408521151	0.000155602739036562	0.0232750341106697	0.0181787870654114	-0.00509624704525831
0.00973938085207329	0.00826849381514239	0.0560644332921603	0.0473185075807342	-0.0087459257114261	0.000303477327100822	0.000236643392458251	0.0179924368921741	0.0141945569099654	-0.00379787998220866
0.00176763958696843	0.00133062926899527	0.005704352822913	0.0049723515980001	-0.000732001224912896	9.54392757150417e-05	4.75967903866426e-05	0.0101220623756911	0.00720461064667086	-0.00291745172902025
0.0121148627056104	0.00815679481831541	0.118230133156309	0.0971731662484614	-0.0210569669078476	0.000445499125423884	0.000147810276258995	0.053265232982112	0.0239559211234136	-0.0293093118586984
0.00777234978902806	0.00541260755283975	0.0612357521240559	0.046942523510903	-0.0142932286131529	0.000261611805448135	9.49886126621007e-05	0.0223827167455275	0.0108491252361404	-0.0115335915093871
0.00841906308984085	0.00618067600030192	0.0630533410389613	0.0551804817620846	-0.00787285927687664	0.000298396083265777	0.000137519944832654	0.0304623160533562	0.0227455523401017	-0.00771676371325444
0.00891883224183054	0.00688040615284273	0.0740671730939548	0.0640230016418978	-0.010044171452057	0.000259726803362717	0.000120069706363319	0.0276613928019114	0.0138218075341958	-0.0138395852677156
0.0077276673810341	0.0069797232671641	0.0578803602025668	0.0634674339801728	0.00558707377760608	0.000280293268582797	0.000256006049916648	0.0285787439158372	0.0381710154799266	0.00959227156408939
0.00899310012607233	0.00866126461583922	0.0549851393882843	0.0709089133574249	0.0159237739691406	0.000226022223901048	0.000274214074361738	0.0143015393562317	0.0303606944253296	0.0160591550690978
0.00909539549240461	0.00540632549937114	0.0705975913024227	0.0429451102687392	-0.0276524810336835	0.000316130809337202	0.000104021255332913	0.032607491870879	0.0102959935967025	-0.0223114982741765
0.0103926239965121	0.00895346037555375	0.0739803823607957	0.0788867703006344	0.00490638793983875	0.000273239900601852	0.000237491237893025	0.0216476058966981	0.0277184261736193	0.00607082027692118
0.00869585502563007	0.0062118478240952	0.0555657695907458	0.0476678285979898	-0.00789794099275604	0.000243887618264107	0.000142100265332658	0.016922394990903	0.018681451847565	0.00175905685666195
0.0129771410690972	0.00822338071579889	0.156871610882886	0.102461784760705	-0.0544098261221808	0.000532886081715131	0.000262972617058094	0.0896499619477636	0.0527800209560187	-0.0368699409917449
0.0122049906571413	0.0113081273230955	0.105783564550157	0.11457071424113	0.00878714969097301	0.000395891481138955	0.000400890487751221	0.0410631480859069	0.0576825805981577	0.0166194325122509
0.00749551602197983	0.00447044076099379	0.0422004525325503	0.0244031990489183	-0.017797253483632	0.00020602373336434	6.95591187213563e-05	0.013069324831657	0.00364669223508133	-0.00942263259657566
0.0140470292638846	0.011563123807919	0.119062835036048	0.116483348477049	-0.00257948655899883	0.000442310857194323	0.000364862189653036	0.0462042988864782	0.0570749800283442	0.010870681141866
0.0122105934804595	0.00765353302850876	0.108356470194089	0.0652094449743214	-0.043147025219768	0.000532555384403222	0.000274648771596546	0.0668076289561346	0.0362406836224897	-0.0305669453336449
0.0113966378091184	0.00646103059214237	0.091341336737547	0.0439945223423544	-0.0473468143951926	0.000481270976447416	0.000211238325967262	0.0529844625555628	0.0192787002608311	-0.0337057622947317
-1.83204741307825e-05	-3.80019998155628e-05	6.80804587233387e-07	5.14454288883636e-06	4.46373830160297e-06	-3.30864310616364e-06	-5.74759959287705e-06	1.5759442808415e-05	0.000233568039274433	0.000217808596466018
0.00974989352488891	0.00733642976031951	0.0702844627353214	0.0610860703177166	-0.00919839241760486	0.000343173738570676	0.000159112234186028	0.0318782643236223	0.0207851557246738	-0.0110931085989485
0.00995091803830717	0.00684370306140807	0.0728535631479411	0.0529123260973518	-0.0199412370505894	0.00038617753676602	0.000216603212558243	0.0377807085679262	0.0273575437464253	-0.0104231648215008
-0.00248882609854583	-0.00223800767602501	0.0137728743654279	0.0150622160272441	0.00128934166181614	-0.000104836094521765	-7.26538891834677e-05	0.0183565155175902	0.0180868419629965	-0.000269673554593734
0.0128169762112479	0.00988457642955141	0.106926946338701	0.0861194651202352	-0.0208074812184653	0.000446266747477008	0.000334557266415276	0.0445086131574559	0.0375761790270942	-0.00693243413036167
0.0122290543805319	0.00835965522632324	0.0984821521018224	0.0760904509331226	-0.0223917011686998	0.000354465759275995	0.00015566633998679	0.033826316223596	0.0181988324991706	-0.0156274837244254
-0.00266244927945198	-0.00283524833198224	0.0116639184556101	0.021444005984753	0.00978008752914292	-0.000104046708753365	-7.72923758216352e-05	0.0123777727322174	0.0207702879103417	0.00839251517812433
0.0061877926549838	0.00421304513069569	0.041671268186806	0.0278115483696241	-0.0138597198171819	0.000153781696492903	4.13146581943705e-05	0.0114880342185546	0.00214093922181863	-0.00934709499673595
0.012171409222494	0.0100425511550679	0.0858181596065079	0.0786616174794968	-0.00715654212701113	0.000421515936197734	0.000367115869137473	0.033612631404007	0.0379261198180909	0.00431348841408383
0.00743710301771084	0.00610780766554299	0.038872226198698	0.0399810940510017	0.00110886785230379	0.00016742933272127	9.73115989045426e-05	0.00844374204244917	0.00667434307123348	-0.00176939897121569
0.000122491253288412	-3.96453621548592e-06	3.53656457615048e-05	5.23939255805522e-08	-3.53132518359243e-05	1.40722383743701e-05	-2.90953114597293e-06	0.000321034188847423	3.56645081636962e-05	-0.000285369680683727
0.00916092790768477	0.00645542845911958	0.0761992963307234	0.0624880671811917	-0.0137112291495317	0.000248671639972594	0.000127417668795944	0.0253891805512286	0.0156038728568615	-0.00978530769436703
-0.00212844452578336	-0.00240962688298292	0.00774706168650815	0.0129146085079526	0.00516754682144445	-6.38740188855871e-05	-6.35083766496031e-05	0.00542693697189994	0.0112278861125487	0.00580094914064875
0.0118221771952007	0.00888328539606947	0.096777924959855	0.0889371017662735	-0.00784082319358147	0.000409646994465805	0.000201582772553943	0.0384880551822905	0.030032813711153	-0.00845524147113748
0.00646100417435214	0.00448642857313711	0.0437399569386635	0.0338978131707895	-0.00984214376787403	0.00016715349946893	8.05574169265082e-05	0.0130251524921239	0.00805674784857945	-0.00496840464354448
-0.000625734635571243	-0.000237026423824201	0.000792479563568948	0.000155378187904614	-0.000637101375664335	-2.13373603398623e-05	-2.07162626089602e-06	0.000711785214649998	1.43474641312959e-05	-0.000697437750518702
0.0114926124032532	0.00978730743554342	0.0842345359087791	0.0735624235833084	-0.0106721123254708	0.000437640590540707	0.000389983416773088	0.0430610284892685	0.0429892914498148	-7.17370394537203e-05
0.00954894719688331	0.00679543643925469	0.0821723836858866	0.0610158291875779	-0.0211565544983086	0.00030155355458674	0.000194192129154289	0.0333498687408516	0.0250690920592237	-0.00828077668162787
0.00970702457546499	0.00657706701316661	0.050700939866604	0.0353179277432854	-0.0153830121233186	0.000327524634318328	0.000216192032760848	0.0176139177085535	0.0137716518128431	-0.00384226589571045
0.0071625349659591	0.00618339010221936	0.0485183984171076	0.047794685992522	-0.000723712424585576	0.000167674074441032	0.000121233004596764	0.0112048204226086	0.0103469313439121	-0.000857889078696538
0.0111518049146826	0.00836210532113739	0.133233077256312	0.0999962952445548	-0.0332367820117574	0.000404515963077826	0.000233886920242936	0.0683124785500409	0.0413466865011679	-0.026965792048873
0.00925895996362577	0.00804962683184774	0.0631238156325194	0.06096728063561	-0.00215653499690938	0.000251125694905506	0.000224949036825022	0.0171276038356457	0.0188549096418296	0.0017273058061839
0.0104676735898049	0.00662373275162889	0.080339099405435	0.0515280827155156	-0.0288110166899194	0.000407506235276048	0.000219234159624571	0.0454593358692779	0.0256696079336965	-0.0197897279355814
0.00680859700771559	0.00511794307707425	0.0457711854516237	0.0329689489679816	-0.0128022364836421	0.000197825103318003	0.000108657389911839	0.0165307794768864	0.00835819016304455	-0.00817258931384184
0.0111339717537502	0.00858705743867917	0.105457529510758	0.0885802846252697	-0.016877244885488	0.000371648016632997	0.000307964786774477	0.044180910182871	0.0483238685538209	0.00414295837094992
0.0134594645303448	0.010763542911684	0.127121829347271	0.118327734897026	-0.00879409445024468	0.000374047359223209	0.000188522533840345	0.0375759752299163	0.022917207166091	-0.0146587680638253
0.0140270307723822	0.00921050777911217	0.115845052506748	0.0793486963029537	-0.0364963562037939	0.000455360349884189	0.000145681953053284	0.039661991609681	0.0134903529451039	-0.0261716386645771
0.00744910311742497	0.00580632527639054	0.0515164093111981	0.0460480822316658	-0.00546832707953231	0.000190768780459525	0.000153528872804809	0.0151222835392194	0.0197370776283254	0.00461479408910606
-0.000200005544347831	7.76237231995856e-05	7.32752237132147e-05	1.76260344293911e-05	-5.56491892838235e-05	-1.26397324893124e-05	1.29167475499769e-05	0.000193265902019556	0.000618711634816367	0.000425445732796811
0.00797376987633409	0.00685484903912757	0.0465818630418354	0.0592033397024521	0.0126214766606167	0.000268046710369645	0.000183182048343422	0.0204755684667193	0.0255348065769872	0.00505923811026791
0.00793408168426602	0.00406867496734841	0.055455361508689	0.0271807749558298	-0.0282745865528593	0.000212659555492087	5.13473466559645e-05	0.0178742685996937	0.00300382035049276	-0.0148704482492009
0.00696675768782596	0.00518306411786081	0.0277515779787294	0.0257444186352968	-0.00200715934343265	0.000163281811688316	0.000125422101190787	0.00512966291069603	0.010414931361612	0.00528526845091595
0.0106303286440139	0.0072039080767019	0.0823384257183222	0.0565646375707409	-0.0257737881475813	0.000476725862720966	0.000181315671895687	0.0456829820961902	0.0182689178451605	-0.0274140642510297
0.000752607063115396	0.000941838511705776	0.00111776164221832	0.00266865828532016	0.00155089664310184	4.25844500787703e-05	3.81319938536298e-05	0.00236305467934488	0.00590367484067805	0.00354062016133317
-0.000862345972615528	-0.00115606485425962	0.00153010875290658	0.00395641524747462	0.00242630649456804	-3.54933003575674e-05	-3.77722576911553e-05	0.00222900799088392	0.00615468984809772	0.0039256818572138
0.00750076707775139	0.00580878618550854	0.0533548202381558	0.0415338255399333	-0.0118209946982225	0.000198472095231141	0.000141498043668268	0.0169932897195026	0.0124514660642757	-0.00454182365522686
0.0069697259117383	0.00460707487325177	0.0440246748695855	0.0317101125191235	-0.0123145623504619	0.000172262097499592	8.07424953284675e-05	0.0132317703802497	0.00686340800048986	-0.00636836237975987
0.00898381629492993	0.00621882894459134	0.0810745661049197	0.0717547558661678	-0.00931981023875195	0.000265437739544932	0.000128678271067028	0.0281450817267349	0.0216226319885468	-0.00652244973818808
0.0116418683593353	0.00861496832725917	0.0970288175218136	0.0724029754909034	-0.0246258420309102	0.000394848723867561	0.000221167472327346	0.0461174933219576	0.0289915547291322	-0.0171259385928254
-0.000589104784676292	-0.00011530016174366	0.00061332343013274	3.68889340764937e-05	-0.000576434496056246	-1.75661602299458e-05	5.62216640024817e-06	0.000437075668243114	0.000126255997569863	-0.000310819670673252
0.0101457266442576	0.00718796611479738	0.0819171101408872	0.0593557731802171	-0.0225613369606701	0.000379452733864593	0.000171847625813103	0.0429642320583021	0.0199809529302486	-0.0229832791280535
0.00860918632066396	0.00657830686228186	0.0573956706045077	0.0474865091293704	-0.0099091614751373	0.000232272298427077	0.000131367547918207	0.0168629473827999	0.0106825183814924	-0.00618042900130749
0.0101610692663302	0.00463591975022644	0.0787043712414774	0.0337782672133098	-0.0449261040281676	0.000439990831002151	0.000121458590047816	0.0459008475848414	0.0141423488384435	-0.0317584987463979
0.0117968728137654	0.0089365816300986	0.100306872898947	0.0837161898006069	-0.0165906830983404	0.000299236465658096	0.000221502214143903	0.0293066800487066	0.0268527685975309	-0.00245391145117573
0.00928249465043537	0.00571537861864419	0.0556555254575931	0.031380752120123	-0.0242747733374702	0.000296813096782009	6.88680973928286e-05	0.0198488480295213	0.00318533991582671	-0.0166635081136946
0.0113755964284547	0.00770741040889071	0.101315585033484	0.0722998145564933	-0.0290157704769907	0.000337928961171072	0.000163085322242958	0.0365864240889586	0.0245050479691704	-0.0120813761197883
0.0118125354333274	0.00752834684947775	0.0926876694731401	0.0660238450270677	-0.0266638244460724	0.000374005209584313	0.000164037340155582	0.037119372077405	0.0205853991577602	-0.0165339729196448
0.0131266414844746	0.00858166322167307	0.114346459459989	0.0744360373062456	-0.0399104221537434	0.000519919644348342	0.000196440101830242	0.0609035227134427	0.0242299613872077	-0.036673561326235
0.00989859606549801	0.00891353749070756	0.0666342155173138	0.0814893447081695	0.0148551291908557	0.000325307617844312	0.000325369531474015	0.0272184946334255	0.0469986869770312	0.0197801923436057
0.00842284840934624	0.00703426633650664	0.0651616232769522	0.0625727442839119	-0.00258887899304035	0.000174831540237579	0.000157351354880198	0.0144391474243797	0.0176092978622089	0.0031701504378292
0.012455312939981	0.012322368584662	0.127302966759978	0.135155977410564	0.00785301065058586	0.000363514498301838	0.000357433989596154	0.0441353214125203	0.0486179433760901	0.00448262196356982
0.00870394650178218	0.0052895010250796	0.0515214211203514	0.0346577776960352	-0.0168636434243163	0.000208661576850086	4.91390178748308e-05	0.0103929716447819	0.00243281680781519	-0.00796015483696673
0.00736764984299453	0.00561259811819458	0.0399824630865549	0.0379274392617067	-0.00205502382484826	0.000198639975268756	0.000119098017026912	0.0124457524792129	0.011480962040079	-0.000964790439133891
0.0117677610831733	0.00880909327599395	0.101447029268386	0.0821758890447744	-0.0192711402236112	0.000285137448525655	0.000167262394224468	0.0281677677226571	0.0218787195513077	-0.00628904817134937
0.00918053344895188	0.00643870878250726	0.0659077637999089	0.0462705295716839	-0.019637234228225	0.000253922919622402	0.000197709127528348	0.020368738482897	0.0186379235128524	-0.00173081497004463
0.0110128188563529	0.00843443269169014	0.0774242622157878	0.0669902449113882	-0.0104340173043995	0.000372999611253414	0.000264334046787276	0.0299293652619581	0.0253381900443729	-0.00459117521758526
0.00897537757783492	0.00783255109666466	0.0718097911709263	0.0748919916387605	0.00308220046783418	0.000239153968703429	0.000200571822602719	0.0225949400549958	0.0303883294566322	0.00779338940163636
0.00962890929960915	0.00899071862911483	0.0703135125619845	0.0710156976370904	0.000702185075105902	0.000254524305062956	0.000260638288975532	0.0194245209942453	0.0253780964232203	0.00595357542897502
0.0101757505297318	0.00636504012405717	0.0632132868802292	0.042264477067936	-0.0209488098122932	0.00039587201127593	0.00014291421558567	0.0324725563872376	0.0135864425513656	-0.0188861138358721
