LR1_coefficients_null_raster	LR1_coefficients_per_pop_2025_CN_100m_R2025A_v1_C	LR1_R2_null_raster	LR1_R2_per_pop_2025_CN_100m_R2025A_v1_C	LR1_Q_per_pop_2025_CN_100m_R2025A_v1_C	LR2_coefficients_null_raster	LR2_coefficients_per_pop_2025_CN_100m_R2025A_v1_C	LR2_R2_null_raster	LR2_R2_per_pop_2025_CN_100m_R2025A_v1_C	LR2_Q_per_pop_2025_CN_100m_R2025A_v1_C
0.00808319879766488	0.117111382907251	0.0680460808636331	0.0438327591164146	-0.0242133217472185	0.000212659239937081	0.0483116560626277	0.023627947097201	0.0102952591771061	-0.0133326879200948
0.00608534727201069	0.0352312353919635	0.0381397077429607	0.0108121020690881	-0.0273276056738726	0.000192609715445078	-0.00118928975260779	0.0148145802383847	0.00018996715785155	-0.0146246130805332
0.00738076768061965	0.0589331948999504	0.0321266303103642	0.0168572264552088	-0.0152694038551554	0.000189280336941092	0.00540050380913962	0.00750242136300959	0.00185974909140325	-0.00564267227160633
0.00811271045593552	0.115060766513166	0.0578309119084697	0.0496282855930931	-0.00820262631537656	0.000205016856727856	0.0499728066152326	0.0144653076724984	0.0180274733537213	0.00356216568122296
0.0104634706960162	0.0700352314027741	0.0711128838404799	0.0272614288692222	-0.0438514549712576	0.000268420950403798	0.0019092449937712	0.0160358134840423	0.000241767595647188	-0.0157940458883951
0.00907119670998722	0.108629719067032	0.0813669899309473	0.0570299844172035	-0.0243370055137438	0.00029139597136192	0.0359642605486566	0.0311639434100819	0.0175086736481382	-0.0136552697619438
0.0091724832664205	0.142947484805456	0.0855684691929471	0.0671206093420693	-0.0184478598508778	0.000246446098959038	0.0725431288605408	0.0247088366031376	0.0204099115406418	-0.00429892506249586
0.00548105516758877	0.0235238516311654	0.028289211343838	0.00457328545257937	-0.0237159258912587	0.000183575923260575	0.00181914271423739	0.0133337110212833	0.000173262531685076	-0.0131604484895982
0.0151899597263702	0.149209787469129	0.190302431507655	0.118525272043381	-0.0717771594642737	0.00064139182321414	0.0614133521977065	0.109963256428143	0.04784715098498	-0.0621161054431628
0.0104909344365721	0.084056229905925	0.0663964975044658	0.0333197389313283	-0.0330767585731375	0.000338134391604518	0.00655253035166613	0.0251356525280022	0.00256788013774264	-0.0225677723902595
0.00674856291572191	0.0426874152243439	0.0294649055518642	0.0112805929734642	-0.0181843125784	0.000163540866379258	0.00327999048037235	0.00721958452587491	0.000949573316472467	-0.00627001120940245
0.0106212300000533	0.0700499533914575	0.10377234325391	0.0372034162428324	-0.0665689270110772	0.000414800959400155	0.0223930155034196	0.0578918339026447	0.0107861669877887	-0.047105666914856
0.0124770287553981	0.0706985959902165	0.109291478751312	0.0334336185556814	-0.0758578601956304	0.000447393740039111	0.0093334568815805	0.0529820767374041	0.00772745928620344	-0.0452546174512007
0.00898934727558691	0.117243944586658	0.0864728902716362	0.0704328586898113	-0.0160400315818249	0.000242956554699919	0.0360397100725062	0.0308885281883874	0.0221212754694268	-0.00876725271896065
0.0120477258849348	0.143838938346431	0.0909727244137373	0.0655957858345921	-0.0253769385791452	0.000372199377137748	0.0422130349940661	0.0346029745464403	0.0196073043304876	-0.0149956702159528
0.000849417140460153	0.01064113347508	0.0012238240092659	0.00187389800360717	0.000650073994341273	2.58298906885388e-05	0.00178302092642993	0.000825886549563927	0.0010620105694876	0.000236124019923673
0.00810870144926852	0.0533230618611271	0.051688771346754	0.021628985480584	-0.03005978586617	0.000226607395678859	0.00458397375600304	0.014084661362641	0.00201389751799384	-0.0120707638446471
0.0119020108333866	0.112752154770537	0.117666396210233	0.0497401505951515	-0.0679262456150811	0.000410395317127778	0.0340749826873847	0.0507852444403236	0.0129104535846026	-0.0378747908557211
0.00922739307723027	0.119634845710255	0.072124097839926	0.055523033628715	-0.016601064211211	0.000232356403148085	0.0445311551894148	0.0185953226176453	0.0166690940776703	-0.00192622853997498
0.0146048560465441	0.0936795113149012	0.12865255829806	0.0486090270985428	-0.0800435311995171	0.000534515642754631	0.00883329856281422	0.0587306517637898	0.00411153311029624	-0.0546191186534936
0.00729126988219223	0.0744375206645344	0.0355694551422681	0.0184093039589421	-0.017160151183326	0.000185509457902966	0.0248360547464271	0.00791171498395932	0.00404949455633219	-0.00386222042762712
0.00905536804078099	0.0714737992382169	0.0782448878904037	0.0339602474429138	-0.04428464044749	0.000226084276552859	0.00162301080892357	0.0212363049999869	0.000213494610247672	-0.0210228103897392
0.0110824247547033	0.0787813844762577	0.0971841583181063	0.0339479165084291	-0.0632362418096772	0.000395179979909362	0.0138830688314518	0.0523728037671781	0.00534108768894349	-0.0470317160782346
0.00911080241145539	0.0645569241213923	0.0682823840617667	0.0292597860062014	-0.0390225980555653	0.000274805408521151	0.00717002137222849	0.0232750341106697	0.00465197056815064	-0.0186230635425191
0.00973938085207329	0.145274080733333	0.0560644332921603	0.0364088024972189	-0.0196556307949414	0.000303477327100822	0.0783226557403888	0.0179924368921741	0.00861225569838999	-0.00938018119378412
0.00176763958696843	0.0120556505508561	0.005704352822913	0.00337526713729581	-0.00232908568561719	9.54392757150417e-05	0.00176713450948274	0.0101220623756911	0.00144604390815829	-0.00867601846753282
0.0121148627056104	0.100086217555228	0.118230133156309	0.0684641461411399	-0.0497659870151691	0.000445499125423884	0.0253439474562535	0.053265232982112	0.0198583777501071	-0.0334068552320049
0.00777234978902806	0.0351719470034243	0.0612357521240559	0.0153418628436645	-0.0458938892803914	0.000261611805448135	0.00137474146211507	0.0223827167455275	0.000415118639606015	-0.0219675981059215
0.00841906308984085	0.0509639869198715	0.0630533410389613	0.0205242245208946	-0.0425291165180667	0.000298396083265777	0.00540802179438421	0.0304623160533562	0.00305332733657693	-0.0274089887167792
0.00891883224183054	0.059081334415393	0.0740671730939548	0.0254836308354842	-0.0485835422584706	0.000259726803362717	0.00154541779643062	0.0276613928019114	0.000253268753994697	-0.0274081240479167
0.0077276673810341	0.127496537926384	0.0578803602025668	0.072062666444143	0.0141823062415763	0.000280293268582797	0.0594700423373224	0.0285787439158372	0.0450654441152465	0.0164867001994093
0.00899310012607233	0.118353220303017	0.0549851393882843	0.0567731355034738	0.0017879961151895	0.000226022223901048	0.0452537794200392	0.0143015393562317	0.0230796044682898	0.0087780651120581
0.00909539549240461	0.0558496058701206	0.0705975913024227	0.0247801209333236	-0.045817470369099	0.000316130809337202	0.00233919651764857	0.032607491870879	0.000491819318555579	-0.0321156725523234
0.0103926239965121	0.148012183022547	0.0739803823607957	0.0688185932572118	-0.00516178910358392	0.000273239900601852	0.040141384516137	0.0216476058966981	0.0169666345991173	-0.00468097129758076
0.00869585502563007	0.0739620347433567	0.0555657695907458	0.0433879848552648	-0.012177784735481	0.000243887618264107	0.0130869728256996	0.016922394990903	0.0176535010131109	0.000731106022207932
0.0129771410690972	0.0706268350364463	0.156871610882886	0.054791754001628	-0.102079856881258	0.000532886081715131	0.00860180613084933	0.0896499619477636	0.00917084313005309	-0.0804791188177105
0.0122049906571413	0.172228316693492	0.105783564550157	0.0914173555165473	-0.0143662090336092	0.000395891481138955	0.0576858909055891	0.0410631480859069	0.0310092686496122	-0.0100538794362947
0.00749551602197983	0.114757741104158	0.0422004525325503	0.0432822172283307	0.00108176469578041	0.00020602373336434	0.0599585559276074	0.013069324831657	0.0250128454106612	0.0119435205790043
0.0140470292638846	0.177872752180099	0.119062835036048	0.0917226130502466	-0.0273402219858011	0.000442310857194323	0.0695491623665292	0.0462042988864782	0.0292865999167376	-0.0169176989697406
0.0122105934804595	0.0651652899289726	0.108356470194089	0.0256651691842659	-0.0826913010098236	0.000532555384403222	0.0175796497349043	0.0668076289561346	0.00732406632777446	-0.0594835626283601
0.0113966378091184	0.107980714257263	0.091341336737547	0.0356923741911607	-0.0556489625463863	0.000481270976447416	0.0627822652557215	0.0529844625555628	0.0159115707508412	-0.0370728918047216
-1.83204741307825e-05	-0.00384163067042877	6.80804587233387e-07	0.000420242134648501	0.000419561330061268	-3.30864310616364e-06	-0.00132949841899629	1.5759442808415e-05	0.00170184765890136	0.00168608821609295
0.00974989352488891	0.0697358604690161	0.0702844627353214	0.0332712631140587	-0.0370131996212628	0.000343173738570676	0.00661796169516095	0.0318782643236223	0.00384448056946325	-0.0280337837541591
0.00995091803830717	0.0766398654171229	0.0728535631479411	0.0348953071373585	-0.0379582560105826	0.00038617753676602	0.0170529591336773	0.0377807085679262	0.0143853609513474	-0.0233953476165788
-0.00248882609854583	-0.0268919092935024	0.0137728743654279	0.0134920466465287	-0.000280827718899241	-0.000104836094521765	-0.00472509780014095	0.0183565155175902	0.00710123820706591	-0.0112552773105243
0.0128169762112479	0.157110494197902	0.106926946338701	0.0715653750214416	-0.0353615713172589	0.000446266747477008	0.0650691327902764	0.0445086131574559	0.0228269116013804	-0.0216817015560755
0.0122290543805319	0.0674690292126758	0.0984821521018224	0.0303187396032294	-0.0681634124985929	0.000354465759275995	0.00237671805164085	0.033826316223596	0.00059497297280082	-0.0332313432507951
-0.00266244927945198	-0.0322349077221122	0.0116639184556101	0.0149116058317968	0.0032476873761867	-0.000104046708753365	-0.00473339978640698	0.0123777727322174	0.00471612697171491	-0.00766164576050247
0.0061877926549838	0.0317234025016503	0.041671268186806	0.00760986560893828	-0.0340614025778677	0.000153781696492903	-0.00300043676202917	0.0114880342185546	0.000958664462828515	-0.0105293697557261
0.012171409222494	0.144170677894304	0.0858181596065079	0.0640595622644076	-0.0217585973421004	0.000421515936197734	0.0448491783356181	0.033612631404007	0.0192262140959439	-0.0143864173080632
0.00743710301771084	0.0474475827021692	0.038872226198698	0.0149179414066594	-0.0239542847920385	0.00016742933272127	0.00135202237479703	0.00844374204244917	0.000147834853967085	-0.00829590718848208
0.000122491253288412	-0.00158405371396153	3.53656457615048e-05	5.66308664911792e-05	2.12652207296743e-05	1.40722383743701e-05	-0.00116072696011714	0.000321034188847423	0.00062581549416476	0.000304781305317337
0.00916092790768477	0.0551531728204464	0.0761992963307234	0.0281244202770976	-0.0480748760536257	0.000248671639972594	0.0021132426181613	0.0253891805512286	0.000526465787044533	-0.024862714764184
-0.00212844452578336	-0.0340354357839412	0.00774706168650815	0.0128543776603868	0.00510731597387868	-6.38740188855871e-05	-0.006369434228636	0.00542693697189994	0.00678748077214603	0.00136054380024609
0.0118221771952007	0.0568411422299313	0.096777924959855	0.0297487321566492	-0.0670291928032058	0.000409646994465805	0.00525299424078919	0.0384880551822905	0.00425902474352678	-0.0342290304387637
0.00646100417435214	0.0406761365296756	0.0437399569386635	0.0170909812390712	-0.0266489756995923	0.00016715349946893	0.00364434105337016	0.0130251524921239	0.00199541967331372	-0.0110297328188102
-0.000625734635571243	0.0044065562360117	0.000792479563568948	0.000332467193987327	-0.000460012369581621	-2.13373603398623e-05	0.00221776093024507	0.000711785214649998	0.00122349010125231	0.000511704886602311
0.0114926124032532	0.151141908920907	0.0842345359087791	0.0595553114273928	-0.0246792244813863	0.000437640590540707	0.0744549433889482	0.0430610284892685	0.0270902121852721	-0.0159708163039964
0.00954894719688331	0.0581395447906414	0.0821723836858866	0.0260471446612397	-0.0561252390246469	0.00030155355458674	0.00430121285512872	0.0333498687408516	0.00167805410438436	-0.0316718146364672
0.00970702457546499	0.0837601166027451	0.050700939866604	0.0270478598431801	-0.0236530800234239	0.000327524634318328	0.0280554136756604	0.0176139177085535	0.00809952125714057	-0.00951439645141293
0.0071625349659591	0.0714719931294746	0.0485183984171076	0.0298239545790211	-0.0186944438380865	0.000167674074441032	0.0136941196684992	0.0112048204226086	0.00553014393680566	-0.00567467648580298
0.0111518049146826	0.0727571510051424	0.133233077256312	0.0419298661445708	-0.0913032111117415	0.000404515963077826	0.00370322442467165	0.0683124785500409	0.00136029853873466	-0.0669521800113063
0.00925895996362577	0.114779727682203	0.0631238156325194	0.0465496897235611	-0.0165741259089582	0.000251125694905506	0.039392030742774	0.0171276038356457	0.0122110866045577	-0.00491651723108798
0.0104676735898049	0.0910377184201459	0.080339099405435	0.030225203576454	-0.050113895828981	0.000407506235276048	0.0436171711573487	0.0454593358692779	0.0104595394641622	-0.0349997964051157
0.00680859700771559	0.041203230790477	0.0457711854516237	0.0105677979749035	-0.0352033874767202	0.000197825103318003	-0.000123934246857118	0.0165307794768864	1.20616116119219e-06	-0.0165295733157252
0.0111339717537502	0.0789731196639398	0.105457529510758	0.0388394651867325	-0.0666180643240252	0.000371648016632997	0.0192913339914329	0.044180910182871	0.0099442793648833	-0.0342366308179877
0.0134594645303448	0.0789365322797412	0.127121829347271	0.0427447061753412	-0.0843771231719295	0.000374047359223209	0.00225862542276686	0.0375759752299163	0.000508806881862515	-0.0370671683480538
0.0140270307723822	0.058463706972095	0.115845052506748	0.0200643909104522	-0.0957806615962954	0.000455360349884189	0.00149144444527966	0.039661991609681	0.000221588028163373	-0.0394404035815176
0.00744910311742497	0.0865419129802643	0.0515164093111981	0.0371630083102482	-0.0143534010009499	0.000190768780459525	0.03721266646888	0.0151222835392194	0.0156160539734696	0.000493770434250185
-0.000200005544347831	0.00679873365840503	7.32752237132147e-05	0.00126011838953816	0.00118684316582494	-1.26397324893124e-05	0.00265252509627055	0.000193265902019556	0.00426226150443363	0.00406899560241407
0.00797376987633409	0.0632549158059367	0.0465818630418354	0.028434037957988	-0.0181478250838474	0.000268046710369645	0.00443415348480746	0.0204755684667193	0.00169469532306397	-0.0187808731436554
0.00793408168426602	0.105605844824237	0.055455361508689	0.0414198846578947	-0.0140354768507943	0.000212659555492087	0.0309157456686668	0.0178742685996937	0.0103578506002776	-0.00751641799941607
0.00696675768782596	0.0606132416720385	0.0277515779787294	0.019317030388417	-0.00843454759031246	0.000163281811688316	0.00745491083746976	0.00512966291069603	0.00372599089993701	-0.00140367201075902
0.0106303286440139	0.0565304352018928	0.0823384257183222	0.0233888991171583	-0.0589495266011639	0.000476725862720966	0.00231623952940505	0.0456829820961902	0.000532343484500867	-0.0451506386116894
0.000752607063115396	0.0132909937711168	0.00111776164221832	0.00383312193752698	0.00271536029530866	4.25844500787703e-05	0.00316879126387933	0.00236305467934488	0.00454933015231876	0.00218627547297387
-0.000862345972615528	-0.014090411288082	0.00153010875290658	0.00390297178072532	0.00237286302781874	-3.54933003575674e-05	-0.00287896110245963	0.00222900799088392	0.00336815901427478	0.00113915102339086
0.00750076707775139	0.100485938566838	0.0533548202381558	0.039398117465278	-0.0139567027728777	0.000198472095231141	0.0436634001244497	0.0169932897195026	0.0144172413241823	-0.00257604839532027
0.0069697259117383	0.0526578906117197	0.0440246748695855	0.0176881225687879	-0.0263365523007975	0.000172262097499592	0.0139387996784768	0.0132317703802497	0.00380618776087044	-0.00942558261937929
0.00898381629492993	0.0537042321584283	0.0810745661049197	0.0329807782164115	-0.0480937878885083	0.000265437739544932	0.00319432614985275	0.0281450817267349	0.00168068161214728	-0.0264644001145876
0.0116418683593353	0.0760454408667674	0.0970288175218136	0.0333879386031828	-0.0636408789186308	0.000394848723867561	0.00545796449650856	0.0461174933219576	0.00220170763096192	-0.0439157856909957
-0.000589104784676292	0.0103790588996588	0.00061332343013274	0.00205188422350778	0.00143856079337504	-1.75661602299458e-05	0.00363719979436188	0.000437075668243114	0.00493236527006842	0.0044952896018253
0.0101457266442576	0.0749990845417162	0.0819171101408872	0.0367231987418623	-0.0451939113990249	0.000379452733864593	0.00418723143144102	0.0429642320583021	0.00143491681491675	-0.0415293152433854
0.00860918632066396	0.0542743777133668	0.0573956706045077	0.0199405554839535	-0.0374551151205542	0.000232272298427077	0.00244560924845745	0.0168629473827999	0.000464207847544829	-0.0163987395352551
0.0101610692663302	0.0334001359588089	0.0787043712414774	0.011100611434988	-0.0676037598064894	0.000439990831002151	0.00891632231171193	0.0459008475848414	0.00449993219649069	-0.0414009153883507
0.0117968728137654	0.125907916777948	0.100306872898947	0.0651395781951024	-0.0351672947038449	0.000299236465658096	0.0472879795492669	0.0293066800487066	0.0231663286088651	-0.00614035143984153
0.00928249465043537	0.0355289539079896	0.0556555254575931	0.00747319197062281	-0.0481823334869703	0.000296813096782009	-0.00215888918241393	0.0198488480295213	0.00038420610046017	-0.0194646419290611
0.0113755964284547	0.0735188860414959	0.101315585033484	0.038254086856227	-0.063061498177257	0.000337928961171072	0.00380111827083534	0.0365864240889586	0.00136214926988629	-0.0352242748190723
0.0118125354333274	0.0802901980230515	0.0926876694731401	0.0414319230562381	-0.051255746416902	0.000374005209584313	0.0061984264686414	0.037119372077405	0.00291046315424805	-0.0342089089231569
0.0131266414844746	0.0712584266515631	0.114346459459989	0.0270007969513931	-0.0873456625085958	0.000519919644348342	0.00255159975736561	0.0609035227134427	0.000525871989052216	-0.0603776507243905
0.00989859606549801	0.111114366458168	0.0666342155173138	0.0491730381643494	-0.0174611773529644	0.000325307617844312	0.0404502075127156	0.0272184946334255	0.018298889498238	-0.00891960513518752
0.00842284840934624	0.114848123553846	0.0651616232769522	0.0570936898714036	-0.00806793340554857	0.000174831540237579	0.0372046229562222	0.0144391474243797	0.0166952272235669	0.00225607979918717
0.012455312939981	0.238239512778491	0.127302966759978	0.124345571410651	-0.00295739534932689	0.000363514498301838	0.141409908844101	0.0441353214125203	0.0476125857303401	0.00347726431781982
0.00870394650178218	0.0298052160774195	0.0515214211203514	0.00751668625361502	-0.0440047348667364	0.000208661576850086	-0.00147829000834646	0.0103929716447819	0.000287124190813976	-0.0101058474539679
0.00736764984299453	0.0424062961206573	0.0399824630865549	0.012627205264988	-0.0273552578215669	0.000198639975268756	-0.000727196365669593	0.0124457524792129	4.40982209409271e-05	-0.012401654258272
0.0117677610831733	0.0746691137307208	0.101447029268386	0.0364406343013691	-0.0650063949670165	0.000285137448525655	0.00461591156877242	0.0281677677226571	0.00198108655400503	-0.0261866811686521
0.00918053344895188	0.0883754453110289	0.0659077637999089	0.0345133418451398	-0.0313944219547691	0.000253922919622402	0.0315836932114572	0.020368738482897	0.0133870284838294	-0.00698170999906761
0.0110128188563529	0.0967827359866679	0.0774242622157878	0.046089860950414	-0.0313344012653738	0.000372999611253414	0.0335117064251415	0.0299293652619581	0.0175815889961777	-0.0123477762657805
0.00897537757783492	0.0884014184600073	0.0718097911709263	0.0558736044822915	-0.0159361866886348	0.000239153968703429	0.0144653349238722	0.0225949400549958	0.0192270956708663	-0.00336784438412951
0.00962890929960915	0.126802684264969	0.0703135125619845	0.0481522892052122	-0.0221612233567723	0.000254524305062956	0.0310364205085881	0.0194245209942453	0.00963227553668248	-0.00979224545756282
0.0101757505297318	0.0606356411407125	0.0632132868802292	0.0230156119048249	-0.0401976749754043	0.00039587201127593	0.00470851640308563	0.0324725563872376	0.00184514908247263	-0.030627407304765
