LR1_coefficients_null_raster	LR1_coefficients_per_pop_2025_CN_100m_R2025A_v1_C	LR1_R2_null_raster	LR1_R2_per_pop_2025_CN_100m_R2025A_v1_C	LR1_Q_per_pop_2025_CN_100m_R2025A_v1_C	LR2_coefficients_null_raster	LR2_coefficients_per_pop_2025_CN_100m_R2025A_v1_C	LR2_R2_null_raster	LR2_R2_per_pop_2025_CN_100m_R2025A_v1_C	LR2_Q_per_pop_2025_CN_100m_R2025A_v1_C
0.00808319879766488	0.0350413370142525	0.0680460808636331	0.0506037627817086	-0.0174423180819245	0.000212659239937081	0.00411503161066458	0.023627947097201	0.0126476764644892	-0.0109802706327118
0.00608534727201069	0.0250973373123812	0.0381397077429607	0.0286159104645593	-0.00952379727840144	0.000192609715445078	0.000967587446659597	0.0148145802383847	0.00117680398227017	-0.0136377762561145
0.00738076768061965	0.0335032953733536	0.0321266303103642	0.0313109966441924	-0.000815633666171871	0.000189280336941092	0.00335043171717058	0.00750242136300959	0.0069189683201433	-0.000583453042866283
0.00811271045593552	0.0429022106741021	0.0578309119084697	0.0631530836866917	0.00532217177822204	0.000205016856727856	0.00737010100633009	0.0144653076724984	0.0226621728805673	0.00819686520806893
0.0104634706960162	0.037023232635643	0.0711128838404799	0.0460116068118789	-0.025101277028601	0.000268420950403798	0.00200136398157001	0.0160358134840423	0.00346538506192891	-0.0125704284221134
0.00907119670998722	0.043012368403796	0.0813669899309473	0.0676125905010515	-0.0137543994298958	0.00029139597136192	0.00770793129216216	0.0311639434100819	0.0245395913548531	-0.00662435205522882
0.0091724832664205	0.0451678659561757	0.0855684691929471	0.0817044556218417	-0.0038640135711054	0.000246446098959038	0.00701551207179209	0.0247088366031376	0.0238553359563366	-0.000853500646800981
0.00548105516758877	0.0206104580256925	0.028289211343838	0.0185495688662933	-0.00973964247754472	0.000183575923260575	0.00252171281738547	0.0133337110212833	0.0055340050424958	-0.00779970597878749
0.0151899597263702	0.0572034127994071	0.190302431507655	0.14243492786175	-0.0478675036459044	0.00064139182321414	0.00923457252487984	0.109963256428143	0.0646367062424901	-0.0453265501856527
0.0104909344365721	0.0409396464028195	0.0663964975044658	0.0480450120522414	-0.0183514854522244	0.000338134391604518	0.00406934641160966	0.0251356525280022	0.0108481242687991	-0.0142875282592031
0.00674856291572191	0.0308725907124325	0.0294649055518642	0.0297549651787292	0.000290059626865017	0.000163540866379258	0.00224831215645768	0.00721958452587491	0.00454847395254346	-0.00267111057333146
0.0106212300000533	0.0376300124978234	0.10377234325391	0.063699671347777	-0.0400726719061325	0.000414800959400155	0.00696392834901931	0.0578918339026447	0.0342661813089354	-0.0236256525937093
0.0124770287553981	0.0500194576901717	0.109291478751312	0.0811310793036623	-0.0281603994476495	0.000447393740039111	0.00513614337293942	0.0529820767374041	0.0261615983082344	-0.0268204784291697
0.00898934727558691	0.0544991378504162	0.0864728902716362	0.116721395576846	0.0302485053052098	0.000242956554699919	0.0100153331126073	0.0308885281883874	0.0572857122409811	0.0263971840525937
0.0120477258849348	0.0538254437242441	0.0909727244137373	0.0706186615914298	-0.0203540628223075	0.000372199377137748	0.0103282880212807	0.0346029745464403	0.0360708338832496	0.00146785933680923
0.000849417140460153	0.00574953034208898	0.0012238240092659	0.00261472624680864	0.00139090223754274	2.58298906885388e-05	0.000655476795782439	0.000825886549563927	0.00184817357658973	0.0010222870270258
0.00810870144926852	0.0321064899144893	0.051688771346754	0.0430945397246963	-0.00859423162205761	0.000226607395678859	0.00326313873559385	0.014084661362641	0.0102272780744855	-0.00385738328815546
0.0119020108333866	0.05073535070317	0.117666396210233	0.0865523562306713	-0.0311140399795613	0.000410395317127778	0.0114549798325232	0.0507852444403236	0.0499137154926936	-0.000871528947630075
0.00922739307723027	0.0410324166871658	0.072124097839926	0.0595149024358347	-0.0126091954040914	0.000232356403148085	0.0051621180796947	0.0185953226176453	0.0145066528035138	-0.00408866981413154
0.0146048560465441	0.056069614271783	0.12865255829806	0.0915003785073851	-0.0371521797906748	0.000534515642754631	0.00874809899649529	0.0587306517637898	0.0324627197232426	-0.0262679320405472
0.00729126988219223	0.0340721222156075	0.0355694551422681	0.0322169820894578	-0.00335247305281037	0.000185509457902966	0.00540400596752306	0.00791171498395932	0.011782723652516	0.00387100866855669
0.00905536804078099	0.0396870604215728	0.0782448878904037	0.0667143170510806	-0.0115305708393231	0.000226084276552859	0.00332023466765371	0.0212363049999869	0.0105467952102169	-0.01068950978977
0.0110824247547033	0.0471981636460901	0.0971841583181063	0.0725929850831292	-0.0245911732349771	0.000395179979909362	0.00906063598962773	0.0523728037671781	0.0358468976801222	-0.0165259060870559
0.00911080241145539	0.0405398776887037	0.0682823840617667	0.0625718864915945	-0.00571049757017214	0.000274805408521151	0.00441650638715101	0.0232750341106697	0.018320694684167	-0.00495433942650271
0.00973938085207329	0.0586853206814301	0.0560644332921603	0.0640601528710852	0.00799571957892495	0.000303477327100822	0.0132759014638261	0.0179924368921741	0.0241131501015655	0.00612071320939139
0.00176763958696843	0.00750848818388887	0.005704352822913	0.00528463429425909	-0.000419718528653908	9.54392757150417e-05	0.00108401479879489	0.0101220623756911	0.00517281429778712	-0.00494924807790399
0.0121148627056104	0.0478374961190716	0.118230133156309	0.0922255530553407	-0.0260045801009682	0.000445499125423884	0.00716480394022088	0.053265232982112	0.0342569848466794	-0.0190082481354326
0.00777234978902806	0.0292752496568932	0.0612357521240559	0.0457676763177319	-0.015468075806324	0.000261611805448135	0.00213930086016835	0.0223827167455275	0.0069930541032591	-0.0153896626422684
0.00841906308984085	0.03035082792948	0.0630533410389613	0.039119014858585	-0.0239343261803763	0.000298396083265777	0.00265438898312846	0.0304623160533562	0.00901177573506489	-0.0214505403182913
0.00891883224183054	0.0342074150314253	0.0740671730939548	0.0509299723833613	-0.0231372007105934	0.000259726803362717	0.00195922197098927	0.0276613928019114	0.00504013762714413	-0.0226212551747673
0.0077276673810341	0.043930133739131	0.0578803602025668	0.0723065644309002	0.0144262042283334	0.000280293268582797	0.00992986940032665	0.0285787439158372	0.0494678501561587	0.0208891062403215
0.00899310012607233	0.0511197516285921	0.0549851393882843	0.0713003359575063	0.016315196569222	0.000226022223901048	0.00969579325643674	0.0143015393562317	0.028543003021868	0.0142414636656362
0.00909539549240461	0.0326537331564937	0.0705975913024227	0.0511860305641152	-0.0194115607383074	0.000316130809337202	0.00223634000455276	0.032607491870879	0.00678015971421339	-0.0258273321566656
0.0103926239965121	0.060809584937693	0.0739803823607957	0.0957476024743779	0.0217672201135822	0.000273239900601852	0.0120117564609548	0.0216476058966981	0.0471964782656256	0.0255488723689275
0.00869585502563007	0.0364039244659804	0.0555657695907458	0.051998623648095	-0.00356714594265082	0.000243887618264107	0.00473421055763615	0.016922394990903	0.0222258534294273	0.00530345843852433
0.0129771410690972	0.0459059017354902	0.156871610882886	0.103332192955451	-0.0535394179274348	0.000532886081715131	0.00567019107920089	0.0896499619477636	0.0381433955308733	-0.0515065664168904
0.0122049906571413	0.05753953890322	0.105783564550157	0.0862339745288714	-0.0195495900212851	0.000395891481138955	0.0105672138229707	0.0410631480859069	0.0347582145574443	-0.00630493352846255
0.00749551602197983	0.0397939803494266	0.0422004525325503	0.044107140024197	0.00190668749164679	0.00020602373336434	0.00771589745848837	0.013069324831657	0.0193039270295904	0.00623460219793344
0.0140470292638846	0.0629689449327326	0.119062835036048	0.0917690220477484	-0.0272938129882992	0.000442310857194323	0.0099295156726247	0.0462042988864782	0.0306368634839963	-0.0155674354024819
0.0122105934804595	0.0421402149578367	0.108356470194089	0.0642586005405113	-0.0440978696535781	0.000532555384403222	0.00633967171849203	0.0668076289561346	0.0244273656244283	-0.0423802633317062
0.0113966378091184	0.0523749030843283	0.091341336737547	0.0686878892674779	-0.022653447470069	0.000481270976447416	0.012251609065792	0.0529844625555628	0.03955347122163	-0.0134309913339328
-1.83204741307825e-05	0.000690037776909839	6.80804587233387e-07	5.20276813338072e-05	5.13468767465738e-05	-3.30864310616364e-06	-0.000285786868982049	1.5759442808415e-05	0.000666982066587619	0.000651222623779204
0.00974989352488891	0.0379074218648301	0.0702844627353214	0.0557768923628074	-0.0145075703725141	0.000343173738570676	0.00371106934781484	0.0318782643236223	0.01531753635874	-0.0165607279648823
0.00995091803830717	0.0460821122753983	0.0728535631479411	0.0772013145166771	0.004347751368736	0.00038617753676602	0.00832872430032498	0.0377807085679262	0.0494534755115545	0.0116727669436284
-0.00248882609854583	-0.0106408197842925	0.0137728743654279	0.0114991148449912	-0.00227375952043677	-0.000104836094521765	-0.00140388272161717	0.0183565155175902	0.010333383697143	-0.00802313182044727
0.0128169762112479	0.0631652089671968	0.106926946338701	0.0995750106464183	-0.00735193569228224	0.000446266747477008	0.0123287946197255	0.0445086131574559	0.0391150037446232	-0.00539360941283264
0.0122290543805319	0.0396641559939502	0.0984821521018224	0.0618989015119723	-0.03658325058985	0.000354465759275995	0.00264376486104392	0.033826316223596	0.00893225714937464	-0.0248940590742213
-0.00266244927945198	-0.0149137139795269	0.0116639184556101	0.0166595123461857	0.00499559389057553	-0.000104046708753365	-0.00194789214201598	0.0123777727322174	0.011954702375794	-0.000423070356423387
0.0061877926549838	0.0262785046851622	0.041671268186806	0.0321891406372508	-0.00948212754955517	0.000153781696492903	0.0017336310024076	0.0114880342185546	0.00317565052316167	-0.00831238369539291
0.012171409222494	0.0528885810113056	0.0858181596065079	0.0672100908138126	-0.0186080687926954	0.000421515936197734	0.010448991370253	0.033612631404007	0.0293218658969845	-0.00429076550702258
0.00743710301771084	0.0353674474656207	0.038872226198698	0.0407339611041235	0.00186173490542553	0.00016742933272127	0.00197013580832112	0.00844374204244917	0.00383404767350248	-0.00460969436894669
0.000122491253288412	0.00224910409853671	3.53656457615048e-05	0.000482322615421759	0.000446956969660254	1.40722383743701e-05	0.000243728514536732	0.000321034188847423	0.000243083141239676	-7.79510476077468e-05
0.00916092790768477	0.039471643195326	0.0761992963307234	0.0681799066919165	-0.00801938963880684	0.000248671639972594	0.00362080808477515	0.0253891805512286	0.0139239418029476	-0.011465238748281
-0.00212844452578336	-0.0115960033643726	0.00774706168650815	0.00991646561524312	0.00216940392873497	-6.38740188855871e-05	-0.00168255555219264	0.00542693697189994	0.00998854193309015	0.00456160496119021
0.0118221771952007	0.0441894547870925	0.096777924959855	0.0800337938571164	-0.0167441311027386	0.000409646994465805	0.00390757162866179	0.0384880551822905	0.0204503794843698	-0.0180376756979207
0.00646100417435214	0.0265775646045979	0.0437399569386635	0.0370754649236963	-0.00666449201496724	0.00016715349946893	0.00222232154538552	0.0130251524921239	0.00715120304340582	-0.0058739494487181
-0.000625734635571243	0.00199309241739729	0.000792479563568948	0.000358307687339575	-0.000434171876229373	-2.13373603398623e-05	0.000467320496752499	0.000711785214649998	0.000947177051365092	0.000235391836715095
0.0114926124032532	0.0528073493981466	0.0842345359087791	0.067670338059329	-0.0165641978494501	0.000437640590540707	0.0118407099376875	0.0430610284892685	0.0353310350703611	-0.00772999341890739
0.00954894719688331	0.0352956564049922	0.0821723836858866	0.0536416651962168	-0.0285307184896697	0.00030155355458674	0.00472406118786482	0.0333498687408516	0.0183183653327773	-0.0150315034080743
0.00970702457546499	0.0477289823954616	0.050700939866604	0.0538289544618227	0.00312801459521869	0.000327524634318328	0.00880943838131821	0.0176139177085535	0.0179927271206065	0.000378809412052972
0.0071625349659591	0.0356562558485913	0.0485183984171076	0.0520267578078562	0.00350835939074869	0.000167674074441032	0.00410194155044302	0.0112048204226086	0.0117825638841127	0.000577743461504025
0.0111518049146826	0.0434781428262627	0.133233077256312	0.0865355569047832	-0.046697520351529	0.000404515963077826	0.00531374084086778	0.0683124785500409	0.0263869658545248	-0.0419255126955161
0.00925895996362577	0.0533972102615516	0.0631238156325194	0.0774384707049186	0.0143146550723992	0.000251125694905506	0.0102589958868843	0.0171276038356457	0.0291520528262809	0.0120244489906353
0.0104676735898049	0.0508358314554196	0.080339099405435	0.0769735636856936	-0.00336553571974138	0.000407506235276048	0.0113656236162088	0.0454593358692779	0.0503367182827386	0.00487738241346077
0.00680859700771559	0.0294146750669941	0.0457711854516237	0.0356879805624699	-0.0100832048891538	0.000197825103318003	0.00260591884655168	0.0165307794768864	0.0062545635807691	-0.0102762158961173
0.0111339717537502	0.0431585625594559	0.105457529510758	0.070816291043938	-0.0346412384668198	0.000371648016632997	0.00767982364796785	0.044180910182871	0.0336582727117407	-0.0105226374711303
0.0134594645303448	0.0558221132176168	0.127121829347271	0.103092312138717	-0.0240295172085535	0.000374047359223209	0.00472086323356922	0.0375759752299163	0.0166946075809121	-0.0208813676490043
0.0140270307723822	0.0482299890872412	0.115845052506748	0.0675468765339748	-0.0482981759727728	0.000455360349884189	0.00333339605140833	0.039661991609681	0.00887190498295745	-0.0307900866267236
0.00744910311742497	0.0382115323064151	0.0515164093111981	0.0524951802320723	0.000978770920874172	0.000190768780459525	0.00631457128957826	0.0151222835392194	0.0184076535988424	0.00328537005962301
-0.000200005544347831	0.00034359835365917	7.32752237132147e-05	1.29895114044121e-05	-6.02857123088026e-05	-1.26397324893124e-05	0.000322139507884896	0.000193265902019556	0.000665116845564955	0.000471850943545399
0.00797376987633409	0.0284646610013771	0.0465818630418354	0.0331012878510194	-0.013480575190816	0.000268046710369645	0.00205159259333498	0.0204755684667193	0.00522541082981612	-0.0152501576369032
0.00793408168426602	0.0401749417145563	0.055455361508689	0.0533599971836605	-0.00209536432502849	0.000212659555492087	0.0061129980949173	0.0178742685996937	0.01700126657575	-0.000873002023943723
0.00696675768782596	0.0328379363901622	0.0277515779787294	0.0304059755690987	0.00265439759036922	0.000163281811688316	0.00298482779673675	0.00512966291069603	0.00661564562007622	0.00148598270938019
0.0106303286440139	0.0399365517037156	0.0823384257183222	0.0607364639723423	-0.0216019617459799	0.000476725862720966	0.00339636646258672	0.0456829820961902	0.0114107741054594	-0.0342722079907309
0.000752607063115396	0.0087352882459544	0.00111776164221832	0.0071018773346624	0.00598411569244408	4.25844500787703e-05	0.00129299040457079	0.00236305467934488	0.00955069669755046	0.00718764201820558
-0.000862345972615528	-0.00641649916784341	0.00153010875290658	0.00394878697799351	0.00241867822508693	-3.54933003575674e-05	-0.00119224452317788	0.00222900799088392	0.00743232327019231	0.00520331527930839
0.00750076707775139	0.0310291702404457	0.0533548202381558	0.0339223589877127	-0.019432461250443	0.000198472095231141	0.00392119737542277	0.0169932897195026	0.0078273944387313	-0.0091658952807713
0.0069697259117383	0.0395650946694699	0.0440246748695855	0.0572057367122346	0.0131810618426491	0.000172262097499592	0.0066989511779406	0.0132317703802497	0.0230439896129357	0.00981221923268592
0.00898381629492993	0.035808831224375	0.0810745661049197	0.0629043943993269	-0.0181701717055928	0.000265437739544932	0.00254079052455021	0.0281450817267349	0.00991125837210978	-0.0182338233546251
0.0116418683593353	0.0423990631906689	0.0970288175218136	0.0573896775470774	-0.0396391399747362	0.000394848723867561	0.00439997536669132	0.0461174933219576	0.016576002259605	-0.0295414910623525
-0.000589104784676292	0.00156318424911257	0.00061332343013274	0.000253288860043594	-0.000360034570089146	-1.75661602299458e-05	0.000671447852490447	0.000437075668243114	0.00267041458945025	0.00223333892120714
0.0101457266442576	0.0411257767968723	0.0819171101408872	0.0645968212038084	-0.0173202889370788	0.000379452733864593	0.00355813340665217	0.0429642320583021	0.0121488535089537	-0.0308153785493484
0.00860918632066396	0.0306940376873474	0.0573956706045077	0.0348764598865728	-0.0225192107179349	0.000232272298427077	0.0024808935549662	0.0168629473827999	0.00503599099804374	-0.0118269563847562
0.0101610692663302	0.0296574659867948	0.0787043712414774	0.0333261965386645	-0.045378174702813	0.000439990831002151	0.00492669673086749	0.0459008475848414	0.0135052506059801	-0.0323955969788612
0.0117968728137654	0.0549237492965014	0.100306872898947	0.0908511084192287	-0.0094557644797186	0.000299236465658096	0.00833556689552966	0.0293066800487066	0.0345900423585494	0.00528336230984279
0.00928249465043537	0.0288589480450135	0.0556555254575931	0.0269641016595677	-0.0286914237980254	0.000296813096782009	0.00100966995021791	0.0198488480295213	0.00093678605002033	-0.0189120619795009
0.0113755964284547	0.0453394223610938	0.101315585033484	0.082402104701137	-0.018913480332347	0.000337928961171072	0.0039457235465081	0.0365864240889586	0.0184019795396984	-0.0181844445492602
0.0118125354333274	0.0563039439506764	0.0926876694731401	0.0999964768684229	0.00730880739528279	0.000374005209584313	0.00612305833821074	0.037119372077405	0.0255526075312034	-0.0115667645462016
0.0131266414844746	0.0418255372878453	0.114346459459989	0.0639274762233311	-0.0504189832366578	0.000519919644348342	0.00296920655797175	0.0609035227134427	0.0104465292373945	-0.0504569934760482
0.00989859606549801	0.0476311593718929	0.0666342155173138	0.0638723037344392	-0.00276191178287459	0.000325307617844312	0.00912706669315502	0.0272184946334255	0.0276767541107365	0.000458259477310964
0.00842284840934624	0.0403062572820567	0.0651616232769522	0.0580781858771562	-0.00708343739979601	0.000174831540237579	0.00578894408126301	0.0144391474243797	0.0192111224849753	0.00477197506059557
0.012455312939981	0.0695888936805293	0.127302966759978	0.125685662829938	-0.00161730393003942	0.000363514498301838	0.0143330888444903	0.0441353214125203	0.0543850550534518	0.0102497336409315
0.00870394650178218	0.0304672948061522	0.0515214211203514	0.0343364397541971	-0.0171849813661543	0.000208661576850086	0.00123180371677933	0.0103929716447819	0.0015451840880364	-0.00884778755674552
0.00736764984299453	0.0276320093197047	0.0399824630865549	0.0284135819148869	-0.011568881171668	0.000198639975268756	0.00115792730752744	0.0124457524792129	0.00151845306298318	-0.0109272994162297
0.0117677610831733	0.0425752218099276	0.101447029268386	0.0665369474560218	-0.0349100818123638	0.000285137448525655	0.00318453623501195	0.0281677677226571	0.0107309858718998	-0.0174367818507573
0.00918053344895188	0.0431405822588345	0.0659077637999089	0.0611763648536429	-0.00473139894626599	0.000253922919622402	0.0084891017333006	0.020368738482897	0.0318200364341352	0.0114512979512382
0.0110128188563529	0.045920252700361	0.0774242622157878	0.0614641059657652	-0.0159601562500226	0.000372999611253414	0.0096496151078291	0.0299293652619581	0.033191515603494	0.0032621503415358
0.00897537757783492	0.0402132934640939	0.0718097911709263	0.0672034752128081	-0.00460631595811815	0.000239153968703429	0.00462429687478003	0.0225949400549958	0.0238863854652752	0.00129144541027939
0.00962890929960915	0.0472774066951988	0.0703135125619845	0.058371655987082	-0.0119418565749024	0.000254524305062956	0.00687777503895711	0.0194245209942453	0.0167456337727027	-0.00267888722154262
0.0101757505297318	0.0314606990627963	0.0632132868802292	0.0334984590848738	-0.0297148277953554	0.00039587201127593	0.0025186811984616	0.0324725563872376	0.00637149736724485	-0.0261010590199928
