LR1_coefficients_null_raster	LR1_coefficients_per_pop_2025_CN_100m_R2025A_v1_C	LR1_R2_null_raster	LR1_R2_per_pop_2025_CN_100m_R2025A_v1_C	LR1_Q_per_pop_2025_CN_100m_R2025A_v1_C	LR2_coefficients_null_raster	LR2_coefficients_per_pop_2025_CN_100m_R2025A_v1_C	LR2_R2_null_raster	LR2_R2_per_pop_2025_CN_100m_R2025A_v1_C	LR2_Q_per_pop_2025_CN_100m_R2025A_v1_C
0.00808319879766488	0.14513970592024	0.0680460808636331	0.025788240461831	-0.0422578404018022	0.000212659239937081	0.0582450762260996	0.023627947097201	0.00277470397073027	-0.0208532431264707
0.00608534727201069	0.0522772273590999	0.0381397077429607	0.0077340295755198	-0.0304056781674409	0.000192609715445078	-0.00633685093533956	0.0148145802383847	0.000679779228834595	-0.0141348010095501
0.00738076768061965	0.0967825615420242	0.0321266303103642	0.0146321209259293	-0.0174945093844349	0.000189280336941092	0.0146009909510744	0.00750242136300959	0.00151067682001905	-0.00599174454299054
0.00811271045593552	0.160413645561114	0.0578309119084697	0.034615391371518	-0.0232155205369517	0.000205016856727856	0.13603381768934	0.0144653076724984	0.0142468695246724	-0.000218438147825956
0.0104634706960162	0.0917654624885688	0.0711128838404799	0.015267545223824	-0.0558453386166558	0.000268420950403798	0.0022189694746079	0.0160358134840423	3.46978614428235e-05	-0.0160011156225994
0.00907119670998722	0.147445858290803	0.0813669899309473	0.0313698332754264	-0.0499971566555209	0.00029139597136192	0.0800743576040791	0.0311639434100819	0.00705266880370344	-0.0241112746063785
0.0091724832664205	0.22482530292675	0.0855684691929471	0.0556043510194394	-0.0299641181735077	0.000246446098959038	0.174581121524971	0.0247088366031376	0.0126342961607844	-0.0120745404423532
0.00548105516758877	0.029841144395362	0.028289211343838	0.00235160961423128	-0.0259376017296068	0.000183575923260575	-0.000780867138863198	0.0133337110212833	3.39580299853505e-06	-0.0133303152182848
0.0151899597263702	0.229422558582472	0.190302431507655	0.0966525040020324	-0.0936499275056222	0.00064139182321414	0.188498479740232	0.109963256428143	0.0456537751047307	-0.0643094813234121
0.0104909344365721	0.10896551578987	0.0663964975044658	0.0197807409686339	-0.0466157565358319	0.000338134391604518	0.0149497817874942	0.0251356525280022	0.00172088288040303	-0.0234147696475991
0.00674856291572191	0.0771616512467883	0.0294649055518642	0.012031278312047	-0.0174336272398173	0.000163540866379258	0.00961298880329436	0.00721958452587491	0.000966597827950321	-0.00625298669792459
0.0106212300000533	0.0759764886345365	0.10377234325391	0.0188475321962703	-0.0849248110576392	0.000414800959400155	0.040379228677947	0.0578918339026447	0.00782791928776209	-0.0500639146148826
0.0124770287553981	0.118805242725305	0.109291478751312	0.0273305173178226	-0.0819609614334891	0.000447393740039111	0.0300810227338675	0.0529820767374041	0.00724830752920443	-0.0457337692081997
0.00898934727558691	0.24235255207638	0.0864728902716362	0.0803356753620644	-0.00613721490957181	0.000242956554699919	0.181130517534926	0.0308885281883874	0.0334309496409762	0.00254242145258875
0.0120477258849348	0.218577182766347	0.0909727244137373	0.0440561009076361	-0.0469166235061012	0.000372199377137748	0.141007498696837	0.0346029745464403	0.0180673247804886	-0.0165356497659517
0.000849417140460153	0.0219016112516636	0.0012238240092659	0.00286544736338579	0.00164162335411989	2.58298906885388e-05	0.00573367217758594	0.000825886549563927	0.00132995786779013	0.000504071318226198
0.00810870144926852	0.08059356177261	0.051688771346754	0.01645355157006	-0.035235219776694	0.000226607395678859	0.0149902339273746	0.014084661362641	0.00228594890535596	-0.011798712457285
0.0119020108333866	0.150861406913056	0.117666396210233	0.0288102552592704	-0.0888561409509622	0.000410395317127778	0.098140297014344	0.0507852444403236	0.00960165768125035	-0.0411835867590733
0.00922739307723027	0.141000486537627	0.072124097839926	0.0283190045755051	-0.043805093264421	0.000232356403148085	0.0771910888924197	0.0185953226176453	0.00632312748018804	-0.0122721951374573
0.0146048560465441	0.119909296978298	0.12865255829806	0.0284829336124599	-0.1001696246856	0.000534515642754631	0.0205352509724609	0.0587306517637898	0.00250385522135847	-0.0562267965424313
0.00729126988219223	0.106266748929735	0.0355694551422681	0.0125257549350842	-0.0230437002071839	0.000185509457902966	0.0696307789128987	0.00791171498395932	0.0045607208082351	-0.00335099417572422
0.00905536804078099	0.10812244510995	0.0782448878904037	0.0256984932937692	-0.0525463945966346	0.000226084276552859	0.00268673364339759	0.0212363049999869	7.32088003710422e-05	-0.0211630961996159
0.0110824247547033	0.117165942509184	0.0971841583181063	0.0233372983973438	-0.0738468599207625	0.000395179979909362	0.0355328919108782	0.0523728037671781	0.00340018243416752	-0.0489726213330106
0.00911080241145539	0.104686025800923	0.0682823840617667	0.0253629018124505	-0.0429194822493162	0.000274805408521151	0.0208945679277916	0.0232750341106697	0.00437681694157484	-0.0188982171690949
0.00973938085207329	0.240490868929398	0.0560644332921603	0.028332364789045	-0.0277320685031153	0.000303477327100822	0.181826404347724	0.0179924368921741	0.00310217431194707	-0.014890262580227
0.00176763958696843	0.0205256297893312	0.005704352822913	0.00316802780584665	-0.00253632501706635	9.54392757150417e-05	0.00486922854980874	0.0101220623756911	0.00114356064010931	-0.0089785017355818
0.0121148627056104	0.151941247110589	0.118230133156309	0.0493270237360703	-0.0689031094202387	0.000445499125423884	0.0773012173027134	0.053265232982112	0.0174354596535601	-0.0358297733285519
0.00777234978902806	0.0574874382542847	0.0612357521240559	0.012648314607238	-0.0485874375168179	0.000261611805448135	0.00419109977361481	0.0223827167455275	0.00038617123439743	-0.0219965455111301
0.00841906308984085	0.0715105926141558	0.0630533410389613	0.012484590372155	-0.0505687506668062	0.000298396083265777	0.0119788772923104	0.0304623160533562	0.00153578995679554	-0.0289265260965606
0.00891883224183054	0.0827186911579477	0.0740671730939548	0.0165508622592387	-0.0575163108347161	0.000259726803362717	0.00040066285323677	0.0276613928019114	2.12443916085063e-06	-0.0276592683627505
0.0077276673810341	0.204790706948442	0.0578803602025668	0.0593798987026136	0.00149953850004681	0.000280293268582797	0.171232808865927	0.0285787439158372	0.0416098845616738	0.0130311406458366
0.00899310012607233	0.205021340177201	0.0549851393882843	0.0525280368085105	-0.00245710257977374	0.000226022223901048	0.144795880294967	0.0143015393562317	0.0228345428057546	0.00853300344952289
0.00909539549240461	0.0951876957498169	0.0705975913024227	0.0251412060483146	-0.045456385254108	0.000316130809337202	0.00510873340649623	0.032607491870879	0.000321832423986352	-0.0322856594468926
0.0103926239965121	0.26566389289604	0.0739803823607957	0.067120765821594	-0.0068596165392017	0.000273239900601852	0.147653824137181	0.0216476058966981	0.0222809926588001	0.000633386762102003
0.00869585502563007	0.114971748830518	0.0555657695907458	0.0317412740891456	-0.0238244955016002	0.000243887618264107	0.0433040822978622	0.016922394990903	0.0166737847332826	-0.000248610257620411
0.0129771410690972	0.107671848785548	0.156871610882886	0.0398418095791505	-0.117029801303736	0.000532886081715131	0.0251282847405208	0.0896499619477636	0.00881934009486753	-0.0808306218528961
0.0122049906571413	0.244829998757873	0.105783564550157	0.059165933124899	-0.0466176314252575	0.000395891481138955	0.158496646798416	0.0410631480859069	0.0226721597146209	-0.018390988371286
0.00749551602197983	0.191901436118767	0.0422004525325503	0.0382375070768468	-0.00396294545570348	0.00020602373336434	0.200574925139471	0.013069324831657	0.0281868994523893	0.0151175746207323
0.0140470292638846	0.26321229720743	0.119062835036048	0.0614867690242689	-0.0575760660117787	0.000442310857194323	0.202567753541007	0.0462042988864782	0.020147556664053	-0.0260567422224252
0.0122105934804595	0.094708223621352	0.108356470194089	0.0177379914490866	-0.0906184787450029	0.000532555384403222	0.0544514849694197	0.0668076289561346	0.00659296323781028	-0.0602146657183243
0.0113966378091184	0.134378239264946	0.091341336737547	0.0188653356410164	-0.0724760010965306	0.000481270976447416	0.0754992489877874	0.0529844625555628	0.00387182125399912	-0.0491126413015637
-1.83204741307825e-05	-0.00435784347121086	6.80804587233387e-07	0.000170204114368372	0.000169523309781139	-3.30864310616364e-06	-0.00437734588132633	1.5759442808415e-05	0.00181114508866412	0.0017953856458557
0.00974989352488891	0.103611341218704	0.0702844627353214	0.0262390991885875	-0.0440453635467339	0.000343173738570676	0.0197795163011444	0.0318782643236223	0.00397294146629145	-0.0279053228573309
0.00995091803830717	0.130137812873817	0.0728535631479411	0.0343194331327942	-0.038534130015147	0.00038617753676602	0.0529293362847305	0.0377807085679262	0.0161786809811255	-0.0216020275868006
-0.00248882609854583	-0.0363054674725089	0.0137728743654279	0.00831264420366711	-0.00546023016176082	-0.000104836094521765	-0.0112156320094589	0.0183565155175902	0.00453377528320623	-0.013822740234384
0.0128169762112479	0.216668398850668	0.106926946338701	0.0494929492905267	-0.0574339970481738	0.000446266747477008	0.163824536107631	0.0445086131574559	0.0141428562443258	-0.03036575691313
0.0122290543805319	0.0873913082178421	0.0984821521018224	0.0213653412027391	-0.0771168108990833	0.000354465759275995	0.00901368550565898	0.033826316223596	0.000981462093226165	-0.0328448541303698
-0.00266244927945198	-0.0575205616791924	0.0116639184556101	0.0151515553154062	0.00348763685979605	-0.000104046708753365	-0.0130573069108677	0.0123777727322174	0.00370585209358807	-0.00867192063862932
0.0061877926549838	0.0502115181754	0.041671268186806	0.00661926590805655	-0.0350520022787495	0.000153781696492903	-0.00982318598269624	0.0114880342185546	0.00127983405825882	-0.0102082001602958
0.012171409222494	0.200018392489811	0.0858181596065079	0.0418513437578378	-0.0439668158486701	0.000421515936197734	0.131640597248048	0.033612631404007	0.0146870581993087	-0.0189255732046984
0.00743710301771084	0.0843323720182017	0.038872226198698	0.0156878009489743	-0.0231844252497236	0.00016742933272127	0.00510046887389038	0.00844374204244917	0.000254031070763561	-0.00818971097168561
0.000122491253288412	-0.00164635440990171	3.53656457615048e-05	2.00597068351835e-05	-1.53059389263213e-05	1.40722383743701e-05	-0.00359813935894765	0.000321034188847423	0.000682189589384523	0.000361155400537099
0.00916092790768477	0.0908414617260299	0.0761992963307234	0.0246604933664934	-0.05153880296423	0.000248671639972594	0.00674958350561357	0.0253891805512286	0.000541025999051218	-0.0248481545521773
-0.00212844452578336	-0.0510168623828595	0.00774706168650815	0.00943590162053395	0.00168883993402579	-6.38740188855871e-05	-0.0201313589049664	0.00542693697189994	0.00667908701489131	0.00125215004299137
0.0118221771952007	0.0933001847660277	0.096777924959855	0.0273845049944001	-0.0693934199654549	0.000409646994465805	0.0148410019529655	0.0384880551822905	0.00399896836101975	-0.0344890868212707
0.00646100417435214	0.0668157942440696	0.0437399569386635	0.0151261865005135	-0.02861377043815	0.00016715349946893	0.00967517061737508	0.0130251524921239	0.00145347084307865	-0.0115716816490453
-0.000625734635571243	0.0186736990979506	0.000792479563568948	0.00198140207674466	0.00118892251317571	-2.13373603398623e-05	0.0090668178020051	0.000711785214649998	0.00228353038555572	0.00157174517090572
0.0114926124032532	0.205380357361512	0.0842345359087791	0.0380657092205962	-0.0461688266881829	0.000437640590540707	0.203623359163744	0.0430610284892685	0.0206392356599631	-0.0224217928293054
0.00954894719688331	0.0717199533263302	0.0821723836858866	0.0144177148648298	-0.0677546688210567	0.00030155355458674	0.00775617698931328	0.0333498687408516	0.000833036548876697	-0.0325168321919749
0.00970702457546499	0.12538751327458	0.050700939866604	0.0217754483324957	-0.0289254915341082	0.000327524634318328	0.0650282429440458	0.0176139177085535	0.0053610518157416	-0.0122528658928119
0.0071625349659591	0.138611860365765	0.0485183984171076	0.0283494981387483	-0.0201689002783592	0.000167674074441032	0.0638158123066989	0.0112048204226086	0.00647367770395659	-0.00473114271865205
0.0111518049146826	0.0878988884607905	0.133233077256312	0.0200704502501787	-0.113162627006134	0.000404515963077826	0.00394749013173254	0.0683124785500409	0.000194324112198515	-0.0681181544378424
0.00925895996362577	0.164394231321778	0.0631238156325194	0.0359186379234544	-0.027205177709065	0.000251125694905506	0.063916948840269	0.0171276038356457	0.00538135876088649	-0.0117462450747592
0.0104676735898049	0.134799735339348	0.080339099405435	0.0256755914406745	-0.0546635079647605	0.000407506235276048	0.0985890941976499	0.0454593358692779	0.00907943103321542	-0.0363799048360624
0.00680859700771559	0.0551006397964321	0.0457711854516237	0.00661766471144465	-0.039153520740179	0.000197825103318003	-0.00250862774295871	0.0165307794768864	6.99758031252154e-05	-0.0164608036737612
0.0111339717537502	0.103998872296736	0.105457529510758	0.0235343101100774	-0.0819232194006803	0.000371648016632997	0.0348028064362466	0.044180910182871	0.00492767018706453	-0.0392532399958065
0.0134594645303448	0.116291148137828	0.127121829347271	0.0311451653658723	-0.0959766639813985	0.000374047359223209	0.00593746415772805	0.0375759752299163	0.000402423405310039	-0.0371735518246063
0.0140270307723822	0.0743841939576436	0.115845052506748	0.0116584086162686	-0.104186643890479	0.000455360349884189	0.00286547844260193	0.039661991609681	0.000103691412640225	-0.0395583001970408
0.00744910311742497	0.138065164511648	0.0515164093111981	0.0281258651521052	-0.0233905441590929	0.000190768780459525	0.1120372745086	0.0151222835392194	0.0103140290524357	-0.00480825448678364
-0.000200005544347831	0.0112748103664567	7.32752237132147e-05	0.00113400084282702	0.0010607256191138	-1.26397324893124e-05	0.00765244815069079	0.000193265902019556	0.00349226924272613	0.00329900334070658
0.00797376987633409	0.098854456234999	0.0465818630418354	0.0244126407906567	-0.0221692222511787	0.000268046710369645	0.0137797777744675	0.0204755684667193	0.00187769444430386	-0.0185978740224155
0.00793408168426602	0.17736567186786	0.055455361508689	0.0349530982342581	-0.0205022632744309	0.000212659555492087	0.117777706998419	0.0178742685996937	0.0115516428370562	-0.00632262576263749
0.00696675768782596	0.100831025963204	0.0277515779787294	0.0176205570790052	-0.0101310208997243	0.000163281811688316	0.0229707279977528	0.00512966291069603	0.0036213352033148	-0.00150832770738123
0.0106303286440139	0.0781952585008567	0.0823384257183222	0.0153382542785914	-0.0670001714397309	0.000476725862720966	0.00312337806327878	0.0456829820961902	0.000121049267962249	-0.045561932828228
0.000752607063115396	0.0277399756654431	0.00111776164221832	0.00535676865847166	0.00423900701625334	4.25844500787703e-05	0.00993172703455125	0.00236305467934488	0.00505880578027482	0.00269575110092994
-0.000862345972615528	-0.0249917851683157	0.00153010875290658	0.00400286456832467	0.0024727558154181	-3.54933003575674e-05	-0.00947746845386898	0.00222900799088392	0.00366810196920896	0.00143909397832504
0.00750076707775139	0.1213442066815	0.0533548202381558	0.0178874852837675	-0.0354673349543883	0.000198472095231141	0.0905092827754449	0.0169932897195026	0.00507994477577738	-0.0119133449437252
0.0069697259117383	0.0945209393733195	0.0440246748695855	0.0207168496512942	-0.0233078252182912	0.000172262097499592	0.0286810604753867	0.0132317703802497	0.00276680241928771	-0.010464967960962
0.00898381629492993	0.080301355179983	0.0810745661049197	0.0229482487044713	-0.0581263174004484	0.000265437739544932	0.0079724506440794	0.0281450817267349	0.00106212456545985	-0.0270829571612751
0.0116418683593353	0.0943882659578639	0.0970288175218136	0.016284144715174	-0.0807446728066396	0.000394848723867561	0.0129753356155311	0.0461174933219576	0.0012598218589469	-0.0448576714630107
-0.000589104784676292	0.017063365960519	0.00061332343013274	0.0019421983816064	0.00132887495147366	-1.75661602299458e-05	0.0130303847603985	0.000437075668243114	0.00666017040243573	0.00622309473419262
0.0101457266442576	0.115802286168195	0.0819171101408872	0.0286454063522421	-0.0532717037886451	0.000379452733864593	0.00995688025220011	0.0429642320583021	0.000810264066371327	-0.0421539679919308
0.00860918632066396	0.0775178886302012	0.0573956706045077	0.0131593774520901	-0.0442362931524176	0.000232272298427077	0.00660396350633738	0.0168629473827999	0.00036155507918439	-0.0165013923036155
0.0101610692663302	0.0331889692098122	0.0787043712414774	0.00382977636358097	-0.0748745948778965	0.000439990831002151	0.0184925193171096	0.0459008475848414	0.00251159487129922	-0.0433892527135422
0.0117968728137654	0.178371586341376	0.100306872898947	0.0469223521450091	-0.0533845207539382	0.000299236465658096	0.118092252749205	0.0293066800487066	0.0206456512393774	-0.0086610288093292
0.00928249465043537	0.0314456792610221	0.0556555254575931	0.00219288543640489	-0.0534626400211883	0.000296813096782009	-0.0100552681458175	0.0198488480295213	0.000995944596734264	-0.018852903432787
0.0113755964284547	0.116239163482002	0.101315585033484	0.0319988927733619	-0.069316692260122	0.000337928961171072	0.0121960502959663	0.0365864240889586	0.00151033348208213	-0.0350760906068765
0.0118125354333274	0.139295229882408	0.0926876694731401	0.0402881271657954	-0.0523995423073447	0.000374005209584313	0.0154215574003149	0.037119372077405	0.00202047674767243	-0.0350988953297325
0.0131266414844746	0.0779105164055393	0.114346459459989	0.0129342203107651	-0.101412239149224	0.000519919644348342	0.00372928974713583	0.0609035227134427	0.000158933439015195	-0.0607445892744275
0.00989859606549801	0.158904290406937	0.0666342155173138	0.033564081059232	-0.0330701344580818	0.000325307617844312	0.0928756227344234	0.0272184946334255	0.00951105890686049	-0.017707435726565
0.00842284840934624	0.164078176661837	0.0651616232769522	0.0375378223422828	-0.0276238009346694	0.000174831540237579	0.0936053664381254	0.0144391474243797	0.0124255425939293	-0.0020136048304504
0.012455312939981	0.324891724102434	0.127302966759978	0.077116639247668	-0.0501863275123098	0.000363514498301838	0.293395178206183	0.0441353214125203	0.026855184340912	-0.0172801370716083
0.00870394650178218	0.0411354858494988	0.0515214211203514	0.00476329943774807	-0.0467581216826034	0.000208661576850086	-0.00465129166058018	0.0103929716447819	0.000325805879844236	-0.0100671657649377
0.00736764984299453	0.0542478912048755	0.0399824630865549	0.00716994711586191	-0.032812515970693	0.000198639975268756	-0.00633603042171826	0.0124457524792129	0.000445429107545821	-0.0120003233716671
0.0117677610831733	0.0954500685661474	0.101447029268386	0.0210032039142487	-0.0804438253541369	0.000285137448525655	0.00927379212672706	0.0281677677226571	0.000903586489245976	-0.0272641812334111
0.00918053344895188	0.115754178114166	0.0659077637999089	0.0217087588798479	-0.044199004920061	0.000253922919622402	0.0856536402445873	0.020368738482897	0.011029708163953	-0.00933903031894398
0.0110128188563529	0.160804396470337	0.0774242622157878	0.0369412226811767	-0.040483039534611	0.000372999611253414	0.128374476898698	0.0299293652619581	0.0215191371549365	-0.00841022810702166
0.00897537757783492	0.147649020012039	0.0718097911709263	0.0486061651268937	-0.0232036260440326	0.000239153968703429	0.0429543973567285	0.0225949400549958	0.0173377910072743	-0.00525714904772152
0.00962890929960915	0.191168190159564	0.0703135125619845	0.0345725282936767	-0.0357409842683078	0.000254524305062956	0.111090253999592	0.0194245209942453	0.00985735885193479	-0.00956716214231052
0.0101757505297318	0.0646285887677637	0.0632132868802292	0.00868702330281999	-0.0545262635774092	0.00039587201127593	0.00817470685809889	0.0324725563872376	0.00059813391448021	-0.0318744224727574
