LR1_coefficients_null_raster	LR1_coefficients_per_pop_2025_CN_100m_R2025A_v1_C	LR1_R2_null_raster	LR1_R2_per_pop_2025_CN_100m_R2025A_v1_C	LR1_Q_per_pop_2025_CN_100m_R2025A_v1_C	LR2_coefficients_null_raster	LR2_coefficients_per_pop_2025_CN_100m_R2025A_v1_C	LR2_R2_null_raster	LR2_R2_per_pop_2025_CN_100m_R2025A_v1_C	LR2_Q_per_pop_2025_CN_100m_R2025A_v1_C
0.00808319879766488	0.0106337747109972	0.0680460808636331	0.0764255238944746	0.00837944303084144	0.000212659239937081	0.000371177446892252	0.023627947097201	0.0308323292813524	0.00720438218415143
0.00608534727201069	0.00756152630023126	0.0381397077429607	0.0405161600276868	0.00237645228472607	0.000192609715445078	0.000281431082798383	0.0148145802383847	0.0160972831118437	0.00128270287345896
0.00738076768061965	0.00908807127485952	0.0321266303103642	0.0324377360800988	0.000311105769734567	0.000189280336941092	0.000290971810425996	0.00750242136300959	0.00809031140950703	0.000587890046497445
0.00811271045593552	0.00954743179091823	0.0578309119084697	0.0550325819949629	-0.00279832991350674	0.000205016856727856	0.00029394629936359	0.0144653076724984	0.0144128509745464	-5.24566979519803e-05
0.0104634706960162	0.0142365419754425	0.0711128838404799	0.0841069252597782	0.0129940414192983	0.000268420950403798	0.000520874180484417	0.0160358134840423	0.0247731117184472	0.0087372982344049
0.00907119670998722	0.0114511552466401	0.0813669899309473	0.0866067402600013	0.00523975032905405	0.00029139597136192	0.000477485873904576	0.0311639434100819	0.0375221635681602	0.00635822015807824
0.0091724832664205	0.0108094972319447	0.0855684691929471	0.0817617748997238	-0.00380669429322325	0.000246446098959038	0.000342319555605378	0.0247088366031376	0.0238845865012168	-0.000824250101920859
0.00548105516758877	0.00702809844506987	0.028289211343838	0.0313340807716713	0.00304486942783324	0.000183575923260575	0.000282827982873792	0.0133337110212833	0.01486282546795	0.00152911444666675
0.0151899597263702	0.0193864461255364	0.190302431507655	0.203221949118456	0.0129195176108013	0.00064139182321414	0.00107062435121144	0.109963256428143	0.132821622766689	0.0228583663385462
0.0104909344365721	0.0129713720903453	0.0663964975044658	0.0671670038789712	0.000770506374505403	0.000338134391604518	0.000517969324828649	0.0251356525280022	0.0273435781244711	0.00220792559646888
0.00674856291572191	0.00864074072834066	0.0294649055518642	0.0322389046995253	0.00277399914766108	0.000163540866379258	0.00026165683504678	0.00721958452587491	0.00851711437157739	0.00129752984570248
0.0106212300000533	0.0133293728869284	0.10377234325391	0.10990516817272	0.00613282491881034	0.000414800959400155	0.000606345058829874	0.0578918339026447	0.0617448591950706	0.00385302529242596
0.0124770287553981	0.0154694978959823	0.109291478751312	0.115324490122228	0.00603301137091576	0.000447393740039111	0.00068451994182651	0.0529820767374041	0.0579143313936375	0.00493225465623335
0.00898934727558691	0.0103715864321781	0.0864728902716362	0.079299124432325	-0.00717376583931117	0.000242956554699919	0.000335184621161254	0.0308885281883874	0.0293191682601622	-0.00156935992822523
0.0120477258849348	0.0149093608364173	0.0909727244137373	0.0918468074228799	0.000874083009142573	0.000372199377137748	0.00056411367417521	0.0346029745464403	0.0362738220816963	0.00167084753525593
0.000849417140460153	0.000768655568358364	0.0012238240092659	0.000635305394545103	-0.000588518614720795	2.58298906885388e-05	1.54571382521754e-05	0.000825886549563927	0.000117106615013703	-0.000708779934550224
0.00810870144926852	0.0105334006747468	0.051688771346754	0.0574289463776355	0.00574017503088155	0.000226607395678859	0.000375104407888438	0.014084661362641	0.0170823350538336	0.00299767369119261
0.0119020108333866	0.0143210548086752	0.117666396210233	0.117531889305054	-0.000134506905178161	0.000410395317127778	0.000625480491381033	0.0507852444403236	0.0551459632358453	0.00436071879552165
0.00922739307723027	0.0111996724102483	0.072124097839926	0.0708701696878394	-0.00125392815208658	0.000232356403148085	0.000352776297528088	0.0185953226176453	0.0199939238978745	0.00139860128022922
0.0146048560465441	0.0177385919609108	0.12865255829806	0.126911034501405	-0.00174152379665468	0.000534515642754631	0.000832861971364113	0.0587306517637898	0.0654726093562532	0.00674195759246334
0.00729126988219223	0.00885991938312202	0.0355694551422681	0.0345762039320524	-0.000993251210215748	0.000185509457902966	0.000291568476472335	0.00791171498395932	0.00833862322348284	0.000426908239523526
0.00905536804078099	0.0113575546476815	0.0782448878904037	0.0831663665344067	0.00492147864400297	0.000226084276552859	0.000380658633845257	0.0212363049999869	0.0276341493288099	0.00639784432882301
0.0110824247547033	0.0138568596925801	0.0971841583181063	0.102359221378964	0.00517506306085733	0.000395179979909362	0.000623238989935589	0.0523728037671781	0.0594744511638749	0.00710164739669676
0.00911080241145539	0.0112350998842314	0.0682823840617667	0.0695007628321104	0.00121837877034367	0.000274805408521151	0.000397803640529388	0.0232750341106697	0.0235486498760192	0.000273615765349504
0.00973938085207329	0.0120640302611776	0.0560644332921603	0.0581498893729695	0.00208545608080925	0.000303477327100822	0.000471560651256388	0.0179924368921741	0.0207116568962774	0.00271922000410334
0.00176763958696843	0.00190930401193697	0.005704352822913	0.00433323168084058	-0.00137112114207242	9.54392757150417e-05	0.000120089528283015	0.0101220623756911	0.00687430652064833	-0.00324775585504278
0.0121148627056104	0.0148205031850803	0.118230133156309	0.117775996409239	-0.000454136747070108	0.000445499125423884	0.000684155233800166	0.053265232982112	0.0586119238625024	0.0053466908803903
0.00777234978902806	0.0100093666039814	0.0612357521240559	0.0681823989181089	0.00694664679405298	0.000261611805448135	0.000394431619204742	0.0223827167455275	0.0248829986571514	0.00250028191162392
0.00841906308984085	0.0104772312915414	0.0630533410389613	0.0646341438548182	0.00158080281585697	0.000298396083265777	0.000468891467516627	0.0304623160533562	0.0348295031905123	0.00436718713715614
0.00891883224183054	0.0113526430860139	0.0740671730939548	0.0788327922433014	0.00476561914934664	0.000259726803362717	0.00045202152457927	0.0276613928019114	0.0373686000169742	0.00970720721506275
0.0077276673810341	0.00890489981199839	0.0578803602025668	0.0539880639793511	-0.00389229622321568	0.000280293268582797	0.000380627508729274	0.0285787439158372	0.0274449140058667	-0.00113382990997045
0.00899310012607233	0.010979571571199	0.0549851393882843	0.0538570925337498	-0.00112804685453449	0.000226022223901048	0.000361200516974897	0.0143015393562317	0.0163467810551753	0.00204524169894355
0.00909539549240461	0.0114906891810491	0.0705975913024227	0.0736580663201657	0.00306047501774301	0.000316130809337202	0.000507872961694715	0.032607491870879	0.037670616201617	0.00506312433073806
0.0103926239965121	0.0128200940403614	0.0739803823607957	0.0765866396990405	0.00260625733824479	0.000273239900601852	0.000438051329552448	0.0216476058966981	0.0249922277639353	0.00334462186723721
0.00869585502563007	0.0107613750456298	0.0555657695907458	0.0553560711647299	-0.00020969842601587	0.000243887618264107	0.000347652366838967	0.016922394990903	0.0154945787362737	-0.00142781625462931
0.0129771410690972	0.016272218145377	0.156871610882886	0.15957803371864	0.00270642283575404	0.000532886081715131	0.000871081811002886	0.0896499619477636	0.101696366680779	0.0120464047330153
0.0122049906571413	0.0143879569245896	0.105783564550157	0.102916967265145	-0.00286659728501121	0.000395891481138955	0.000572929183827921	0.0410631480859069	0.0428754687215136	0.00181232063560674
0.00749551602197983	0.0100674625177435	0.0422004525325503	0.0495771641388018	0.00737671160625158	0.00020602373336434	0.000410385190251169	0.013069324831657	0.0202748443108072	0.00720551947915019
0.0140470292638846	0.0165675204601359	0.119062835036048	0.111704983551481	-0.0073578514845663	0.000442310857194323	0.000612414476539736	0.0462042988864782	0.042678919262642	-0.00352537962383619
0.0122105934804595	0.0146722899049467	0.108356470194089	0.108373511442135	1.70412480454268e-05	0.000532555384403222	0.000725992391530951	0.0668076289561346	0.0646275929440952	-0.00218003601203941
0.0113966378091184	0.0139237720546001	0.091341336737547	0.0946019695878701	0.00326063285032319	0.000481270976447416	0.0007011786199731	0.0529844625555628	0.0570827986660846	0.00409833611052185
-1.83204741307825e-05	-0.000185500827205742	6.80804587233387e-07	4.23529196616586e-05	4.16721150744252e-05	-3.30864310616364e-06	-1.08963040761727e-05	1.5759442808415e-05	6.31869039927854e-05	4.74274611843704e-05
0.00974989352488891	0.01186214275417	0.0702844627353214	0.0702840754681161	-3.87267205345654e-07	0.000343173738570676	0.000480761452633224	0.0318782643236223	0.0315169210974419	-0.000361343226180477
0.00995091803830717	0.0119669613438051	0.0728535631479411	0.0709301019199381	-0.00192346122800301	0.00038617753676602	0.000493914226636334	0.0377807085679262	0.0313299154465614	-0.00645079312136477
-0.00248882609854583	-0.00315423930802444	0.0137728743654279	0.0137365674976553	-3.63068677726106e-05	-0.000104836094521765	-0.000163242452688747	0.0183565155175902	0.0176683326196611	-0.000688182897929126
0.0128169762112479	0.0164619888619572	0.106926946338701	0.117591570803375	0.010664624464674	0.000446266747477008	0.000768338122012519	0.0445086131574559	0.0567810657304513	0.0122724525729954
0.0122290543805319	0.0154061060132161	0.0984821521018224	0.102879488092447	0.00439733599062442	0.000354465759275995	0.000552035932030667	0.033826316223596	0.036385229358017	0.00255891313442107
-0.00266244927945198	-0.00286396454535703	0.0116639184556101	0.0086671346130858	-0.00299678384252432	-0.000104046708753365	-0.000142972874152181	0.0123777727322174	0.00983975386298168	-0.00253801886923571
0.0061877926549838	0.00821124388983855	0.041671268186806	0.0464019128336954	0.00473064464688937	0.000153781696492903	0.000261537876751675	0.0114880342185546	0.0136289316848029	0.00214089746624832
0.012171409222494	0.0150536373150919	0.0858181596065079	0.0897806677982916	0.00396250819178366	0.000421515936197734	0.000609049085619605	0.033612631404007	0.0353134214446532	0.00170079004064613
0.00743710301771084	0.00955129684274845	0.038872226198698	0.0421801226718533	0.00330789647315537	0.00016742933272127	0.000291475159779786	0.00844374204244917	0.011106669976736	0.00266292793428687
0.000122491253288412	-5.87047662974281e-05	3.53656457615048e-05	5.34190811299557e-06	-3.00237376485093e-05	1.40722383743701e-05	2.6447271433595e-06	0.000321034188847423	5.03844700167248e-06	-0.000315995741845751
0.00916092790768477	0.0114722993785915	0.0761992963307234	0.0778528173873242	0.00165352105660087	0.000248671639972594	0.000387905807512001	0.0253891805512286	0.0272681557869311	0.00187897523570256
-0.00212844452578336	-0.0022351979394507	0.00774706168650815	0.00543457245434276	-0.00231248923216539	-6.38740188855871e-05	-7.53298121309465e-05	0.00542693697189994	0.00305058900802173	-0.00237634796387821
0.0118221771952007	0.0143667660219912	0.096777924959855	0.0905156091870806	-0.00626231577277436	0.000409646994465805	0.000613611630618642	0.0384880551822905	0.0360139702065964	-0.0024740849756941
0.00646100417435214	0.00852542963655188	0.0437399569386635	0.0480686377710497	0.00432868083238616	0.00016715349946893	0.000307788751014864	0.0130251524921239	0.0172387175196022	0.00421356502747825
-0.000625734635571243	-0.000858613642982154	0.000792479563568948	0.000960950906817253	0.000168471343248305	-2.13373603398623e-05	-3.33856026494668e-05	0.000711785214649998	0.000737257464394304	2.5472249744306e-05
0.0114926124032532	0.0137966315697833	0.0842345359087791	0.082112126388335	-0.00212240952044414	0.000437640590540707	0.00058255672511338	0.0430610284892685	0.0381272772751956	-0.00493375121407291
0.00954894719688331	0.0126310529454699	0.0821723836858866	0.095544425292624	0.0133720416067375	0.00030155355458674	0.000517508658612044	0.0333498687408516	0.0438069817650294	0.0104571130241778
0.00970702457546499	0.0120286171766787	0.050700939866604	0.0520050687344544	0.00130412886785041	0.000327524634318328	0.000461693771565237	0.0176139177085535	0.0173003148843475	-0.000313602824206009
0.0071625349659591	0.0093777640499157	0.0485183984171076	0.0526292818745865	0.0041108834574789	0.000167674074441032	0.000317829125966513	0.0112048204226086	0.015653849412343	0.00444902898973431
0.0111518049146826	0.0139182337746006	0.133233077256312	0.136340023369087	0.00310694611277429	0.000404515963077826	0.000643641394113341	0.0683124785500409	0.0766457065911223	0.00833322804108136
0.00925895996362577	0.0119144105406635	0.0631238156325194	0.0694418571659009	0.00631804153338152	0.000251125694905506	0.000409569374190807	0.0171276038356457	0.0208587164377503	0.00373111260210458
0.0104676735898049	0.0130185735923241	0.080339099405435	0.0823164941986693	0.0019773947932343	0.000407506235276048	0.000648858754001964	0.0454593358692779	0.049821377503887	0.00436204163460914
0.00680859700771559	0.00886200048809295	0.0457711854516237	0.0506242828870945	0.00485309743547076	0.000197825103318003	0.000326259231925188	0.0165307794768864	0.0193463121818828	0.00281553270499645
0.0111339717537502	0.0141713074920013	0.105457529510758	0.11374889850105	0.0082913689902927	0.000371648016632997	0.000582614386273319	0.044180910182871	0.0494684844128402	0.00528757422996914
0.0134594645303448	0.0164381709018505	0.127121829347271	0.126142070893247	-0.000979758454024038	0.000374047359223209	0.000603316714421337	0.0375759752299163	0.0446343070521541	0.00705833182223777
0.0140270307723822	0.0174216579850481	0.115845052506748	0.12084077942195	0.00499572691520195	0.000455360349884189	0.000635723426826979	0.039661991609681	0.039304403733929	-0.000357587875752061
0.00744910311742497	0.00899936356787773	0.0515164093111981	0.0490060706339465	-0.00251033867725162	0.000190768780459525	0.000295435383016182	0.0151222835392194	0.0151357489126204	1.34653734009827e-05
-0.000200005544347831	-0.000170124094446456	7.32752237132147e-05	3.30635814508579e-05	-4.02116422623567e-05	-1.26397324893124e-05	-2.35171901633121e-05	0.000193265902019556	0.000270667355472783	7.74014534532274e-05
0.00797376987633409	0.0100310152914414	0.0465818630418354	0.049416373097099	0.00283451005526365	0.000268046710369645	0.000435847527503142	0.0204755684667193	0.0253053727216346	0.00482980425491521
0.00793408168426602	0.0106780986410764	0.055455361508689	0.0647064725312057	0.00925111102251672	0.000212659555492087	0.000397272567144366	0.0178742685996937	0.0263773331244869	0.00850306452479316
0.00696675768782596	0.00874006780272686	0.0277515779787294	0.0296552501386136	0.00190367215988415	0.000163281811688316	0.000239680675094746	0.00512966291069603	0.0055054936975513	0.000375830786855272
0.0106303286440139	0.0129668681619238	0.0823384257183222	0.0841233599976586	0.00178493427933636	0.000476725862720966	0.00067914992448916	0.0456829820961902	0.046915721149703	0.00123273905351272
0.000752607063115396	0.000692960833433274	0.00111776164221832	0.000592225324447688	-0.00052553631777063	4.25844500787703e-05	4.75397887110479e-05	0.00236305467934488	0.00118694507336043	-0.00117610960598445
-0.000862345972615528	-0.000627046153724781	0.00153010875290658	0.00050184950897677	-0.00102825924392981	-3.54933003575674e-05	-2.77835734937623e-05	0.00222900799088392	0.000534765375800786	-0.00169424261508313
0.00750076707775139	0.00932680004616535	0.0533548202381558	0.0555177979603258	0.00216297772217006	0.000198472095231141	0.000307041439635241	0.0169932897195026	0.0189790248244916	0.00198573510498901
0.0069697259117383	0.00907498816022777	0.0440246748695855	0.0485922809872218	0.00456760611763631	0.000172262097499592	0.00032103010377374	0.0132317703802497	0.0189436962063569	0.00571192582610714
0.00898381629492993	0.0111760879951837	0.0810745661049197	0.0832722730574474	0.00219770695252766	0.000265437739544932	0.000425055467084906	0.0281450817267349	0.0322436495217713	0.00409856779503637
0.0116418683593353	0.0147307916818869	0.0970288175218136	0.101869148290368	0.00484033076855413	0.000394848723867561	0.000630090540515789	0.0461174933219576	0.0507004197683244	0.00458292644636684
-0.000589104784676292	-0.000600101147926292	0.00061332343013274	0.000384636207086355	-0.000228687223046384	-1.75661602299458e-05	-2.15018466889967e-05	0.000437075668243114	0.000251553874818037	-0.000185521793425077
0.0101457266442576	0.0122583874275725	0.0819171101408872	0.0809626567688865	-0.000954453372000702	0.000379452733864593	0.000557869153227648	0.0429642320583021	0.042813143133446	-0.000151088924856151
0.00860918632066396	0.0111417109259148	0.0573956706045077	0.0631320499516793	0.0057363793471716	0.000232272298427077	0.000443412319566035	0.0168629473827999	0.0250188696104658	0.00815592222766593
0.0101610692663302	0.0130734545027019	0.0787043712414774	0.0907227891648837	0.0120184179234063	0.000439990831002151	0.000640179226323328	0.0459008475848414	0.0520042737422734	0.00610342615743205
0.0117968728137654	0.0144794622676446	0.100306872898947	0.0996445267188083	-0.000662346180138967	0.000299236465658096	0.000463966348849747	0.0293066800487066	0.0303199445661471	0.0010132645174405
0.00928249465043537	0.0121388435669576	0.0556555254575931	0.062123541424225	0.00646801596663183	0.000296813096782009	0.000493110982407915	0.0198488480295213	0.0246803808571249	0.00483153282760367
0.0113755964284547	0.01482877876347	0.101315585033484	0.111248365632098	0.00993278059861366	0.000337928961171072	0.000600340614534533	0.0365864240889586	0.0463975924113708	0.00981116832241217
0.0118125354333274	0.014715702693546	0.0926876694731401	0.0963866480921581	0.00369897861901795	0.000374005209584313	0.000611220435253744	0.037119372077405	0.0452454795036532	0.00812610742624827
0.0131266414844746	0.0166466219157085	0.114346459459989	0.120807904559419	0.00646144509943014	0.000519919644348342	0.000786111744925132	0.0609035227134427	0.0655662241054924	0.00466270139204974
0.00989859606549801	0.0121952701086693	0.0666342155173138	0.0666143749023049	-1.98406150089259e-05	0.000325307617844312	0.000520162587917531	0.0272184946334255	0.0300583690505749	0.00283987441714936
0.00842284840934624	0.0101152952359836	0.0651616232769522	0.0632355623708032	-0.001926060906149	0.000174831540237579	0.000279736227376244	0.0144391474243797	0.0159683376645146	0.00152919024013488
0.012455312939981	0.0150052843765847	0.127302966759978	0.127246078647286	-5.68881126916665e-05	0.000363514498301838	0.00052167971691816	0.0441353214125203	0.0443405867357827	0.000205265323262371
0.00870394650178218	0.0107456783880845	0.0515214211203514	0.0522872382830278	0.000765817162676326	0.000208661576850086	0.000346105864611246	0.0103929716447819	0.013277396257299	0.00288442461251705
0.00736764984299453	0.00944910787996431	0.0399824630865549	0.0417490740451737	0.00176661095861877	0.000198639975268756	0.00033405731333216	0.0124457524792129	0.0144067247625535	0.00196097228334064
0.0117677610831733	0.0151134247859545	0.101447029268386	0.107701646820818	0.00625461755243216	0.000285137448525655	0.000492512417177078	0.0281677677226571	0.0336089248843922	0.00544115716173504
0.00918053344895188	0.0111755324818663	0.0659077637999089	0.0669418264317045	0.00103406263179562	0.000253922919622402	0.00037652870531934	0.020368738482897	0.0211937936088868	0.000825055125989828
0.0110128188563529	0.0132475741643095	0.0774242622157878	0.0763858426226731	-0.00103841959311463	0.000372999611253414	0.000609295920629504	0.0299293652619581	0.0359719466758934	0.00604258141393521
0.00897537757783492	0.0118696862399672	0.0718097911709263	0.0783545275804915	0.00654473640956522	0.000239153968703429	0.000458696648991853	0.0225949400549958	0.0314802537534752	0.0088853136984794
0.00962890929960915	0.0119082254838712	0.0703135125619845	0.0722162301755667	0.00190271761358229	0.000254524305062956	0.000413201250425811	0.0194245209942453	0.0224206992551406	0.00299617826089527
0.0101757505297318	0.0127596084288298	0.0632132868802292	0.0644573572402674	0.00124407036003814	0.00039587201127593	0.000605243763457982	0.0324725563872376	0.0334742826272429	0.00100172624000532
