LR1_coefficients_null_raster	LR1_coefficients_per_pop_2025_CN_100m_R2025A_v1_R	LR1_R2_null_raster	LR1_R2_per_pop_2025_CN_100m_R2025A_v1_R	LR1_Q_per_pop_2025_CN_100m_R2025A_v1_R	LR2_coefficients_null_raster	LR2_coefficients_per_pop_2025_CN_100m_R2025A_v1_R	LR2_R2_null_raster	LR2_R2_per_pop_2025_CN_100m_R2025A_v1_R	LR2_Q_per_pop_2025_CN_100m_R2025A_v1_R
0.00808319879766488	5.86063413500743e-05	0.0680460808636331	0.0545665904246441	-0.013479490438989	0.000212659239937081	2.10012546518384e-08	0.023627947097201	0.0352590948306428	0.0116311477334418
0.00608534727201069	3.36074148315423e-05	0.0381397077429607	0.0224917401665716	-0.0156479675763891	0.000192609715445078	1.03151234119001e-08	0.0148145802383847	0.01223154790408	-0.00258303233430471
0.00738076768061965	4.35001599266751e-05	0.0321266303103642	0.0229148578505025	-0.00921177245986175	0.000189280336941092	1.29952560517213e-08	0.00750242136300959	0.0112390851699634	0.00373666380695385
0.00811271045593552	4.26403029146441e-05	0.0578309119084697	0.0303273048013601	-0.0275036071071096	0.000205016856727856	1.33818961019988e-08	0.0144653076724984	0.0148418702763958	0.000376562603897431
0.0104634706960162	7.19866821019055e-05	0.0711128838404799	0.0627185878689599	-0.00839429597151999	0.000268420950403798	2.01538014167228e-08	0.0160358134840423	0.0279151112971739	0.0118792978131316
0.00907119670998722	5.49504668078497e-05	0.0813669899309473	0.0569708212134556	-0.0243961687174917	0.00029139597136192	1.94101525134556e-08	0.0311639434100819	0.040933376138414	0.00976943272833201
0.0091724832664205	4.23294596765537e-05	0.0855684691929471	0.0356183190601007	-0.0499501501328464	0.000246446098959038	1.58916193942423e-08	0.0247088366031376	0.0255254498662436	0.000816613263106024
0.00548105516758877	3.05113988063724e-05	0.028289211343838	0.0124348579912163	-0.0158543533526217	0.000183575923260575	6.02442120900815e-09	0.0133337110212833	0.00207191272205008	-0.0112617982992332
0.0151899597263702	6.35832473905747e-05	0.190302431507655	0.0582006298740324	-0.132101801633622	0.00064139182321414	2.47434020762412e-08	0.109963256428143	0.0451242297477387	-0.0648390266804042
0.0104909344365721	5.09321260136666e-05	0.0663964975044658	0.0277048293278392	-0.0386916681766266	0.000338134391604518	1.78159956988568e-08	0.0251356525280022	0.0195945187119917	-0.00554113381601045
0.00674856291572191	3.27283198048172e-05	0.0294649055518642	0.0115687727695337	-0.0178961327823305	0.000163540866379258	1.36874943819002e-08	0.00721958452587491	0.00948631258238146	0.00226672805650655
0.0106212300000533	4.52876999710077e-05	0.10377234325391	0.0365898757139358	-0.0671824675399738	0.000414800959400155	1.93529177587095e-08	0.0578918339026447	0.0305942329512448	-0.0272976009513998
0.0124770287553981	7.58361819101196e-05	0.109291478751312	0.074684043088494	-0.0346074356628178	0.000447393740039111	2.58561599857384e-08	0.0529820767374041	0.0487901147688981	-0.00419196196850598
0.00898934727558691	2.55712164018363e-05	0.0864728902716362	0.0119227347372406	-0.0745501555343956	0.000242956554699919	7.91586541139328e-09	0.0308885281883874	0.00637003827955081	-0.0245184899088366
0.0120477258849348	6.75792608722081e-05	0.0909727244137373	0.0528020421723515	-0.0381706822413858	0.000372199377137748	2.22712039530322e-08	0.0346029745464403	0.0328213617064736	-0.0017816128399667
0.000849417140460153	4.79408002858649e-06	0.0012238240092659	0.0003940730153941	-0.000829750993871797	2.58298906885388e-05	2.56863185579189e-10	0.000825886549563927	1.24994087072911e-05	-0.000813387140856636
0.00810870144926852	4.81780290393724e-05	0.051688771346754	0.0365449275214497	-0.0151438438253043	0.000226607395678859	1.76489258474762e-08	0.014084661362641	0.0202587958513817	0.00617413448874069
0.0119020108333866	5.0916283579564e-05	0.117666396210233	0.0502376914635303	-0.0674287047467023	0.000410395317127778	1.1162750516947e-08	0.0507852444403236	0.0156789525355775	-0.0351062919047461
0.00922739307723027	4.66545434556059e-05	0.072124097839926	0.0342418373332394	-0.0378822605066867	0.000232356403148085	1.09573041267257e-08	0.0185953226176453	0.0140947542969629	-0.00450056832068245
0.0146048560465441	6.70425341935341e-05	0.12865255829806	0.0508565118386395	-0.0777960464594203	0.000534515642754631	2.66191265488838e-08	0.0587306517637898	0.0387497984334195	-0.0199808533303703
0.00729126988219223	4.31829095354907e-05	0.0355694551422681	0.0208309412285094	-0.0147385139137588	0.000185509457902966	8.31686112378328e-09	0.00791171498395932	0.0041071217560426	-0.00380459322791672
0.00905536804078099	6.90603638873383e-05	0.0782448878904037	0.0730379028963233	-0.0052069849940804	0.000226084276552859	2.56608205521167e-08	0.0212363049999869	0.0487915852304432	0.0275552802304563
0.0110824247547033	5.05983207098044e-05	0.0971841583181063	0.033309776614999	-0.0638743817031073	0.000395179979909362	1.89424267772662e-08	0.0523728037671781	0.0221284338535681	-0.03024436991361
0.00911080241145539	4.08121398105314e-05	0.0682823840617667	0.0308843686700645	-0.0373980153917022	0.000274805408521151	1.26731181937261e-08	0.0232750341106697	0.0212028968954457	-0.00207213721522407
0.00973938085207329	3.88969060267728e-05	0.0560644332921603	0.0194368863052169	-0.0366275469869434	0.000303477327100822	1.09186059089679e-08	0.0179924368921741	0.00792870836622881	-0.0100637285259453
0.00176763958696843	1.59438200725215e-05	0.005704352822913	0.00644348014580082	0.00073912732288782	9.54392757150417e-05	5.96013020592856e-09	0.0101220623756911	0.00968860324388005	-0.000433459131811057
0.0121148627056104	6.05294750043095e-05	0.118230133156309	0.0589385054451786	-0.0592916277111304	0.000445499125423884	1.9303117556962e-08	0.053265232982112	0.0324766092872967	-0.0207886236948153
0.00777234978902806	4.20597421217585e-05	0.0612357521240559	0.0370874984376668	-0.0241482536863891	0.000261611805448135	1.14176328955545e-08	0.0223827167455275	0.015900372414811	-0.00648234433071656
0.00841906308984085	2.93180865961866e-05	0.0630533410389613	0.0158239486505182	-0.0472293923884431	0.000298396083265777	7.89135671566121e-09	0.0304623160533562	0.00651348654761833	-0.0239488295057378
0.00891883224183054	4.54770418766299e-05	0.0740671730939548	0.0317668424795138	-0.042300330614441	0.000259726803362717	1.55409799884267e-08	0.0276613928019114	0.0205826864946898	-0.00707870630722165
0.0077276673810341	2.61907244472068e-05	0.0578803602025668	0.0123961607557369	-0.0454841994468299	0.000280293268582797	1.25731317876306e-08	0.0285787439158372	0.01565606622464	-0.0129226776911972
0.00899310012607233	3.68293263971635e-05	0.0549851393882843	0.0157468732489731	-0.0392382661393112	0.000226022223901048	9.45782996280254e-09	0.0143015393562317	0.00468269675032634	-0.0096188426059054
0.00909539549240461	3.5160750121224e-05	0.0705975913024227	0.0182375114037717	-0.052360079898651	0.000316130809337202	9.45622211825392e-09	0.032607491870879	0.00595330810212526	-0.0266541837687537
0.0103926239965121	3.84199293623903e-05	0.0739803823607957	0.0193206116161488	-0.0546597707446469	0.000273239900601852	9.75534107596645e-09	0.0216476058966981	0.00627177438882033	-0.0153758315078778
0.00869585502563007	4.5889688647793e-05	0.0555657695907458	0.0285364446948923	-0.0270293248958535	0.000243887618264107	1.5780692475165e-08	0.016922394990903	0.0162703903891679	-0.000652004601735097
0.0129771410690972	6.63139569087302e-05	0.156871610882886	0.0715275922135891	-0.0853440186692971	0.000532886081715131	2.73125551039481e-08	0.0896499619477636	0.053421498055411	-0.0362284638923527
0.0122049906571413	6.66616408562173e-05	0.105783564550157	0.0602124457534008	-0.0455711187967557	0.000395891481138955	2.44196380837362e-08	0.0410631480859069	0.0385567904690343	-0.00250635761687255
0.00749551602197983	4.20311867010857e-05	0.0422004525325503	0.0228454138683636	-0.0193550386641867	0.00020602373336434	1.87429550122616e-08	0.013069324831657	0.0182896571048559	0.00522033227319891
0.0140470292638846	7.55494266542441e-05	0.119062835036048	0.0651241140887252	-0.0539387209473224	0.000442310857194323	3.06107267974652e-08	0.0462042988864782	0.0554694589465032	0.00926516006002495
0.0122105934804595	4.48986377164165e-05	0.108356470194089	0.0353068923316074	-0.0730495778624821	0.000532555384403222	1.60485789275903e-08	0.0668076289561346	0.0265811497375847	-0.0402264792185499
0.0113966378091184	5.33790866616523e-05	0.091341336737547	0.049500360951403	-0.0418409757861439	0.000481270976447416	1.81229304044716e-08	0.0529844625555628	0.0336302502156278	-0.019354212339935
-1.83204741307825e-05	-2.75355072844515e-05	6.80804587233387e-07	0.0153313032434866	0.0153306224388993	-3.30864310616364e-06	-7.7798768219835e-09	1.5759442808415e-05	0.0111407779765746	0.0111250185337662
0.00974989352488891	4.72795834142814e-05	0.0702844627353214	0.0330473915036599	-0.0372370712316615	0.000343173738570676	1.4757750002022e-08	0.0318782643236223	0.0167726854654233	-0.015105578858199
0.00995091803830717	4.88550303614885e-05	0.0728535631479411	0.033101494729076	-0.0397520684188651	0.00038617753676602	1.25982220983861e-08	0.0377807085679262	0.0150296632980102	-0.022751045269916
-0.00248882609854583	4.57510718574585e-07	0.0137728743654279	4.7016706186852e-06	-0.0137681726948092	-0.000104836094521765	-1.27187392866994e-10	0.0183565155175902	4.19304182180781e-06	-0.0183523224757684
0.0128169762112479	6.90925508463151e-05	0.106926946338701	0.0550282175078098	-0.0518987288308907	0.000446266747477008	2.72433631538673e-08	0.0445086131574559	0.0392308001099705	-0.00527781304748537
0.0122290543805319	4.63655440013202e-05	0.0984821521018224	0.0324758101261832	-0.0660063419756392	0.000354465759275995	1.37886118757857e-08	0.033826316223596	0.0163533952154146	-0.0174729210081814
-0.00266244927945198	1.24711104832786e-05	0.0116639184556101	0.00235821873096305	-0.00930569972464707	-0.000104046708753365	3.7419958933383e-09	0.0123777727322174	0.00219260167844214	-0.0101851710537752
0.0061877926549838	4.34376979869445e-05	0.041671268186806	0.0286697024039394	-0.0130015657828666	0.000153781696492903	1.25093535080477e-08	0.0114880342185546	0.0117834381208473	0.000295403902292681
0.012171409222494	3.90479409777705e-05	0.0858181596065079	0.0212300563150545	-0.0645881032914535	0.000421515936197734	1.09762688224639e-08	0.033612631404007	0.0100328560557147	-0.0235797753482924
0.00743710301771084	4.27544162686595e-05	0.038872226198698	0.0193341532199617	-0.0195380729787362	0.00016742933272127	1.31691816219428e-08	0.00844374204244917	0.00815317683891423	-0.000290565203534937
0.000122491253288412	-1.31366196353371e-05	3.53656457615048e-05	0.00400030704263495	0.00396494139687344	1.40722383743701e-05	-5.25304924727894e-09	0.000321034188847423	0.00618002317328488	0.00585898898443745
0.00916092790768477	4.12172877479067e-05	0.0761992963307234	0.0209284790182	-0.0552708173125233	0.000248671639972594	1.63120074366202e-08	0.0253891805512286	0.0133298661203831	-0.0120593144308455
-0.00212844452578336	-2.13090437957156e-05	0.00774706168650815	0.00761308154738003	-0.000133980139128124	-6.38740188855871e-05	-5.95559554749864e-09	0.00542693697189994	0.00659925260546032	0.00117231563356038
0.0118221771952007	2.48184098093495e-05	0.096777924959855	0.0100667556452448	-0.0867111693146102	0.000409646994465805	3.40367952245446e-09	0.0384880551822905	0.00146363651389183	-0.0370244186683987
0.00646100417435214	3.79420333185163e-05	0.0437399569386635	0.0255711031361134	-0.0181688538025502	0.00016715349946893	1.14086126542859e-08	0.0130251524921239	0.0143101167952771	0.00128496430315315
-0.000625734635571243	-1.99028555300086e-05	0.000792479563568948	0.00758152259181247	0.00678904302824353	-2.13373603398623e-05	-7.67077563337908e-09	0.000711785214649998	0.0128515174314986	0.0121397322168486
0.0114926124032532	4.3405395316143e-05	0.0842345359087791	0.0236445325167875	-0.0605900033919917	0.000437640590540707	1.66433944203528e-08	0.0430610284892685	0.016857645130866	-0.0262033833584025
0.00954894719688331	5.10754196641542e-05	0.0821723836858866	0.0476816985779678	-0.0344906851079188	0.00030155355458674	1.29466700511703e-08	0.0333498687408516	0.0190719750141906	-0.014277893726661
0.00970702457546499	3.25724102104885e-05	0.050700939866604	0.0142525943598871	-0.0364483455067169	0.000327524634318328	1.18805612765881e-08	0.0176139177085535	0.0107031350145393	-0.00691078269401425
0.0071625349659591	3.83231541701447e-05	0.0485183984171076	0.026027686737561	-0.0224907116795466	0.000167674074441032	1.05683561524961e-08	0.0112048204226086	0.01086232809019	-0.000342492332418664
0.0111518049146826	5.89500488938418e-05	0.133233077256312	0.0680595279337025	-0.0651735493226097	0.000404515963077826	1.91926272193429e-08	0.0683124785500409	0.0431942486218828	-0.0251182299281582
0.00925895996362577	5.72880339651517e-05	0.0631238156325194	0.0449127252262983	-0.0182110904062211	0.000251125694905506	2.00545128049455e-08	0.0171276038356457	0.0288351281444406	0.0117075243087949
0.0104676735898049	4.00368071223617e-05	0.080339099405435	0.0214254718247526	-0.0589136275806824	0.000407506235276048	1.23934164999678e-08	0.0454593358692779	0.0106512757227136	-0.0348080601465643
0.00680859700771559	4.57355416986774e-05	0.0457711854516237	0.0318865046196698	-0.0138846808319539	0.000197825103318003	1.53524927579293e-08	0.0165307794768864	0.0184309592464182	0.00190017976953182
0.0111339717537502	5.91254936705649e-05	0.105457529510758	0.0592838491596853	-0.0461736803510725	0.000371648016632997	2.20818214170997e-08	0.044180910182871	0.0416268499782769	-0.00255406020459408
0.0134594645303448	6.95235785035138e-05	0.127121829347271	0.0714655832579813	-0.0556562460892894	0.000374047359223209	1.93861526376028e-08	0.0375759752299163	0.0321382157416158	-0.00543775948830054
0.0140270307723822	6.18386031772942e-05	0.115845052506748	0.0513437333718365	-0.0645013191349111	0.000455360349884189	2.26425975551525e-08	0.039661991609681	0.0368826749067381	-0.00277931670294287
0.00744910311742497	4.90603654632887e-05	0.0515164093111981	0.0302694024471505	-0.0212470068640476	0.000190768780459525	1.79254981381522e-08	0.0151222835392194	0.0187691674066206	0.00364688386740123
-0.000200005544347831	1.30158868368865e-05	7.32752237132147e-05	0.00263734731876975	0.00256407209505653	-1.26397324893124e-05	5.31222153504526e-09	0.000193265902019556	0.00392657770740013	0.00373331180538057
0.00797376987633409	5.34777031337942e-05	0.0465818630418354	0.0302443356094401	-0.0163375274323953	0.000268046710369645	2.24991373168885e-08	0.0204755684667193	0.023256299193375	0.00278073072665563
0.00793408168426602	6.75207970054329e-05	0.055455361508689	0.0480329502598142	-0.00742241124887488	0.000212659555492087	2.81246977119849e-08	0.0178742685996937	0.0347160663010542	0.0168417977013605
0.00696675768782596	3.24068228093641e-05	0.0277515779787294	0.0130965222066086	-0.0146550557721208	0.000163281811688316	1.00154041626908e-08	0.00512966291069603	0.00678533815262307	0.00165567524192705
0.0106303286440139	3.30174888469117e-05	0.0823384257183222	0.0204233057714798	-0.0619151199468424	0.000476725862720966	7.70663314469274e-09	0.0456829820961902	0.00690500976867608	-0.0387779723275142
0.000752607063115396	-1.00320292534919e-05	0.00111776164221832	0.00164304158845164	0.000525279946233325	4.25844500787703e-05	-3.29040998598779e-09	0.00236305467934488	0.00167741087346683	-0.000685643805878057
-0.000862345972615528	6.00396280374893e-06	0.00153010875290658	0.000649777404520522	-0.000880331348386054	-3.54933003575674e-05	1.32402662942629e-09	0.00222900799088392	0.000357487612011813	-0.0018715203788721
0.00750076707775139	4.98438561774096e-05	0.0533548202381558	0.0390447407632117	-0.014310079474944	0.000198472095231141	1.38203928746458e-08	0.0169932897195026	0.0169528689317795	-4.04207877231014e-05
0.0069697259117383	3.19740634138579e-05	0.0440246748695855	0.014578307325543	-0.0294463675440424	0.000172262097499592	9.1079019291324e-09	0.0132317703802497	0.00618476561209722	-0.00704700476815251
0.00898381629492993	5.43460515634941e-05	0.0810745661049197	0.0549496101413044	-0.0261249559636154	0.000265437739544932	1.57395977794887e-08	0.0281450817267349	0.0267496254426275	-0.00139545628410743
0.0116418683593353	8.59064146342662e-05	0.0970288175218136	0.0875448462666163	-0.00948397125519727	0.000394848723867561	3.18926309477253e-08	0.0461174933219576	0.0577799882115313	0.0116624948895737
-0.000589104784676292	-1.37353604369742e-05	0.00061332343013274	0.00241410458752961	0.00180078115739687	-1.75661602299458e-05	-4.80444889201369e-09	0.000437075668243114	0.00263592832020458	0.00219885265196147
0.0101457266442576	4.98191528398087e-05	0.0819171101408872	0.03478330954406	-0.0471338005968271	0.000379452733864593	1.81766218917828e-08	0.0429642320583021	0.0229536022716991	-0.020010629786603
0.00860918632066396	6.73159680976489e-05	0.0573956706045077	0.0664872781686027	0.00909160756409498	0.000232272298427077	2.78901064024059e-08	0.0168629473827999	0.0565618107450528	0.0396988633622529
0.0101610692663302	6.46137753947564e-05	0.0787043712414774	0.058338291914265	-0.0203660793272125	0.000439990831002151	2.59164135988084e-08	0.0459008475848414	0.0472947004292899	0.00139385284444851
0.0117968728137654	6.52750132009793e-05	0.100306872898947	0.0596830350666445	-0.0406238378323028	0.000299236465658096	2.03949122773481e-08	0.0293066800487066	0.0326604393496329	0.00335375930092625
0.00928249465043537	4.57829187909343e-05	0.0556555254575931	0.0257162599666702	-0.029939265490923	0.000296813096782009	1.66911670166843e-08	0.0198488480295213	0.0161734558455188	-0.0036753921840025
0.0113755964284547	5.36453697991704e-05	0.101315585033484	0.0430266323586844	-0.0582889526747996	0.000337928961171072	1.74070729334472e-08	0.0365864240889586	0.0237981001270992	-0.0127883239618594
0.0118125354333274	3.45535868538595e-05	0.0926876694731401	0.0146750088047166	-0.0780126606684235	0.000374005209584313	1.62273460196573e-08	0.037119372077405	0.0129407804077132	-0.0241785916696918
0.0131266414844746	7.82499912815794e-05	0.114346459459989	0.0751978537816964	-0.0391486056782926	0.000519919644348342	2.76827521530036e-08	0.0609035227134427	0.0488277975678232	-0.0120757251456195
0.00989859606549801	2.74850294991427e-05	0.0666342155173138	0.0116613432636019	-0.0549728722537119	0.000325307617844312	8.03934828121249e-09	0.0272184946334255	0.00650133906506528	-0.0207171555683603
0.00842284840934624	4.78931039094318e-05	0.0651616232769522	0.039063944003677	-0.0260976792732752	0.000174831540237579	1.39148305603896e-08	0.0144391474243797	0.020992439241571	0.00655329181719123
0.012455312939981	5.38415346290374e-05	0.127302966759978	0.0529467096714117	-0.074356257088566	0.000363514498301838	1.79306158799309e-08	0.0441353214125203	0.0332644095187169	-0.0108709118938034
0.00870394650178218	1.66445640471542e-05	0.0515214211203514	0.00406451953499779	-0.0474569015853537	0.000208661576850086	3.97878097830749e-09	0.0103929716447819	0.00129251008425196	-0.00910046156052996
0.00736764984299453	2.27364889263716e-05	0.0399824630865549	0.0076510499909078	-0.0323314130956471	0.000198639975268756	3.82227227826038e-09	0.0124457524792129	0.00132767883376716	-0.0111180736454457
0.0117677610831733	7.23872553950526e-05	0.101447029268386	0.0689804932143318	-0.0324665360540539	0.000285137448525655	2.511802857894e-08	0.0281677677226571	0.0431797874155605	0.0150120196929034
0.00918053344895188	5.66109444408741e-05	0.0659077637999089	0.0432479470947831	-0.0226598167051258	0.000253922919622402	2.10938375212115e-08	0.020368738482897	0.0286065845993515	0.00823784611645456
0.0110128188563529	4.35438699197905e-05	0.0774242622157878	0.030495613278784	-0.0469286489370037	0.000372999611253414	1.31942533666156e-08	0.0299293652619581	0.0161537671269617	-0.0137755981349965
0.00897537757783492	4.0948642070569e-05	0.0718097911709263	0.0273432677246684	-0.0444665234462579	0.000239153968703429	1.1116384422076e-08	0.0225949400549958	0.011590612899733	-0.0110043271552628
0.00962890929960915	5.8154950035289e-05	0.0703135125619845	0.0490462070593729	-0.0212673055026116	0.000254524305062956	1.69644906235814e-08	0.0194245209942453	0.0249069681188079	0.00548244712456263
0.0101757505297318	4.4616033426619e-05	0.0632132868802292	0.0253516549702626	-0.0378616319099667	0.00039587201127593	1.48783826491654e-08	0.0324725563872376	0.0161457234801023	-0.0163268329071354
