LR1_coefficients_null_raster	LR1_coefficients_per_pop_2025_CN_100m_R2025A_v1_R	LR1_R2_null_raster	LR1_R2_per_pop_2025_CN_100m_R2025A_v1_R	LR1_Q_per_pop_2025_CN_100m_R2025A_v1_R	LR2_coefficients_null_raster	LR2_coefficients_per_pop_2025_CN_100m_R2025A_v1_R	LR2_R2_null_raster	LR2_R2_per_pop_2025_CN_100m_R2025A_v1_R	LR2_Q_per_pop_2025_CN_100m_R2025A_v1_R
0.00808319879766488	0.000457903671169885	0.0680460808636331	0.0742958506469109	0.00624976978327779	0.000212659239937081	1.04189744235493e-06	0.023627947097201	0.0441745417251017	0.0205465946279008
0.00608534727201069	0.000309487414148425	0.0381397077429607	0.0375210511007337	-0.000618656642227079	0.000192609715445078	7.81998707121687e-07	0.0148145802383847	0.0269450968647652	0.0121305166263805
0.00738076768061965	0.000365618832116872	0.0321266303103642	0.0318405169476727	-0.000286113362691548	0.000189280336941092	7.34544656141021e-07	0.00750242136300959	0.0143941917859811	0.00689177042297154
0.00811271045593552	0.00036497349244898	0.0578309119084697	0.0452820302134897	-0.0125488816949799	0.000205016856727856	7.26518812803639e-07	0.0144653076724984	0.020651774411576	0.00618646673907759
0.0104634706960162	0.000563427055894806	0.0711128838404799	0.0762230366831255	0.00511015284264561	0.000268420950403798	9.64775256037383e-07	0.0160358134840423	0.0273110256367095	0.0112752121526672
0.00907119670998722	0.000456686928857457	0.0813669899309473	0.0821732845831048	0.000806294652157549	0.00029139597136192	1.16341742936386e-06	0.0311639434100819	0.0612056249417115	0.0300416815316295
0.0091724832664205	0.000401791162987746	0.0855684691929471	0.0629325519583165	-0.0226359172346305	0.000246446098959038	1.09319404226822e-06	0.0247088366031376	0.0469309631915875	0.0222221265884499
0.00548105516758877	0.00025289787403286	0.028289211343838	0.0205105332697957	-0.0077786780740423	0.000183575923260575	5.74578474856108e-07	0.0133337110212833	0.0110819529909577	-0.00225175803032563
0.0151899597263702	0.000706820786420741	0.190302431507655	0.15014573495884	-0.0401566965488147	0.00064139182321414	2.04846785635774e-06	0.109963256428143	0.130369756804467	0.0204065003763244
0.0104909344365721	0.000504936946268345	0.0663964975044658	0.0539973379509881	-0.0123991595534777	0.000338134391604518	1.26176072223922e-06	0.0251356525280022	0.0381254232379155	0.0129897707099133
0.00674856291572191	0.000276687796326621	0.0294649055518642	0.0189111943379192	-0.010553711213945	0.000163540866379258	6.93872737728517e-07	0.00721958452587491	0.0138644738209258	0.00664488929505093
0.0106212300000533	0.000491324426319268	0.10377234325391	0.0854612977397919	-0.0183110455141177	0.000414800959400155	1.29977727761077e-06	0.0578918339026447	0.0673597043606492	0.00946787045800454
0.0124770287553981	0.00058583055639321	0.109291478751312	0.0963974103611802	-0.0128940683901316	0.000447393740039111	1.37092865027486e-06	0.0529820767374041	0.0622956435944612	0.00931356685705705
0.00898934727558691	0.00034070846839278	0.0864728902716362	0.0461348401408768	-0.0403380501307594	0.000242956554699919	7.66493198135208e-07	0.0308885281883874	0.0301117037415306	-0.000776824446856898
0.0120477258849348	0.000565419084973263	0.0909727244137373	0.0779316542901624	-0.0130410701235749	0.000372199377137748	1.15809421612691e-06	0.0346029745464403	0.0416815301526524	0.00707855560621205
0.000849417140460153	-1.32770030025352e-05	0.0012238240092659	7.88619536587706e-05	-0.00114496205560713	2.58298906885388e-05	-1.10564354136076e-07	0.000825886549563927	0.00136688327067088	0.000540996721106958
0.00810870144926852	0.00043599558541457	0.051688771346754	0.055812264464333	0.00412349311757909	0.000226607395678859	9.79585593321683e-07	0.014084661362641	0.0260165349555186	0.0119318735928776
0.0119020108333866	0.000512410686396274	0.117666396210233	0.0915957882603805	-0.0260706079498521	0.000410395317127778	9.1571481207047e-07	0.0507852444403236	0.0367680800486642	-0.0140171643916594
0.00922739307723027	0.000446746306381385	0.072124097839926	0.0619970803673252	-0.0101270174726008	0.000232356403148085	9.18322847871215e-07	0.0185953226176453	0.0327170919679856	0.0141217693503403
0.0146048560465441	0.000595015971075531	0.12865255829806	0.085026182718524	-0.0436263755795359	0.000534515642754631	1.52795495916349e-06	0.0587306517637898	0.0626575216721236	0.00392686990833383
0.00729126988219223	0.000313911969177813	0.0355694551422681	0.0251462220962685	-0.0104232330459996	0.000185509457902966	4.11591156575231e-07	0.00791171498395932	0.00550103345446086	-0.00241068152949845
0.00905536804078099	0.000528182546917288	0.0782448878904037	0.092659529652317	0.0144146417619132	0.000226084276552859	1.28744995174949e-06	0.0212363049999869	0.0585411888640867	0.0373048838640998
0.0110824247547033	0.000492261395177186	0.0971841583181063	0.0724114238705383	-0.024772734447568	0.000395179979909362	1.34570361647452e-06	0.0523728037671781	0.060519162445172	0.00814635867799388
0.00911080241145539	0.000377316505882647	0.0682823840617667	0.0519106421690578	-0.0163717418927088	0.000274805408521151	7.8459171333444e-07	0.0232750341106697	0.0345642202381379	0.0112891861274682
0.00973938085207329	0.000360773816941794	0.0560644332921603	0.0364920729362124	-0.0195723603559479	0.000303477327100822	7.78114727272268e-07	0.0179924368921741	0.0193563211566388	0.0013638842644647
0.00176763958696843	9.90153132627408e-05	0.005704352822913	0.00588367535413527	0.000179322531222273	9.54392757150417e-05	2.19111243072321e-07	0.0101220623756911	0.00689020593265884	-0.00323185644303227
0.0121148627056104	0.000560578931245083	0.118230133156309	0.100679861316973	-0.017550271839336	0.000445499125423884	1.35872763423472e-06	0.053265232982112	0.0599358966697063	0.0066706636875942
0.00777234978902806	0.0003748606773972	0.0612357521240559	0.0598461469418066	-0.00138960518224926	0.000261611805448135	7.31047863550425e-07	0.0223827167455275	0.0276341774397886	0.0052514606942611
0.00841906308984085	0.000324793593113795	0.0630533410389613	0.039008861912202	-0.0240444791267592	0.000298396083265777	8.09522607518001e-07	0.0304623160533562	0.0274822388520736	-0.00298007720128255
0.00891883224183054	0.00046065916716122	0.0740671730939548	0.0678580015213815	-0.00620917157257332	0.000259726803362717	1.1628449194478e-06	0.0276613928019114	0.0488127069881152	0.0211513141862038
0.0077276673810341	0.000313825180830495	0.0578803602025668	0.0378778633622338	-0.020002496840333	0.000280293268582797	9.06072599372921e-07	0.0285787439158372	0.0378359716154795	0.0092572276996423
0.00899310012607233	0.000373228583589016	0.0549851393882843	0.0338682479488112	-0.0211168914394731	0.000226022223901048	7.95563770032892e-07	0.0143015393562317	0.0165787765385729	0.00227723718234114
0.00909539549240461	0.000373507625294465	0.0705975913024227	0.0421486255473639	-0.0284489657550587	0.000316130809337202	9.50302725315133e-07	0.032607491870879	0.0252042641987639	-0.00740322767211505
0.0103926239965121	0.000389471412573023	0.0739803823607957	0.0406441773407094	-0.0333362050200863	0.000273239900601852	7.7545771303149e-07	0.0216476058966981	0.0171894402029365	-0.00445816569376161
0.00869585502563007	0.000437636717839636	0.0555657695907458	0.0542824621404839	-0.00128330745026193	0.000243887618264107	1.04764902646753e-06	0.016922394990903	0.0327941217437013	0.0158717267527983
0.0129771410690972	0.000577061648786219	0.156871610882886	0.116978091519012	-0.0398935193638738	0.000532886081715131	1.5496988992773e-06	0.0896499619477636	0.0870052775250584	-0.0026446844227052
0.0122049906571413	0.000546005361744477	0.105783564550157	0.0927718327819842	-0.0130117317681723	0.000395891481138955	1.27556090040661e-06	0.0410631480859069	0.0560809816843886	0.0150178335984817
0.00749551602197983	0.00041174407437601	0.0422004525325503	0.0472591731750533	0.00505872064250306	0.00020602373336434	1.23274680663617e-06	0.013069324831657	0.0423087883730608	0.0292394635414038
0.0140470292638846	0.000652759532222867	0.119062835036048	0.100897101494327	-0.0181657335417208	0.000442310857194323	1.61893941008352e-06	0.0462042988864782	0.0731936644932448	0.0269893656067666
0.0122105934804595	0.000499713461657773	0.108356470194089	0.0801685756425765	-0.028187894551513	0.000532555384403222	1.25315111887802e-06	0.0668076289561346	0.0606146166827255	-0.0061930122734091
0.0113966378091184	0.000468603429637625	0.091341336737547	0.0714840578827687	-0.0198572788547783	0.000481270976447416	1.23502489304434e-06	0.0529844625555628	0.0555069270976412	0.00252246454207841
-1.83204741307825e-05	-0.000129083486147251	6.80804587233387e-07	0.00744124840880196	0.00744056760421473	-3.30864310616364e-06	-2.69475030155966e-07	1.5759442808415e-05	0.00623746777839565	0.00622170833558724
0.00974989352488891	0.000425454530466738	0.0702844627353214	0.0543894462942216	-0.0158950164410998	0.000343173738570676	9.42139250236003e-07	0.0318782643236223	0.0291864408507782	-0.00269182347284416
0.00995091803830717	0.000492727303719438	0.0728535631479411	0.0632509934897057	-0.00960256965823547	0.00038617753676602	1.27566337502818e-06	0.0377807085679262	0.0429675406748556	0.00518683210692947
-0.00248882609854583	-8.99737284228391e-05	0.0137728743654279	0.00441965306394272	-0.00935322130148521	-0.000104836094521765	-1.77600126235297e-07	0.0183565155175902	0.00442881549082522	-0.013927700026765
0.0128169762112479	0.000553298433632069	0.106926946338701	0.0796096467457625	-0.027317299592938	0.000446266747477008	1.31946170736861e-06	0.0445086131574559	0.04839906407423	0.00389045091677416
0.0122290543805319	0.000478642677564674	0.0984821521018224	0.0669824058257484	-0.031499746276074	0.000354465759275995	1.01160411915575e-06	0.033826316223596	0.0349220051856797	0.00109568896208379
-0.00266244927945198	-4.374584008311e-05	0.0116639184556101	0.00078055443442517	-0.010883364021185	-0.000104046708753365	-4.71988025223209e-08	0.0123777727322174	0.000207011098180497	-0.0121707616340369
0.0061877926549838	0.00033879154215057	0.041671268186806	0.0390363379976871	-0.00263493018911889	0.000153781696492903	7.17590641676666e-07	0.0114880342185546	0.0183894610969081	0.00690142687835351
0.012171409222494	0.000499803440769911	0.0858181596065079	0.0640870496801728	-0.0217311099263351	0.000421515936197734	1.13460519648906e-06	0.033612631404007	0.0365977046179887	0.00298507321398169
0.00743710301771084	0.000399798285476264	0.038872226198698	0.0371460033060541	-0.00172622289264385	0.00016742933272127	9.24923219883234e-07	0.00844374204244917	0.0195902513586283	0.0111465093161791
0.000122491253288412	-4.69199790858064e-05	3.53656457615048e-05	0.00148857592499253	0.00145321027923103	1.40722383743701e-05	-1.56608613212154e-07	0.000321034188847423	0.00390784957454553	0.0035868153856981
0.00916092790768477	0.000454844370418735	0.0761992963307234	0.0583419815957869	-0.0178573147349365	0.000248671639972594	1.1588630486715e-06	0.0253891805512286	0.0368019381919137	0.0114127576406852
-0.00212844452578336	-0.000128542157644475	0.00774706168650815	0.00699528989826562	-0.00075177178824253	-6.38740188855871e-05	-2.28692848359589e-07	0.00542693697189994	0.00569990067050596	0.000272963698606022
0.0118221771952007	0.000338189653113408	0.096777924959855	0.0342186483287534	-0.0625592766311016	0.000409646994465805	5.26503594951579e-07	0.0384880551822905	0.0110620502084551	-0.0274260049738354
0.00646100417435214	0.000345232106528733	0.0437399569386635	0.0433211626123467	-0.000418794326316828	0.00016715349946893	9.0432345091488e-07	0.0130251524921239	0.0326356739185836	0.0196105214264597
-0.000625734635571243	-9.11706643298992e-05	0.000792479563568948	0.00432598299639947	0.00353350343283052	-2.13373603398623e-05	-2.18500795408969e-07	0.000711785214649998	0.00591466715469906	0.00520288194004906
0.0114926124032532	0.000442110434554606	0.0842345359087791	0.0521148824618359	-0.0321196534469433	0.000437640590540707	1.03543535597121e-06	0.0430610284892685	0.0348170535542794	-0.00824397493498905
0.00954894719688331	0.000469250216031954	0.0821723836858866	0.0814026381657098	-0.000769745520176765	0.00030155355458674	1.01951213344953e-06	0.0333498687408516	0.0462963577288838	0.0129464889880322
0.00970702457546499	0.000354860767462954	0.050700939866604	0.0322966288283828	-0.0184043110382212	0.000327524634318328	9.15178869093206e-07	0.0176139177085535	0.0230231271840569	0.00540920947550337
0.0071625349659591	0.000321896679663542	0.0485183984171076	0.0366574971998016	-0.011860901217306	0.000167674074441032	6.14458659661269e-07	0.0112048204226086	0.0170385037049452	0.00583368328233651
0.0111518049146826	0.000542739179228426	0.133233077256312	0.121333496543618	-0.0118995807126941	0.000404515963077826	1.31400909854514e-06	0.0683124785500409	0.0915494125541959	0.0232369340041549
0.00925895996362577	0.000445362871619778	0.0631238156325194	0.0572507368313308	-0.00587307880118856	0.000251125694905506	9.26975752827016e-07	0.0171276038356457	0.0278980258848347	0.0107704220491891
0.0104676735898049	0.000452155461519055	0.080339099405435	0.0562657038644098	-0.0240733955410252	0.000407506235276048	1.19098008440676e-06	0.0454593358692779	0.0407591116353776	-0.00470022423390028
0.00680859700771559	0.000357091825361663	0.0457711854516237	0.0444296867370823	-0.00134149871454138	0.000197825103318003	7.70058356282602e-07	0.0165307794768864	0.0252013378754853	0.00867055839859887
0.0111339717537502	0.000551700224710432	0.105457529510758	0.108980494218144	0.00352296470738576	0.000371648016632997	1.34460222576023e-06	0.044180910182871	0.0779816030671643	0.0338006928842933
0.0134594645303448	0.000665134761534271	0.127121829347271	0.123589842010962	-0.00353198733630847	0.000374047359223209	1.44994228496898e-06	0.0375759752299163	0.0644815157222962	0.0269055404923798
0.0140270307723822	0.000544804430814957	0.115845052506748	0.0828223712776052	-0.0330226812291424	0.000455360349884189	1.09585758698156e-06	0.039661991609681	0.0435296039284756	0.00386761231879455
0.00744910311742497	0.000397982615604241	0.0515164093111981	0.0491340315902292	-0.00238237772096897	0.000190768780459525	8.89211306688012e-07	0.0151222835392194	0.0275798909583606	0.0124576074191412
-0.000200005544347831	3.24298753591433e-05	7.32752237132147e-05	0.000435756476170416	0.000362481252457202	-1.26397324893124e-05	9.73069288102139e-08	0.000193265902019556	0.000787377791899861	0.000594111889880305
0.00797376987633409	0.000423750591735135	0.0465818630418354	0.0433654957328065	-0.00321636730902893	0.000268046710369645	1.15072436820373e-06	0.0204755684667193	0.0344018627550368	0.0139262942883174
0.00793408168426602	0.000465063014710536	0.055455361508689	0.0607151644080765	0.00525980289938743	0.000212659555492087	1.03082879424283e-06	0.0178742685996937	0.0357897049719128	0.0179154363722191
0.00696675768782596	0.000290786458004916	0.0277515779787294	0.0199449798425096	-0.00780659813621988	0.000163281811688316	6.06838179164603e-07	0.00512966291069603	0.00918502067955297	0.00405535776885695
0.0106303286440139	0.000364137742041627	0.0823384257183222	0.0468659833186465	-0.0354724423996757	0.000476725862720966	7.81266891009984e-07	0.0456829820961902	0.0248602797664379	-0.0208227023297523
0.000752607063115396	-2.41689748756757e-05	0.00111776164221832	0.000289067617253135	-0.000828694024965183	4.25844500787703e-05	-6.17299311277032e-08	0.00236305467934488	0.000421499983465443	-0.00194155469587944
-0.000862345972615528	5.02604923792062e-05	0.00153010875290658	0.00111623527369534	-0.000413873479211239	-3.54933003575674e-05	1.42129548621565e-07	0.00222900799088392	0.002265554855827	3.654686494308e-05
0.00750076707775139	0.00043702026110718	0.0533548202381558	0.0656660822347331	0.0123112619965773	0.000198472095231141	9.05970607644982e-07	0.0169932897195026	0.0343644871702813	0.0173711974507787
0.0069697259117383	0.000322593584606392	0.0440246748695855	0.0293996994357589	-0.0146249754338266	0.000172262097499592	7.65488952267035e-07	0.0132317703802497	0.0175719320611507	0.00434016168090099
0.00898381629492993	0.000464251426797695	0.0810745661049197	0.0797688273991169	-0.00130573870580283	0.000265437739544932	1.08345322638864e-06	0.0281450817267349	0.0477436719459471	0.0195985902192122
0.0116418683593353	0.00065392465580444	0.0970288175218136	0.108267341811402	0.0112385242895884	0.000394848723867561	1.5886407591955e-06	0.0461174933219576	0.0664532695414211	0.0203357762194635
-0.000589104784676292	-5.7674397403996e-05	0.00061332343013274	0.001120519010439	0.000507195580306262	-1.75661602299458e-05	-1.30125183591207e-07	0.000437075668243114	0.00115106590017455	0.000713990231931439
0.0101457266442576	0.000422957235100969	0.0819171101408872	0.0561805290739519	-0.0257365810669353	0.000379452733864593	1.03116329950488e-06	0.0429642320583021	0.0389484549984952	-0.00401577705980691
0.00860918632066396	0.000515975583976708	0.0573956706045077	0.0804385397214433	0.0230428691169356	0.000232272298427077	1.44336431495121e-06	0.0168629473827999	0.0646132190111244	0.0477502716283245
0.0101610692663302	0.000558696790147164	0.0787043712414774	0.091192581477647	0.0124882102361695	0.000439990831002151	1.43568508616046e-06	0.0459008475848414	0.0703892984765142	0.0244884508916728
0.0117968728137654	0.00056084307679242	0.100306872898947	0.085090948864049	-0.0152159240348983	0.000299236465658096	1.23259986126468e-06	0.0293066800487066	0.0451697887676215	0.0158631087189149
0.00928249465043537	0.000417289474008398	0.0556555254575931	0.0447353942050304	-0.0109201312525627	0.000296813096782009	8.54895777691182e-07	0.0198488480295213	0.0221426905785587	0.00229384254903739
0.0113755964284547	0.000498090666482088	0.101315585033484	0.0799491683376577	-0.0213664166958263	0.000337928961171072	1.03939294395146e-06	0.0365864240889586	0.0426056661261059	0.00601924203714723
0.0118125354333274	0.000459734304530635	0.0926876694731401	0.0531844738298379	-0.0395031956433022	0.000374005209584313	1.20111411131858e-06	0.037119372077405	0.0384872628012313	0.00136789072382631
0.0131266414844746	0.000664433156751805	0.114346459459989	0.116174942750875	0.00182848329088581	0.000519919644348342	1.6295721385437e-06	0.0609035227134427	0.0823178622876082	0.0214143395741655
0.00989859606549801	0.000345162503801944	0.0666342155173138	0.034469997902395	-0.0321642176149188	0.000325307617844312	8.39771159209226e-07	0.0272184946334255	0.025374686100357	-0.0018438085330685
0.00842284840934624	0.000447163120099327	0.0651616232769522	0.0665469357979694	0.00138531252101716	0.000174831540237579	9.2908638883356e-07	0.0144391474243797	0.0353394937300319	0.0209003463056522
0.012455312939981	0.000544630102338748	0.127302966759978	0.103769296196651	-0.0235336705633264	0.000363514498301838	1.24384358067921e-06	0.0441353214125203	0.0653144607377881	0.0211791393252678
0.00870394650178218	0.000259149189804826	0.0515214211203514	0.0189978030023369	-0.0325236181180146	0.000208661576850086	4.8694696406783e-07	0.0103929716447819	0.0070466738631145	-0.00334629778166743
0.00736764984299453	0.000286185129116728	0.0399824630865549	0.022428587323347	-0.0175538757632079	0.000198639975268756	5.91102474810118e-07	0.0124457524792129	0.00991838844694644	-0.00252736403226644
0.0117677610831733	0.000665959370987862	0.101447029268386	0.116909144787335	0.0154621155189491	0.000285137448525655	1.77423822118732e-06	0.0281677677226571	0.0831332450806199	0.0549654773579628
0.00918053344895188	0.000448703549804133	0.0659077637999089	0.0631781356071513	-0.00272962819275753	0.000253922919622402	9.93251176257902e-07	0.020368738482897	0.0363402188330764	0.0159714803501794
0.0110128188563529	0.000462792117570385	0.0774242622157878	0.0637416817337253	-0.0136825804820624	0.000372999611253414	1.03836115374364e-06	0.0299293652619581	0.0377615323008504	0.00783216703889227
0.00897537757783492	0.000439809795026142	0.0718097911709263	0.0591925322240669	-0.0126172589468593	0.000239153968703429	1.05900219213989e-06	0.0225949400549958	0.0344038648793287	0.0118089248243329
0.00962890929960915	0.000477119939865088	0.0703135125619845	0.0717090888617372	0.00139557629975279	0.000254524305062956	9.30085860440707e-07	0.0194245209942453	0.0360278698506785	0.0166033488564332
0.0101757505297318	0.000424048137182138	0.0632132868802292	0.044131814576465	-0.0190814723037643	0.00039587201127593	1.03183988998965e-06	0.0324725563872376	0.0296291871145663	-0.00284336927267129
