LR1_coefficients_null_raster	LR1_coefficients_per_pop_2025_CN_100m_R2025A_v1_R	LR1_R2_null_raster	LR1_R2_per_pop_2025_CN_100m_R2025A_v1_R	LR1_Q_per_pop_2025_CN_100m_R2025A_v1_R	LR2_coefficients_null_raster	LR2_coefficients_per_pop_2025_CN_100m_R2025A_v1_R	LR2_R2_null_raster	LR2_R2_per_pop_2025_CN_100m_R2025A_v1_R	LR2_Q_per_pop_2025_CN_100m_R2025A_v1_R
0.00808319879766488	4.8548428395542e-05	0.0680460808636331	0.0731312501060954	0.00508516924246226	0.000212659239937081	1.20126530302807e-08	0.023627947097201	0.044260880180575	0.0206329330833741
0.00608534727201069	3.22683471234903e-05	0.0381397077429607	0.0361060486799542	-0.00203365906300654	0.000192609715445078	8.72717244978284e-09	0.0148145802383847	0.0258565832963287	0.011042003057944
0.00738076768061965	3.84600653634209e-05	0.0321266303103642	0.0313681944185791	-0.000758435891785099	0.000189280336941092	8.34477343718605e-09	0.00750242136300959	0.0144548331019519	0.00695241173894232
0.00811271045593552	3.83309008126107e-05	0.0578309119084697	0.0440632843968438	-0.0137676275116259	0.000205016856727856	8.2747014897899e-09	0.0144653076724984	0.0204780830111023	0.00601277533860392
0.0104634706960162	5.98302824301372e-05	0.0711128838404799	0.0758499288180396	0.00473704497755975	0.000268420950403798	1.10430779107088e-08	0.0160358134840423	0.0275982736674228	0.0115624601833806
0.00907119670998722	4.79557305532663e-05	0.0813669899309473	0.0800213674875345	-0.00134562244341281	0.00029139597136192	1.31480283443457e-08	0.0311639434100819	0.0603316885404778	0.0291677451303959
0.0091724832664205	4.17664093346571e-05	0.0855684691929471	0.0606561253319737	-0.0249123438609734	0.000246446098959038	1.2380678431467e-08	0.0247088366031376	0.0466862756770826	0.021977439073945
0.00548105516758877	2.67208525939559e-05	0.028289211343838	0.0198418649707074	-0.0084473463731306	0.000183575923260575	6.48531981562873e-09	0.0133337110212833	0.0103849822754905	-0.00294872874579275
0.0151899597263702	7.36465361471475e-05	0.190302431507655	0.143908862978807	-0.0463935685288479	0.00064139182321414	2.2936267608154e-08	0.109963256428143	0.126092576945014	0.0161293205168715
0.0104909344365721	5.26291435467534e-05	0.0663964975044658	0.051913149347609	-0.0144833481568568	0.000338134391604518	1.41296762746648e-08	0.0251356525280022	0.0371375610405556	0.0120019085125534
0.00674856291572191	2.90732900858337e-05	0.0294649055518642	0.0182937441344509	-0.0111711614174133	0.000163540866379258	8.03675653879759e-09	0.00721958452587491	0.0140379447272152	0.00681836020134028
0.0106212300000533	5.10285864731565e-05	0.10377234325391	0.0814378065686498	-0.0223345366852597	0.000414800959400155	1.48333569088999e-08	0.0578918339026447	0.0659306939347305	0.0080388600320858
0.0124770287553981	6.17930530439828e-05	0.109291478751312	0.0945406411069485	-0.0147508376443633	0.000447393740039111	1.55723465226038e-08	0.0529820767374041	0.0617693096758969	0.00878723293849275
0.00898934727558691	3.50234550060584e-05	0.0864728902716362	0.0429911543346865	-0.0434817359369497	0.000242956554699919	8.48978344447721e-09	0.0308885281883874	0.0281894970093869	-0.00269903117900051
0.0120477258849348	5.93825066195799e-05	0.0909727244137373	0.076192344402791	-0.0147803800109463	0.000372199377137748	1.31482982941606e-08	0.0346029745464403	0.0419047256332951	0.0073017510868548
0.000849417140460153	-1.30490098660007e-06	0.0012238240092659	6.53644480584149e-05	-0.00115845956120748	2.58298906885388e-05	-1.24128006839109e-09	0.000825886549563927	0.00130488207078442	0.000478995521220492
0.00810870144926852	4.59676917206247e-05	0.051688771346754	0.0551625200867354	0.00347374873998141	0.000226607395678859	1.13249295630769e-08	0.014084661362641	0.0265259377112686	0.0124412763486276
0.0119020108333866	5.32786307464311e-05	0.117666396210233	0.0884632874077273	-0.0292031088025053	0.000410395317127778	1.01136071422645e-08	0.0507852444403236	0.0351648378728434	-0.0156204065674803
0.00922739307723027	4.67409390191332e-05	0.072124097839926	0.0598845813608716	-0.0122395164790545	0.000232356403148085	1.02524833016671e-08	0.0185953226176453	0.031750065042201	0.0131547424245556
0.0146048560465441	6.2134567844586e-05	0.12865255829806	0.0816561882723381	-0.0469963700257217	0.000534515642754631	1.71845573551617e-08	0.0587306517637898	0.0607050877078484	0.00197443594405856
0.00729126988219223	3.30704228740492e-05	0.0355694551422681	0.0245623287169255	-0.0110071264253426	0.000185509457902966	4.53438335431729e-09	0.00791171498395932	0.00514937765190485	-0.00276233733205447
0.00905536804078099	5.59871710653271e-05	0.0782448878904037	0.0920821377438102	0.0138372498534065	0.000226084276552859	1.47307481992894e-08	0.0212363049999869	0.0595355861581938	0.0382992811582069
0.0110824247547033	5.13661190281298e-05	0.0971841583181063	0.0694198924521303	-0.027764265865976	0.000395179979909362	1.51463473152617e-08	0.0523728037671781	0.0585041968769493	0.0061313931097712
0.00911080241145539	3.91688885753384e-05	0.0682823840617667	0.0496845933422618	-0.0185977907195049	0.000274805408521151	8.77610551646923e-09	0.0232750341106697	0.0335912710167185	0.0103162369060488
0.00973938085207329	3.78648239002491e-05	0.0560644332921603	0.0358000007223499	-0.0202644325698104	0.000303477327100822	8.80066034190507e-09	0.0179924368921741	0.019376491750045	0.0013840548578709
0.00176763958696843	1.06190813842519e-05	0.005704352822913	0.00587224099273548	0.00016788816982248	9.54392757150417e-05	2.52645470239448e-09	0.0101220623756911	0.00702502328551655	-0.00309703909017457
0.0121148627056104	5.86422801508473e-05	0.118230133156309	0.097856877210216	-0.020373255946093	0.000445499125423884	1.51436630854606e-08	0.053265232982112	0.0583717554325574	0.00510652245044538
0.00777234978902806	3.94957925983291e-05	0.0612357521240559	0.0588492777335314	-0.00238647439052447	0.000261611805448135	8.22940397751808e-09	0.0223827167455275	0.0272657115138184	0.00488299476829086
0.00841906308984085	3.33027743760547e-05	0.0630533410389613	0.0364350472936519	-0.0266182937453093	0.000298396083265777	8.78983356150191e-09	0.0304623160533562	0.025134349140132	-0.00532796691322421
0.00891883224183054	4.82201774203274e-05	0.0740671730939548	0.065459425535435	-0.00860774755851977	0.000259726803362717	1.31832800306699e-08	0.0276613928019114	0.0478218336151048	0.0201604408131934
0.0077276673810341	3.22195930244003e-05	0.0578803602025668	0.0354624976916853	-0.0224178625108814	0.000280293268582797	1.00630528028982e-08	0.0285787439158372	0.0362815966052589	0.0077028526894217
0.00899310012607233	3.90229500724476e-05	0.0549851393882843	0.0325832086642979	-0.0224019307239864	0.000226022223901048	9.01775488651332e-09	0.0143015393562317	0.0160842495544226	0.00178271019819091
0.00909539549240461	3.8333909522135e-05	0.0705975913024227	0.0393133482430221	-0.0312842430594006	0.000316130809337202	1.02880946918844e-08	0.032607491870879	0.0228177341849389	-0.00978975768594009
0.0103926239965121	4.02839712742792e-05	0.0739803823607957	0.0385989458180325	-0.0353814365427632	0.000273239900601852	8.53982055144353e-09	0.0216476058966981	0.0162668494988757	-0.00538075639782243
0.00869585502563007	4.61903699744515e-05	0.0555657695907458	0.0532713134662785	-0.00229445612446728	0.000243887618264107	1.21255365368823e-08	0.016922394990903	0.033286423743139	0.0163640287522359
0.0129771410690972	6.03876883750918e-05	0.156871610882886	0.113009947809941	-0.0438616630729449	0.000532886081715131	1.74003598645568e-08	0.0896499619477636	0.0841356220568245	-0.00551433989093914
0.0122049906571413	5.80266328592689e-05	0.105783564550157	0.0922302790578162	-0.0135532854923403	0.000395891481138955	1.469309528478e-08	0.0410631480859069	0.0571287140743544	0.0160655659884475
0.00749551602197983	4.31814637677677e-05	0.0422004525325503	0.045721525400634	0.00352107286808376	0.00020602373336434	1.41202006769309e-08	0.013069324831657	0.0418910641958825	0.0288217393642255
0.0140470292638846	6.7716868479519e-05	0.119062835036048	0.097019750508303	-0.0220430845277446	0.000442310857194323	1.80071562070319e-08	0.0462042988864782	0.0715705485755843	0.0253662496891061
0.0122105934804595	5.18272757363625e-05	0.108356470194089	0.0772362948398997	-0.0311201753541897	0.000532555384403222	1.39476794762109e-08	0.0668076289561346	0.0589422194176461	-0.0078654095384885
0.0113966378091184	4.88589540540058e-05	0.091341336737547	0.0695889131184954	-0.0217524236190515	0.000481270976447416	1.37687229102271e-08	0.0529844625555628	0.0542713639113406	0.00128690135577782
-1.83204741307825e-05	-1.46784256132942e-05	6.80804587233387e-07	0.00826994200446988	0.00826926119988265	-3.30864310616364e-06	-3.24171970931229e-09	1.5759442808415e-05	0.00679918266499878	0.00678342322219037
0.00974989352488891	4.44431871025411e-05	0.0702844627353214	0.0525798154615541	-0.0177046472737674	0.000343173738570676	1.05424951533106e-08	0.0318782643236223	0.028099072727413	-0.00377919159620935
0.00995091803830717	5.15628506341946e-05	0.0728535631479411	0.0616341368663841	-0.011219426281557	0.00038617753676602	1.40951236737116e-08	0.0377807085679262	0.0417929064208607	0.00401219785293455
-0.00248882609854583	-8.63074927013197e-06	0.0137728743654279	0.00351481993918686	-0.0102580544262411	-0.000104836094521765	-1.75973872503701e-09	0.0183565155175902	0.00334091601738051	-0.0150155995002097
0.0128169762112479	5.84719945075979e-05	0.106926946338701	0.077967390039171	-0.0289595562995295	0.000446266747477008	1.51407900284915e-08	0.0445086131574559	0.0482601127623973	0.00375149960494146
0.0122290543805319	4.93671596527788e-05	0.0984821521018224	0.0636585387259814	-0.034823613375841	0.000354465759275995	1.11187327733884e-08	0.033826316223596	0.0332592166502283	-0.000567099573367612
-0.00266244927945198	-4.11023928580921e-06	0.0116639184556101	0.000590667996419623	-0.0110732504591905	-0.000104046708753365	-3.90447938939309e-10	0.0123777727322174	0.000106937235088304	-0.0122708354971291
0.0061877926549838	3.58783544655548e-05	0.041671268186806	0.0382660045323287	-0.00340526365447726	0.000153781696492903	8.21622787761641e-09	0.0114880342185546	0.018240887218803	0.00675285300024839
0.012171409222494	5.13756236175103e-05	0.0858181596065079	0.0608816924708811	-0.0249364671356269	0.000421515936197734	1.24392254888936e-08	0.033612631404007	0.0348978623824911	0.00128523097848404
0.00743710301771084	4.22074098715498e-05	0.038872226198698	0.0361812340752237	-0.00269099212347422	0.00016742933272127	1.06828289542956e-08	0.00844374204244917	0.0195489104642422	0.0111051684217931
0.000122491253288412	-5.47993860838956e-06	3.53656457615048e-05	0.00173544795053431	0.0017000823047728	1.40722383743701e-05	-1.92411137585117e-09	0.000321034188847423	0.004416426103691	0.00409539191484357
0.00916092790768477	4.76546087328367e-05	0.0761992963307234	0.0559318238905339	-0.0202674724401895	0.000248671639972594	1.31971277260275e-08	0.0253891805512286	0.0360483807189867	0.0106592001677582
-0.00212844452578336	-1.36182447472449e-05	0.00774706168650815	0.0067626243750516	-0.000984437311456546	-6.38740188855871e-05	-2.590152359528e-09	0.00542693697189994	0.00555989982703564	0.000132962855135705
0.0118221771952007	3.42491945465582e-05	0.096777924959855	0.0315394618017582	-0.0652384631580968	0.000409646994465805	5.52176168362799e-09	0.0384880551822905	0.00983680029453256	-0.0286512548877579
0.00646100417435214	3.58759810786407e-05	0.0437399569386635	0.0415144558424264	-0.00222550109623708	0.00016715349946893	9.93750813742446e-09	0.0130251524921239	0.0310780033002899	0.018052850808166
-0.000625734635571243	-1.04203418020501e-05	0.000792479563568948	0.00485592940701116	0.00406344984344221	-2.13373603398623e-05	-2.69399336373915e-09	0.000711785214649998	0.00685225156234802	0.00614046634769802
0.0114926124032532	4.58927035411421e-05	0.0842345359087791	0.0495265501668844	-0.0347079857418948	0.000437640590540707	1.17790149815234e-08	0.0430610284892685	0.0339839351403343	-0.00907709334893424
0.00954894719688331	4.87371914380911e-05	0.0821723836858866	0.0785329453141542	-0.0036394383717324	0.00030155355458674	1.10610666848568e-08	0.0333498687408516	0.0433898375108712	0.0100399687700196
0.00970702457546499	3.61637514644162e-05	0.050700939866604	0.0301922779129826	-0.0205086619536214	0.000327524634318328	9.96386482093836e-09	0.0176139177085535	0.0218204021611873	0.00420648445263382
0.0071625349659591	3.36303352792023e-05	0.0485183984171076	0.0354541364189512	-0.0130642619981563	0.000167674074441032	6.94161431844955e-09	0.0112048204226086	0.0166186300369503	0.00541380961434162
0.0111518049146826	5.70525716312355e-05	0.133233077256312	0.118263911104358	-0.0149691661519545	0.000404515963077826	1.48531409515732e-08	0.0683124785500409	0.0901740108055646	0.0218615322555237
0.00925895996362577	4.72007462367722e-05	0.0631238156325194	0.0567658113828243	-0.00635800424969513	0.000251125694905506	1.07750760779102e-08	0.0171276038356457	0.0288673428031798	0.0117397389675342
0.0104676735898049	4.72211994503451e-05	0.080339099405435	0.054064670251361	-0.026274429154074	0.000407506235276048	1.33003839136195e-08	0.0454593358692779	0.0390611299148829	-0.006398205954395
0.00680859700771559	3.80489874899484e-05	0.0457711854516237	0.0441917264154608	-0.00157945903616289	0.000197825103318003	8.93197375250487e-09	0.0165307794768864	0.0255760879672981	0.00904530849041174
0.0111339717537502	5.80149879278808e-05	0.105457529510758	0.10602986915434	0.000572339643582692	0.000371648016632997	1.53909378004603e-08	0.044180910182871	0.0771482525395757	0.0329673423567047
0.0134594645303448	6.96512297436288e-05	0.127121829347271	0.120699186663931	-0.00642264268333974	0.000374047359223209	1.63975949720079e-08	0.0375759752299163	0.0640220841050484	0.0264461088751321
0.0140270307723822	5.69426947782292e-05	0.115845052506748	0.0804279261735935	-0.0354171263331541	0.000455360349884189	1.24916726368964e-08	0.039661991609681	0.0437995749703501	0.00413758336066908
0.00744910311742497	4.22851282821049e-05	0.0515164093111981	0.0482343232235217	-0.00328208608767649	0.000190768780459525	1.0306411393237e-08	0.0151222835392194	0.0278075713725753	0.0126852878333559
-0.000200005544347831	3.95105376415964e-06	7.32752237132147e-05	0.000550113472389199	0.000476838248675984	-1.26397324893124e-05	1.29826806029756e-09	0.000193265902019556	0.0010451606508253	0.000851894748805748
0.00797376987633409	4.44353063992477e-05	0.0465818630418354	0.0421092383236574	-0.004472624718178	0.000268046710369645	1.29281684381644e-08	0.0204755684667193	0.0337979379660064	0.0133223694992871
0.00793408168426602	4.96987248969699e-05	0.055455361508689	0.0600388954865033	0.00458353397781428	0.000212659555492087	1.20622523888211e-08	0.0178742685996937	0.0360774695762453	0.0182032009765516
0.00696675768782596	3.028526209161e-05	0.0277515779787294	0.0193328140332444	-0.00841876394548504	0.000163281811688316	6.8009102720603e-09	0.00512966291069603	0.00916271596952438	0.00403305305882835
0.0106303286440139	3.73598044887783e-05	0.0823384257183222	0.0442484024227972	-0.0380900232955251	0.000476725862720966	8.28323221686998e-09	0.0456829820961902	0.0225468770959594	-0.0231361050002308
0.000752607063115396	-2.92093318543315e-06	0.00111776164221832	0.000357715586940903	-0.000760046055277415	4.25844500787703e-05	-7.84908692713733e-10	0.00236305467934488	0.000504621769072365	-0.00185843291027252
-0.000862345972615528	5.52289821008484e-06	0.00153010875290658	0.00116214722080526	-0.000367961532101314	-3.54933003575674e-05	1.58959066687714e-09	0.00222900799088392	0.00217771999808187	-5.12879928020438e-05
0.00750076707775139	4.56877054425981e-05	0.0533548202381558	0.0630776229082664	0.00972280267011069	0.000198472095231141	1.00801463482116e-08	0.0169932897195026	0.0325310256706377	0.0155377359511351
0.0069697259117383	3.33964592447977e-05	0.0440246748695855	0.0277206850677959	-0.0163039898017895	0.000172262097499592	8.5413914693148e-09	0.0132317703802497	0.0166212040773522	0.00338943369710249
0.00898381629492993	4.8475967804797e-05	0.0810745661049197	0.0774446611509835	-0.00362990495393617	0.000265437739544932	1.19592866848987e-08	0.0281450817267349	0.0461718500805007	0.0180267683537658
0.0116418683593353	6.89207689255229e-05	0.0970288175218136	0.106268422035444	0.00923960451363	0.000394848723867561	1.79931754405004e-08	0.0461174933219576	0.0658595953924491	0.0197421020704915
-0.000589104784676292	-6.29346975033578e-06	0.00061332343013274	0.00113648544221511	0.00052316201208237	-1.75661602299458e-05	-1.54436681618476e-09	0.000437075668243114	0.0012159733316917	0.000778897663448589
0.0101457266442576	4.46191001722164e-05	0.0819171101408872	0.0547728955724053	-0.0271442145684818	0.000379452733864593	1.18074928313136e-08	0.0429642320583021	0.0387356237364503	-0.00422860832185183
0.00860918632066396	5.45464507516678e-05	0.0573956706045077	0.0798978118967382	0.0225021412922305	0.000232272298427077	1.62754964183135e-08	0.0168629473827999	0.0650136518902107	0.0481507045074108
0.0101610692663302	5.85601564770012e-05	0.0787043712414774	0.0889648046835547	0.0102604334420773	0.000439990831002151	1.59834188425973e-08	0.0459008475848414	0.0689620047622987	0.0230611571774573
0.0117968728137654	5.84219165012534e-05	0.100306872898947	0.0827943035593035	-0.0175125693396438	0.000299236465658096	1.35979237261488e-08	0.0293066800487066	0.0442389469664361	0.0149322669177295
0.00928249465043537	4.34724416727818e-05	0.0556555254575931	0.0430889942184939	-0.0125665312390992	0.000296813096782009	9.63978552480359e-09	0.0198488480295213	0.0218559109429851	0.00200706291346378
0.0113755964284547	5.14678522615698e-05	0.101315585033484	0.0763209131152836	-0.0249946719182003	0.000337928961171072	1.13387839964742e-08	0.0365864240889586	0.0403580481641819	0.00377162407522324
0.0118125354333274	4.73022304791289e-05	0.0926876694731401	0.0496168721881182	-0.0430707972850219	0.000374005209584313	1.36657941513289e-08	0.037119372077405	0.0371044155441665	-1.49565332384846e-05
0.0131266414844746	6.97640645756041e-05	0.114346459459989	0.113476805945389	-0.000869653514599916	0.000519919644348342	1.84536244156316e-08	0.0609035227134427	0.0813488172152176	0.0204452945017749
0.00989859606549801	3.52760315587421e-05	0.0666342155173138	0.0320820103026123	-0.0345522052147015	0.000325307617844312	9.18163817772715e-09	0.0272184946334255	0.0236125371886712	-0.00360595744475433
0.00842284840934624	4.67514537821866e-05	0.0651616232769522	0.0647708626339898	-0.000390760642962368	0.000174831540237579	1.04101354063386e-08	0.0144391474243797	0.0350166742937257	0.020577526869346
0.012455312939981	5.68097443839468e-05	0.127302966759978	0.100320002945451	-0.0269829638145267	0.000363514498301838	1.40172491155118e-08	0.0441353214125203	0.0638817657295484	0.0197464443170281
0.00870394650178218	2.63780736278006e-05	0.0515214211203514	0.017541374335463	-0.0339800467848885	0.000208661576850086	5.35600792173775e-09	0.0103929716447819	0.00672080177435489	-0.00367216987042703
0.00736764984299453	2.91574592779835e-05	0.0399824630865549	0.0208555392821596	-0.0191269238043953	0.000198639975268756	6.25860674208068e-09	0.0124457524792129	0.00889431584763445	-0.00355143663157844
0.0117677610831733	7.02385961332e-05	0.101447029268386	0.114586286182143	0.0131392569137577	0.000285137448525655	2.03380491468711e-08	0.0281677677226571	0.0836258505860816	0.0554580828634245
0.00918053344895188	4.70125669548006e-05	0.0659077637999089	0.0610885340135768	-0.00481922978633203	0.000253922919622402	1.12513672304468e-08	0.020368738482897	0.0355373784140979	0.0151686399312009
0.0110128188563529	4.79285854116109e-05	0.0774242622157878	0.0611345404745062	-0.0162897217412816	0.000372999611253414	1.14503568306907e-08	0.0299293652619581	0.0361684160518809	0.00623905078992279
0.00897537757783492	4.52059061218212e-05	0.0718097911709263	0.055817316217357	-0.0159924749535692	0.000239153968703429	1.15123693870625e-08	0.0225949400549958	0.0319957129356954	0.00940077288069962
0.00962890929960915	5.04439190019567e-05	0.0703135125619845	0.070521951184939	0.000208438622954527	0.000254524305062956	1.0603865199206e-08	0.0194245209942453	0.0359898831927422	0.0165653621984969
0.0101757505297318	4.39142270464923e-05	0.0632132868802292	0.0421385581564483	-0.0210747287237809	0.00039587201127593	1.13122794799642e-08	0.0324725563872376	0.028134600137029	-0.00433795625020866
