LR1_coefficients_null_raster	LR1_coefficients_per_pop_2025_CN_100m_R2025A_v1_C	LR1_R2_null_raster	LR1_R2_per_pop_2025_CN_100m_R2025A_v1_C	LR1_Q_per_pop_2025_CN_100m_R2025A_v1_C	LR2_coefficients_null_raster	LR2_coefficients_per_pop_2025_CN_100m_R2025A_v1_C	LR2_R2_null_raster	LR2_R2_per_pop_2025_CN_100m_R2025A_v1_C	LR2_Q_per_pop_2025_CN_100m_R2025A_v1_C
0.00808319879766488	0.646811816273641	0.0680460808636331	0.075814599256198	0.00776851839256484	0.000212659239937081	1.40154214033738	0.023627947097201	0.0305828848416217	0.00695493774442069
0.00608534727201069	0.438276806979332	0.0381397077429607	0.0367536036763305	-0.00138610406663018	0.000192609715445078	1.08610348183918	0.0148145802383847	0.0165606158781153	0.00174603563973064
0.00738076768061965	0.569736326425142	0.0321266303103642	0.0348459732730164	0.00271934296265217	0.000189280336941092	1.21280115462272	0.00750242136300959	0.0104218166512716	0.00291939528826199
0.00811271045593552	0.59189404969221	0.0578309119084697	0.0558308678226014	-0.00200004408586831	0.000205016856727856	1.15605251428117	0.0144653076724984	0.0156392211492243	0.0011739134767259
0.0104634706960162	0.826064153333483	0.0711128838404799	0.08230496964911	0.0111920858086301	0.000268420950403798	1.79117589048462	0.0160358134840423	0.0249008856021522	0.00886507211810995
0.00907119670998722	0.721288980562969	0.0813669899309473	0.0941887278292919	0.0128217378983446	0.00029139597136192	1.96154821186511	0.0311639434100819	0.0452672576716276	0.0141033142615457
0.0091724832664205	0.672027322780326	0.0855684691929471	0.0848070365199689	-0.00076143267297818	0.000246446098959038	1.48504725999589	0.0247088366031376	0.0291038234298182	0.00439498682668062
0.00548105516758877	0.4120534666825	0.028289211343838	0.028765808171347	0.000476596827508953	0.000183575923260575	1.08827675968109	0.0133337110212833	0.0151773328195477	0.00184362179826446
0.0151899597263702	1.12210171232053	0.190302431507655	0.178307998696052	-0.011994432811603	0.00064139182321414	3.88678300666765	0.109963256428143	0.118866869096736	0.00890361266859277
0.0104909344365721	0.78894750769137	0.0663964975044658	0.0668991787571835	0.000502681252717754	0.000338134391604518	1.972097190244	0.0251356525280022	0.0275353662456942	0.00239971371769198
0.00674856291572191	0.533223793280919	0.0294649055518642	0.0337838923889226	0.00431898683705835	0.000163540866379258	1.02918904749584	0.00721958452587491	0.00971781119510593	0.00249822666923102
0.0106212300000533	0.866622609877632	0.10377234325391	0.119082799843607	0.0153104565896976	0.000414800959400155	2.63496353861028	0.0578918339026447	0.0698870992387302	0.0119952653360855
0.0124770287553981	0.911083454798257	0.109291478751312	0.108482007361147	-0.000809471390164532	0.000447393740039111	2.43082719529345	0.0529820767374041	0.0545339253883353	0.00155184865093119
0.00898934727558691	0.641390532120133	0.0864728902716362	0.0806282200683015	-0.00584467020333471	0.000242956554699919	1.28546597890941	0.0308885281883874	0.0307159785126783	-0.000172549675709194
0.0120477258849348	0.937589844691166	0.0909727244137373	0.0995175922034214	0.00854486778968404	0.000372199377137748	2.24565343067996	0.0346029745464403	0.0417545024506768	0.00715152790423643
0.000849417140460153	0.0701549209402496	0.0012238240092659	0.00138904180978897	0.000165217800523077	2.58298906885388e-05	0.137506734677905	0.000825886549563927	0.000666637792489891	-0.000159248757074036
0.00810870144926852	0.652402322848874	0.051688771346754	0.0605977345015672	0.00890896315481325	0.000226607395678859	1.52882040727889	0.014084661362641	0.0200206767594607	0.00593601539681972
0.0119020108333866	0.878040526606522	0.117666396210233	0.113444613611457	-0.00422178259877595	0.000410395317127778	2.33890904571606	0.0507852444403236	0.0528057084678489	0.00202046402752526
0.00922739307723027	0.718661835240297	0.072124097839926	0.0760073809682075	0.00388328312828153	0.000232356403148085	1.51443488204287	0.0185953226176453	0.0242756118750102	0.00568028925736491
0.0146048560465441	1.07505620433014	0.12865255829806	0.13066741983689	0.00201486153883054	0.000534515642754631	3.16694862703963	0.0587306517637898	0.0706706084472787	0.0119399566834889
0.00729126988219223	0.592219886288156	0.0355694551422681	0.0421741964644492	0.00660474132218111	0.000185509457902966	1.25076617475104	0.00791171498395932	0.0113812065352729	0.00346949155131362
0.00905536804078099	0.742366648408008	0.0782448878904037	0.093983850933176	0.0157389630427722	0.000226084276552859	1.57504007924103	0.0212363049999869	0.032427309990668	0.011191004990681
0.0110824247547033	0.847102364399093	0.0971841583181063	0.101077331978079	0.00389317365997269	0.000395179979909362	2.3807953726038	0.0523728037671781	0.0591204275499615	0.00674762378278341
0.00911080241145539	0.703068463069502	0.0682823840617667	0.0699105557207206	0.00162817165895394	0.000274805408521151	1.68605074137568	0.0232750341106697	0.0266058022836106	0.00333076817294085
0.00973938085207329	0.773541586992637	0.0560644332921603	0.0653188674935804	0.00925443420142011	0.000303477327100822	1.88369863013279	0.0179924368921741	0.0246054907361419	0.00661305384396782
0.00176763958696843	0.100693734865418	0.005704352822913	0.00320745867723122	-0.00249689414568178	9.54392757150417e-05	0.402955687680711	0.0101220623756911	0.00567869862257307	-0.00444336375311804
0.0121148627056104	0.89381396982771	0.118230133156309	0.118124966536625	-0.000105166619684363	0.000445499125423884	2.48042685690103	0.053265232982112	0.0562593751521252	0.00299414217001313
0.00777234978902806	0.611785670246707	0.0612357521240559	0.0681121850280072	0.00687643290395128	0.000261611805448135	1.61995851627376	0.0223827167455275	0.0280910262429614	0.00570830949743382
0.00841906308984085	0.609138268836356	0.0630533410389613	0.0592915435425131	-0.00376179749644815	0.000298396083265777	1.6439805278939	0.0304623160533562	0.0313056235703398	0.000843307516983621
0.00891883224183054	0.647821696590521	0.0740671730939548	0.0698317528486787	-0.00423542024527611	0.000259726803362717	1.5269359286912	0.0276613928019114	0.0315246783817644	0.00386328557985303
0.0077276673810341	0.562821043118802	0.0578803602025668	0.0561391045478669	-0.00174125565469984	0.000280293268582797	1.50581197093612	0.0285787439158372	0.0285486115106128	-3.01324052244221e-05
0.00899310012607233	0.680711363269959	0.0549851393882843	0.0557497953595368	0.000764655971252491	0.000226022223901048	1.3863040335158	0.0143015393562317	0.0172446231332553	0.00294308377702352
0.00909539549240461	0.68270253027575	0.0705975913024227	0.0721284718182263	0.00153088051580362	0.000316130809337202	1.87080316121402	0.032607491870879	0.0370695789522861	0.00446208708140709
0.0103926239965121	0.798424790610109	0.0739803823607957	0.0787668222422539	0.00478643988145819	0.000273239900601852	1.7024130977861	0.0216476058966981	0.0263293347866573	0.00468172888995917
0.00869585502563007	0.667969802468475	0.0555657695907458	0.0611727669813847	0.00560699739063886	0.000243887618264107	1.32797700139313	0.016922394990903	0.0185878925363563	0.0016654975454533
0.0129771410690972	1.03282999519517	0.156871610882886	0.173933738875593	0.0170621279927064	0.000532886081715131	3.50491106076178	0.0896499619477636	0.115179820761903	0.0255298588141395
0.0122049906571413	0.873858349687214	0.105783564550157	0.0993711048153627	-0.00641245973479383	0.000395891481138955	2.15747632150847	0.0410631480859069	0.0423932108914917	0.00133006280558483
0.00749551602197983	0.589918543848399	0.0422004525325503	0.0460364569131166	0.00383600438056635	0.00020602373336434	1.38445036544698	0.013069324831657	0.0175505623555776	0.0044812375239206
0.0140470292638846	1.03237763681994	0.119062835036048	0.110940658019447	-0.00812217701660034	0.000442310857194323	2.58219394456664	0.0462042988864782	0.0469171768169557	0.000712877930477522
0.0122105934804595	0.904098826456334	0.108356470194089	0.112266823564108	0.00391035337001856	0.000532555384403222	2.78541834555012	0.0668076289561346	0.070498839218819	0.00369121026268447
0.0113966378091184	0.781957662714233	0.091341336737547	0.0839048971042595	-0.00743643963328744	0.000481270976447416	2.31257665278699	0.0529844625555628	0.0504890484095234	-0.00249541414603936
-1.83204741307825e-05	0.00750505763146815	6.80804587233387e-07	1.76933102476652e-05	1.70125056604318e-05	-3.30864310616364e-06	-0.00687908467088668	1.5759442808415e-05	1.70947170529867e-06	-1.40499711031163e-05
0.00974989352488891	0.732597220341371	0.0702844627353214	0.0744075919095439	0.00412312917422243	0.000343173738570676	1.87730890211322	0.0318782643236223	0.0346760616991689	0.00279779737554654
0.00995091803830717	0.759146465784033	0.0728535631479411	0.0750207473637726	0.00216718421583145	0.00038617753676602	2.2658874857205	0.0377807085679262	0.0411826588695661	0.00340195030163997
-0.00248882609854583	-0.195508478293953	0.0137728743654279	0.0140320320734665	0.000259157708038605	-0.000104836094521765	-0.61375444454628	0.0183565155175902	0.0181915938905879	-0.000164921627002317
0.0128169762112479	0.957335474789467	0.106926946338701	0.107731979012305	0.000805032673604739	0.000446266747477008	2.64196311047104	0.0445086131574559	0.0506316116648181	0.00612299850736224
0.0122290543805319	0.966407026635684	0.0984821521018224	0.106784103125782	0.00830195102396011	0.000354465759275995	2.32168971314867	0.033826316223596	0.0422941649093983	0.00846784868580234
-0.00266244927945198	-0.179600169131195	0.0116639184556101	0.00899621961880501	-0.00266769883680511	-0.000104046708753365	-0.579949801711917	0.0123777727322174	0.0117000767298162	-0.000677696002401178
0.0061877926549838	0.48244631765635	0.041671268186806	0.0442672338447161	0.00259596565791013	0.000153781696492903	1.01672248156112	0.0114880342185546	0.0151646990611597	0.00367666484260517
0.012171409222494	0.910512039570684	0.0858181596065079	0.0899981686281234	0.00418000902161544	0.000421515936197734	2.351907202346	0.033612631404007	0.0377358970312785	0.00412326562727151
0.00743710301771084	0.581127344907323	0.038872226198698	0.0422147259632395	0.00334249976454157	0.00016742933272127	1.09614359422201	0.00844374204244917	0.0112047107657071	0.00276096872325798
0.000122491253288412	0.00846097558973263	3.53656457615048e-05	2.80089893947064e-05	-7.35665636679847e-06	1.40722383743701e-05	0.0882250202939338	0.000321034188847423	0.000371624675133117	5.05904862856942e-05
0.00916092790768477	0.713071254293897	0.0761992963307234	0.0844734749225725	0.00827417859184913	0.000248671639972594	1.50182035269298	0.0253891805512286	0.0311571511600991	0.00576797060887053
-0.00212844452578336	-0.163498381020687	0.00774706168650815	0.00752847194976303	-0.000218589736745121	-6.38740188855871e-05	-0.35780652751036	0.00542693697189994	0.004764694301612	-0.000662242670287941
0.0118221771952007	0.892098702750205	0.096777924959855	0.0987929452402431	0.00201502028038816	0.000409646994465805	2.38005302313187	0.0384880551822905	0.0440700826419043	0.00558202745961377
0.00646100417435214	0.517974108634558	0.0437399569386635	0.048744274925908	0.00500431798724447	0.00016715349946893	1.09810073543715	0.0130251524921239	0.0167357209795613	0.00371056848743734
-0.000625734635571243	-0.0639637240718354	0.000792479563568948	0.00139501115501742	0.000602531591448475	-2.13373603398623e-05	-0.123837179511025	0.000711785214649998	0.000722554510057515	1.0769295407517e-05
0.0114926124032532	0.868311676230621	0.0842345359087791	0.0861459129670393	0.00191137705826019	0.000437640590540707	2.42249478155553	0.0430610284892685	0.0444502714598798	0.0013892429706113
0.00954894719688331	0.744991255400421	0.0821723836858866	0.0925615610798902	0.0103891773940037	0.00030155355458674	1.82264901936217	0.0333498687408516	0.0419393109304541	0.00858944218960248
0.00970702457546499	0.732210994847927	0.050700939866604	0.0527801025902014	0.00207916272359746	0.000327524634318328	1.91655355178292	0.0176139177085535	0.0203905296945259	0.00277661198597243
0.0071625349659591	0.572158825047068	0.0485183984171076	0.0537690376075038	0.00525063919039629	0.000167674074441032	1.07532946796314	0.0112048204226086	0.0136501741665419	0.00244535374393323
0.0111518049146826	0.832196851326446	0.133233077256312	0.13019967627618	-0.00303340098013224	0.000404515963077826	2.40936086648018	0.0683124785500409	0.0753422806803515	0.0070298021303106
0.00925895996362577	0.722471005190895	0.0631238156325194	0.0713157547395134	0.00819193910699398	0.000251125694905506	1.52276502354939	0.0171276038356457	0.0217869378921261	0.00465933405648038
0.0104676735898049	0.796412953673581	0.080339099405435	0.0804667923746504	0.000127692969215401	0.000407506235276048	2.39519926758441	0.0454593358692779	0.0470755725935252	0.00161623672424729
0.00680859700771559	0.532319334266083	0.0457711854516237	0.0507282781319183	0.00495709268029462	0.000197825103318003	1.20377502630528	0.0165307794768864	0.0200870890607302	0.00355630958384381
0.0111339717537502	0.837929985569596	0.105457529510758	0.106741468549762	0.00128393903900456	0.000371648016632997	2.16269026823117	0.044180910182871	0.0493116151362902	0.00513070495341914
0.0134594645303448	0.995615508392306	0.127121829347271	0.127910128942986	0.000788299595715081	0.000374047359223209	2.24225998556395	0.0375759752299163	0.0460135251369471	0.00843754990703075
0.0140270307723822	1.08458197296733	0.115845052506748	0.125403652303035	0.00955859979628745	0.000455360349884189	2.5767671826567	0.039661991609681	0.0455499028837609	0.00588791127407985
0.00744910311742497	0.539228150484955	0.0515164093111981	0.04739615194832	-0.00412025736287813	0.000190768780459525	1.12043349543563	0.0151222835392194	0.015768573700065	0.000646290160845619
-0.000200005544347831	-0.00190751461986407	7.32752237132147e-05	1.12588995170832e-06	-7.21493337615064e-05	-1.26397324893124e-05	-0.0206862546866305	0.000193265902019556	1.59962970552844e-05	-0.000177269604964272
0.00797376987633409	0.631264172920398	0.0465818630418354	0.0520225678151287	0.00544070477329331	0.000268046710369645	1.63529915001531	0.0204755684667193	0.0242078248250855	0.00373225635836612
0.00793408168426602	0.656307369225174	0.055455361508689	0.0670454094367432	0.0115900479280541	0.000212659555492087	1.46957934900315	0.0178742685996937	0.0272089615222105	0.00933469292251679
0.00696675768782596	0.529332116630754	0.0277515779787294	0.0287616692117946	0.00101009123306514	0.000163281811688316	0.926911946799009	0.00512966291069603	0.00541027234813791	0.000280609437441887
0.0106303286440139	0.797837318540367	0.0823384257183222	0.0852101993267101	0.00287177360838789	0.000476725862720966	2.64506914719398	0.0456829820961902	0.0484812276730486	0.00279824557685841
0.000752607063115396	0.0550421633010563	0.00111776164221832	0.000968326743656344	-0.000149434898561974	4.25844500787703e-05	0.20865658542746	0.00236305467934488	0.00160025243516334	-0.000762802244181537
-0.000862345972615528	-0.0603159070229932	0.00153010875290658	0.00120277336575408	-0.000327335387152499	-3.54933003575674e-05	-0.189914442242433	0.00222900799088392	0.00175165159783397	-0.00047735639304995
0.00750076707775139	0.587823867745815	0.0533548202381558	0.0579991199649572	0.00464429972680145	0.000198472095231141	1.24968538622906	0.0169932897195026	0.0213774160790078	0.00438412635950525
0.0069697259117383	0.524260806873432	0.0440246748695855	0.0423472352971311	-0.00167743957245439	0.000172262097499592	1.13503731579682	0.0132317703802497	0.015961681068347	0.00272991068809731
0.00898381629492993	0.691703850842824	0.0810745661049197	0.0865047418402166	0.00543017573529692	0.000265437739544932	1.63262230466244	0.0281450817267349	0.0344337787602343	0.00628869703349937
0.0116418683593353	0.908045682174358	0.0970288175218136	0.105210653639237	0.00818183611742379	0.000394848723867561	2.40283636150937	0.0461174933219576	0.0526705165844082	0.00655302326245058
-0.000589104784676292	-0.0336895571327814	0.00061332343013274	0.000328416612547143	-0.000284906817585597	-1.75661602299458e-05	-0.0877740588713084	0.000437075668243114	0.000317896885048995	-0.000119178783194119
0.0101457266442576	0.767580877764785	0.0819171101408872	0.0864900359296575	0.00457292578877036	0.000379452733864593	2.186425293564	0.0429642320583021	0.0475444436625806	0.0045802116042785
0.00860918632066396	0.691567398457153	0.0573956706045077	0.0665479843632295	0.00915231375872178	0.000232272298427077	1.62078853840138	0.0168629473827999	0.0259798527304684	0.00911690534766851
0.0101610692663302	0.788375792846912	0.0787043712414774	0.0861258248167741	0.00742145357529665	0.000439990831002151	2.51838924155477	0.0459008475848414	0.0529810236711449	0.00708017608630353
0.0117968728137654	0.881188013710195	0.100306872898947	0.0997809278615395	-0.000525945037407841	0.000299236465658096	1.86604821189158	0.0293066800487066	0.034347593910134	0.00504091386142735
0.00928249465043537	0.737803869144321	0.0556555254575931	0.0608836478448023	0.00522812238720916	0.000296813096782009	2.00373318676164	0.0198488480295213	0.0264429281305396	0.00659408010101837
0.0113755964284547	0.885055225509246	0.101315585033484	0.110123564979834	0.00880797994634976	0.000337928961171072	2.12737612461805	0.0365864240889586	0.0443337788409155	0.00774735475195687
0.0118125354333274	0.904200694285801	0.0926876694731401	0.0985609333380547	0.00587326386491462	0.000374005209584313	2.37480835077891	0.037119372077405	0.0467063629507935	0.00958699087338853
0.0131266414844746	1.01793326906685	0.114346459459989	0.124750319275706	0.0104038598157171	0.000519919644348342	2.98549028403046	0.0609035227134427	0.0687829264102983	0.00787940369685561
0.00989859606549801	0.752668061546648	0.0666342155173138	0.0683007847192107	0.00166656920189685	0.000325307617844312	2.01880134076449	0.0272184946334255	0.0329460603602692	0.00572756572684364
0.00842284840934624	0.648834391018666	0.0651616232769522	0.0697833547328027	0.00462173145585046	0.000174831540237579	1.17750464819351	0.0144391474243797	0.020561560918868	0.00612241349448827
0.012455312939981	0.962920595310642	0.127302966759978	0.137646557586436	0.010343590826458	0.000363514498301838	2.07875726356048	0.0441353214125203	0.0493453960990655	0.00521007468654519
0.00870394650178218	0.700392834133735	0.0515214211203514	0.0581648186545897	0.00664339753423824	0.000208661576850086	1.567668220154	0.0103929716447819	0.0174896740818257	0.00709670243704376
0.00736764984299453	0.605782781211701	0.0399824630865549	0.0473890205625396	0.00740655747598468	0.000198639975268756	1.30263633294906	0.0124457524792129	0.0170423651889872	0.00459661270977432
0.0117677610831733	0.933533948927152	0.101447029268386	0.111558622743059	0.0101115934746733	0.000285137448525655	1.94391392336019	0.0281677677226571	0.0383991170118322	0.0102313492891751
0.00918053344895188	0.676981966721457	0.0659077637999089	0.0667791399409364	0.000871376141027502	0.000253922919622402	1.38787542627435	0.020368738482897	0.0215777759823336	0.00120903749943667
0.0110128188563529	0.796223119375215	0.0774242622157878	0.0742427653975612	-0.00318149681822656	0.000372999611253414	2.20069964349204	0.0299293652619581	0.0338894987411593	0.00396013347920113
0.00897537757783492	0.679443606433404	0.0718097911709263	0.0712131150358173	-0.000596676135108984	0.000239153968703429	1.55225681472972	0.0225949400549958	0.0279872751039889	0.00539233504899311
0.00962890929960915	0.714265412652362	0.0703135125619845	0.0696842105116968	-0.000629302050287633	0.000254524305062956	1.54384959160602	0.0194245209942453	0.0232499495418893	0.003825428547644
0.0101757505297318	0.756172195398713	0.0632132868802292	0.0656172876192795	0.00240400073905027	0.00039587201127593	2.1781914623698	0.0324725563872376	0.035388337355344	0.00291578096810641
