LR1_coefficients_null_raster	LR1_coefficients_per_pop_2025_CN_100m_R2025A_v1_R	LR1_R2_null_raster	LR1_R2_per_pop_2025_CN_100m_R2025A_v1_R	LR1_Q_per_pop_2025_CN_100m_R2025A_v1_R	LR2_coefficients_null_raster	LR2_coefficients_per_pop_2025_CN_100m_R2025A_v1_R	LR2_R2_null_raster	LR2_R2_per_pop_2025_CN_100m_R2025A_v1_R	LR2_Q_per_pop_2025_CN_100m_R2025A_v1_R
0.00808319879766488	0.000271273269597419	0.0680460808636331	0.0855707805990693	0.0175246997354362	0.000212659239937081	2.9942552830516e-07	0.023627947097201	0.045018814593045	0.021390867495844
0.00608534727201069	0.000210788681931226	0.0381397077429607	0.0516487605735688	0.0135090528306081	0.000192609715445078	2.4630280708554e-07	0.0148145802383847	0.0267400284974963	0.0119254482591116
0.00738076768061965	0.000240648768382382	0.0321266303103642	0.0418203125705411	0.00969368226017685	0.000189280336941092	2.21558639461323e-07	0.00750242136300959	0.0140830672483537	0.00658064588534406
0.00811271045593552	0.000233465172126704	0.0578309119084697	0.059751047622605	0.00192013571413536	0.000205016856727856	2.03562385045106e-07	0.0144653076724984	0.0197189208818307	0.00525361320933231
0.0104634706960162	0.000366590984814863	0.0711128838404799	0.102273547232809	0.0311606633923291	0.000268420950403798	3.51109195658361e-07	0.0160358134840423	0.0357390719012478	0.0197032584172056
0.00907119670998722	0.00027023741417149	0.0813669899309473	0.0926645405009209	0.0112975505699736	0.00029139597136192	2.99450003666563e-07	0.0311639434100819	0.046816409611964	0.015652466201882
0.0091724832664205	0.000277101110667325	0.0855684691929471	0.0935285051085088	0.00796003591556169	0.000246446098959038	2.99916899228359e-07	0.0247088366031376	0.0429439389347356	0.018235102331598
0.00548105516758877	0.000179265036149923	0.028289211343838	0.0356623068663537	0.00737309552251561	0.000183575923260575	1.87772499341418e-07	0.0133337110212833	0.0164899372025572	0.00315622618127392
0.0151899597263702	0.000468526060795463	0.190302431507655	0.214094594748473	0.0237921632408181	0.00064139182321414	7.16514877198394e-07	0.109963256428143	0.171342697534126	0.0613794411059836
0.0104909344365721	0.000336210171480413	0.0663964975044658	0.0794609671668964	0.0130644696624306	0.000338134391604518	4.12722510770991e-07	0.0251356525280022	0.0454143143727489	0.0202786618447467
0.00674856291572191	0.000227434746684896	0.0294649055518642	0.0387359217386375	0.0092710161867733	0.000163540866379258	2.57596508253503e-07	0.00721958452587491	0.0191424674272658	0.0119228829013909
0.0106212300000533	0.000320673934341637	0.10377234325391	0.11518559236476	0.0114132491108509	0.000414800959400155	3.83064700757823e-07	0.0578918339026447	0.071303758154819	0.0134119242521743
0.0124770287553981	0.000367297919450287	0.109291478751312	0.121254245184184	0.0119627664328721	0.000447393740039111	4.29441287243803e-07	0.0529820767374041	0.0657955162357234	0.0128134394983193
0.00898934727558691	0.000248397406846387	0.0864728902716362	0.0759122426500262	-0.01056064762161	0.000242956554699919	2.45932915718497e-07	0.0308885281883874	0.0366426405684025	0.00575411238001509
0.0120477258849348	0.00036611867651847	0.0909727244137373	0.0934128366912108	0.00244011227747344	0.000372199377137748	4.05239823802227e-07	0.0346029745464403	0.0450842124097529	0.0104812378633126
0.000849417140460153	5.33183385756627e-06	0.0012238240092659	4.53710346571951e-05	-0.0011784529746087	2.58298906885388e-05	-2.39178005858723e-08	0.000825886549563927	0.000697246842829127	-0.0001286397067348
0.00810870144926852	0.0002729926617915	0.051688771346754	0.064497223921507	0.012808452574753	0.000226607395678859	2.98386871475608e-07	0.014084661362641	0.0249836089004624	0.0108989475378214
0.0119020108333866	0.000340688119979021	0.117666396210233	0.123302240387753	0.00563584417752058	0.000410395317127778	3.85572618275862e-07	0.0507852444403236	0.0615985077402904	0.0108132632999667
0.00922739307723027	0.000302649708566258	0.072124097839926	0.0856560050501337	0.0135319072102077	0.000232356403148085	3.37616813094126e-07	0.0185953226176453	0.0390358760538244	0.0204405534361791
0.0146048560465441	0.000427592795282233	0.12865255829806	0.131912724479293	0.00326016618123315	0.000534515642754631	5.74225302294426e-07	0.0587306517637898	0.0861853270412681	0.0274546752774783
0.00729126988219223	0.000195427821471491	0.0355694551422681	0.0323758386620689	-0.0031936164801992	0.000185509457902966	1.54609321925742e-07	0.00791171498395932	0.00837675190184867	0.000465036917889348
0.00905536804078099	0.000296598719277322	0.0782448878904037	0.0949077909298941	0.0166629030394904	0.000226084276552859	3.09826086665909e-07	0.0212363049999869	0.0409406351902536	0.0197043301902667
0.0110824247547033	0.000341890300553671	0.0971841583181063	0.106443457672174	0.00925929935406761	0.000395179979909362	4.5086345837086e-07	0.0523728037671781	0.0759620981965421	0.023589294429364
0.00911080241145539	0.000307297111860763	0.0682823840617667	0.0939233588470642	0.0256409747852975	0.000274805408521151	3.59176472780871e-07	0.0232750341106697	0.0523096366042768	0.0290346024936071
0.00973938085207329	0.000274752834350522	0.0560644332921603	0.0592936203458587	0.00322918705369845	0.000303477327100822	3.03820396384018e-07	0.0179924368921741	0.0272233014636263	0.00923086457145221
0.00176763958696843	3.96451907020098e-05	0.005704352822913	0.00310108104920532	-0.00260327177370768	9.54392757150417e-05	4.67368888367358e-08	0.0101220623756911	0.00304157106766471	-0.0070804913080264
0.0121148627056104	0.000375559769988631	0.118230133156309	0.128622876682552	0.0103927435262432	0.000445499125423884	5.10262211133201e-07	0.053265232982112	0.0772173931535917	0.0239521601714797
0.00777234978902806	0.000253463300205429	0.0612357521240559	0.0813422923586971	0.0201065402346412	0.000261611805448135	2.77478897078818e-07	0.0223827167455275	0.0365264222763486	0.014143705530821
0.00841906308984085	0.000266958181985804	0.0630533410389613	0.0733100038493936	0.0102566628104323	0.000298396083265777	3.36259262730894e-07	0.0304623160533562	0.0441227934586155	0.0136604774052594
0.00891883224183054	0.000310086442400096	0.0740671730939548	0.0976352427861676	0.0235680696922128	0.000259726803362717	3.94101736877694e-07	0.0276613928019114	0.0595673960625676	0.0319060032606562
0.0077276673810341	0.000204105649349464	0.0578803602025668	0.0483774955827688	-0.00950286461979793	0.000280293268582797	2.40013380376884e-07	0.0285787439158372	0.0284035599946859	-0.000175183921151296
0.00899310012607233	0.000289138501205508	0.0549851393882843	0.0642922387705103	0.00930709938222606	0.000226022223901048	3.10443811592799e-07	0.0143015393562317	0.0286265804182544	0.0143250410620227
0.00909539549240461	0.00029487786559376	0.0705975913024227	0.0793689379126752	0.00877134661025251	0.000316130809337202	3.65532429727577e-07	0.032607491870879	0.0408152127087057	0.00820772083782677
0.0103926239965121	0.000321081418600507	0.0739803823607957	0.0833632573270405	0.00938287496624481	0.000273239900601852	3.44090352446736e-07	0.0216476058966981	0.0352785946674494	0.0136309887707513
0.00869585502563007	0.00025451429432931	0.0555657695907458	0.0583969828987589	0.00283121330801311	0.000243887618264107	2.37408582748843e-07	0.016922394990903	0.021177879564435	0.00425548457353198
0.0129771410690972	0.00037009767700257	0.156871610882886	0.150627329608648	-0.00624428127423846	0.000532886081715131	4.83964800997836e-07	0.0896499619477636	0.097259455577247	0.0076094936294834
0.0122049906571413	0.000350704721733295	0.105783564550157	0.11231211826656	0.00652855371640346	0.000395891481138955	4.07480070957481e-07	0.0410631480859069	0.0586789551937757	0.0176158071078688
0.00749551602197983	0.000253265139188828	0.0422004525325503	0.0561558778994277	0.0139554253668775	0.00020602373336434	3.06585048227083e-07	0.013069324831657	0.0306586377258409	0.0175893128941839
0.0140470292638846	0.000440013326217453	0.119062835036048	0.135656742225336	0.0165939071892879	0.000442310857194323	5.50148150962943e-07	0.0462042988864782	0.0825099892100485	0.0363056903235703
0.0122105934804595	0.000341438623414649	0.108356470194089	0.103665801696537	-0.00469066849755251	0.000532555384403222	4.55591276309746e-07	0.0668076289561346	0.06642524663015	-0.000382382325984629
0.0113966378091184	0.000341427681944859	0.091341336737547	0.10623377710594	0.014892440368393	0.000481270976447416	4.4891802189663e-07	0.0529844625555628	0.0719374121599862	0.0189529496044234
-1.83204741307825e-05	-8.51371864338908e-06	6.80804587233387e-07	0.000135711561831345	0.000135030757244112	-3.30864310616364e-06	-8.96898419965553e-09	1.5759442808415e-05	0.000104273920624509	8.85144778160942e-05
0.00974989352488891	0.000285758839587492	0.0702844627353214	0.0732518287696739	0.00296736603435242	0.000343173738570676	3.07151761140961e-07	0.0318782643236223	0.0357288370335586	0.00385057270993622
0.00995091803830717	0.000296382311219424	0.0728535631479411	0.0753684357632001	0.00251487261525897	0.00038617753676602	3.79292055368161e-07	0.0377807085679262	0.0460143212806651	0.00823361271273898
-0.00248882609854583	-6.16894551305517e-05	0.0137728743654279	0.00773440386296965	-0.00603847050245828	-0.000104836094521765	-8.11047956331603e-08	0.0183565155175902	0.0106964409621529	-0.00766007455543735
0.0128169762112479	0.000386283095606526	0.106926946338701	0.118484466460301	0.0115575201216	0.000446266747477008	5.05385861514114e-07	0.0445086131574559	0.0694412666761133	0.0249326535186574
0.0122290543805319	0.000371381200510555	0.0984821521018224	0.107001162172067	0.0085190100702449	0.000354465759275995	4.00592695330269e-07	0.033826316223596	0.0470757808369192	0.0132494646133233
-0.00266244927945198	-3.15512675959251e-05	0.0116639184556101	0.0016364344970067	-0.0100274839586034	-0.000104046708753365	-2.50836328094058e-08	0.0123777727322174	0.000784394535512259	-0.0115933781967051
0.0061877926549838	0.000233224427832688	0.041671268186806	0.0610190939966044	0.0193478258097984	0.000153781696492903	2.37130308513968e-07	0.0114880342185546	0.0245753742792184	0.0130873400606638
0.012171409222494	0.000385132265615732	0.0858181596065079	0.103448723584315	0.0176305639778068	0.000421515936197734	4.77161232738264e-07	0.033612631404007	0.0563543557674741	0.022741724363467
0.00743710301771084	0.000251413829491066	0.038872226198698	0.0500661402618908	0.0111939140631928	0.00016742933272127	2.54724920744556e-07	0.00844374204244917	0.0192712470709914	0.0108275050285422
0.000122491253288412	-2.18524952718061e-06	3.53656457615048e-05	1.24103197152211e-05	-2.29553260462837e-05	1.40722383743701e-05	-6.64745135414236e-09	0.000321034188847423	9.40092902262411e-05	-0.000227024898621182
0.00916092790768477	0.000311539104071978	0.0761992963307234	0.0902090222515057	0.0140097259207823	0.000248671639972594	3.80478881984788e-07	0.0253891805512286	0.0489678546729688	0.0235786741217402
-0.00212844452578336	-4.70296328533243e-05	0.00774706168650815	0.00401795886269712	-0.00372910282381104	-6.38740188855871e-05	-3.43464615253351e-08	0.00542693697189994	0.00192852284605848	-0.00349841412584146
0.0118221771952007	0.0003214806183654	0.096777924959855	0.0852865152127256	-0.0114914097471294	0.000409646994465805	3.74887929912599e-07	0.0384880551822905	0.041682348985928	0.00319429380363748
0.00646100417435214	0.000215476601598097	0.0437399569386635	0.0521141956392845	0.00837423870062098	0.00016715349946893	2.49191344412519e-07	0.0130251524921239	0.0258360821287714	0.0128109296366474
-0.000625734635571243	-2.08069860240569e-05	0.000792479563568948	0.000864083971550717	7.16044079817683e-05	-2.13373603398623e-05	-1.68106754470882e-08	0.000711785214649998	0.000427236597781568	-0.00028454861686843
0.0114926124032532	0.00033085316247057	0.0842345359087791	0.085441300398995	0.00120676449021587	0.000437640590540707	3.61913160291839e-07	0.0430610284892685	0.0417795747048546	-0.00128145378441388
0.00954894719688331	0.000317014893554144	0.0821723836858866	0.105775722184523	0.023603338498636	0.00030155355458674	3.60196372393258e-07	0.0333498687408516	0.0545669361744446	0.021217067433593
0.00970702457546499	0.000295709419544231	0.050700939866604	0.0599110979281432	0.00921015806153927	0.000327524634318328	3.13573029946985e-07	0.0176139177085535	0.023610252527033	0.00599633481847949
0.0071625349659591	0.000241255438289678	0.0485183984171076	0.0633078022108327	0.0147894037937251	0.000167674074441032	2.40508215907202e-07	0.0112048204226086	0.0267546346326367	0.0155498142100281
0.0111518049146826	0.0003562318708853	0.133233077256312	0.159611344675099	0.0263782674187868	0.000404515963077826	4.69521281620745e-07	0.0683124785500409	0.112170782525239	0.0438583039751982
0.00925895996362577	0.000305484749651023	0.0631238156325194	0.0809930802418202	0.0178692646093008	0.000251125694905506	3.21715474358471e-07	0.0171276038356457	0.0327224528915379	0.0155948490558922
0.0104676735898049	0.00030275039018454	0.080339099405435	0.083664994496279	0.00332589509084395	0.000407506235276048	3.97317097063998e-07	0.0454593358692779	0.0568590115644661	0.0113996756951883
0.00680859700771559	0.000237189544750203	0.0457711854516237	0.0609359714417647	0.015164785990141	0.000197825103318003	2.67221403917883e-07	0.0165307794768864	0.0316375226467114	0.015106743169825
0.0111339717537502	0.000345880486050588	0.105457529510758	0.130665859613287	0.0252083301025295	0.000371648016632997	3.90580065896773e-07	0.044180910182871	0.0721659324348956	0.0279850222520246
0.0134594645303448	0.000410536514080815	0.127121829347271	0.137565138719136	0.0104433093718652	0.000374047359223209	4.8211067663444e-07	0.0375759752299163	0.0652208407267028	0.0276448654967865
0.0140270307723822	0.000442874273925725	0.115845052506748	0.14065820876032	0.0248131562535726	0.000455360349884189	4.88514870196651e-07	0.039661991609681	0.0634337207150987	0.0237717291054177
0.00744910311742497	0.000243395351891201	0.0515164093111981	0.0575140892746246	0.00599767996342646	0.000190768780459525	2.59445341630289e-07	0.0151222835392194	0.0243498163179466	0.00922753277872718
-0.000200005544347831	-7.14983963120631e-07	7.32752237132147e-05	8.91468662088515e-07	-7.23837550511262e-05	-1.26397324893124e-05	-1.67338539890254e-08	0.000193265902019556	0.000341451730593939	0.000148185828574383
0.00797376987633409	0.00025460090523296	0.0465818630418354	0.0540740510052528	0.0074921879634174	0.000268046710369645	3.33175026844227e-07	0.0204755684667193	0.0332621931307153	0.012786624663996
0.00793408168426602	0.000293492077000306	0.055455361508689	0.0800181255766141	0.024562764067925	0.000212659555492087	3.32120578848909e-07	0.0178742685996937	0.0445773960295297	0.026703127429836
0.00696675768782596	0.000222390627049336	0.0277515779787294	0.035441854930624	0.0076902769518946	0.000163281811688316	2.06330308614125e-07	0.00512966291069603	0.0111747502024164	0.00604508729172041
0.0106303286440139	0.000287864005936601	0.0823384257183222	0.080544018595275	-0.00179440712304718	0.000476725862720966	3.72828403191073e-07	0.0456829820961902	0.0484424215884668	0.00275943949227655
0.000752607063115396	1.77254829081477e-07	0.00111776164221832	6.84522577676054e-08	-0.00111769318996055	4.25844500787703e-05	5.4116240278095e-09	0.00236305467934488	5.19094783093449e-05	-0.00231114520103554
-0.000862345972615528	1.49056357069453e-05	0.00153010875290658	0.000412539047683627	-0.00111756970522295	-3.54933003575674e-05	2.73132645505217e-08	0.00222900799088392	0.00118335630221776	-0.00104565168866616
0.00750076707775139	0.000266145893945785	0.0533548202381558	0.0735302643465838	0.0201754441084281	0.000198472095231141	2.75896768796989e-07	0.0169932897195026	0.0333479079120679	0.0163546181925653
0.0069697259117383	0.000264856165875593	0.0440246748695855	0.0632098117451198	0.0191851368755343	0.000172262097499592	2.9717877842901e-07	0.0132317703802497	0.0295518695444184	0.0163200991641686
0.00898381629492993	0.000288687836334648	0.0810745661049197	0.092633602346006	0.0115590362410863	0.000265437739544932	3.15507681467456e-07	0.0281450817267349	0.0407448719356818	0.0125997902089469
0.0116418683593353	0.000367548195262492	0.0970288175218136	0.105376000322846	0.00834718280103251	0.000394848723867561	4.4763494749261e-07	0.0461174933219576	0.058410724341389	0.0122932310194314
-0.000589104784676292	-3.15363942681481e-05	0.00061332343013274	0.00156954924678351	0.000956225816650768	-1.75661602299458e-05	-3.23426197594145e-08	0.000437075668243114	0.0012741251235934	0.00083704945535029
0.0101457266442576	0.000286553148210634	0.0819171101408872	0.0812830921333238	-0.000634018007563394	0.000379452733864593	3.42511436234915e-07	0.0429642320583021	0.0471692377419471	0.00420500568364501
0.00860918632066396	0.000290480763297766	0.0573956706045077	0.0724303325773785	0.0150346619728708	0.000232272298427077	4.22944074524612e-07	0.0168629473827999	0.0467120463214482	0.0298490989386483
0.0101610692663302	0.000326450776739317	0.0787043712414774	0.107883261157805	0.029178889916328	0.000439990831002151	3.95958554855412e-07	0.0459008475848414	0.0636156046784716	0.0177147570936302
0.0117968728137654	0.000421040600899099	0.100306872898947	0.129894639263873	0.0295877663649258	0.000299236465658096	4.98653166094012e-07	0.0293066800487066	0.0633300876313641	0.0340234075826575
0.00928249465043537	0.000293432424069097	0.0556555254575931	0.0669278530345789	0.0112723275769858	0.000296813096782009	3.14556660258755e-07	0.0198488480295213	0.0290351852974136	0.00918633726789228
0.0113755964284547	0.000350495028136112	0.101315585033484	0.113379410227355	0.0120638251938711	0.000337928961171072	3.73967913473037e-07	0.0365864240889586	0.0520147951936958	0.0154283711047372
0.0118125354333274	0.000352375175434051	0.0926876694731401	0.0911670533012705	-0.0015206161718696	0.000374005209584313	4.33020770515318e-07	0.037119372077405	0.0503049638314646	0.0131855917540597
0.0131266414844746	0.000398945817437692	0.114346459459989	0.129149387085547	0.0148029276255579	0.000519919644348342	4.76197318979139e-07	0.0609035227134427	0.0764487587954034	0.0155452360819607
0.00989859606549801	0.000294891130047327	0.0666342155173138	0.071732738717873	0.00509852320055923	0.000325307617844312	3.5466838485575e-07	0.0272184946334255	0.0421458038714057	0.0149273092379801
0.00842284840934624	0.000277034937657033	0.0651616232769522	0.076770373539385	0.0116087502624328	0.000174831540237579	2.74946841287772e-07	0.0144391474243797	0.0304932404244368	0.016054093000057
0.012455312939981	0.000392927225323248	0.127302966759978	0.153350530517292	0.026047563757314	0.000363514498301838	4.44956947553278e-07	0.0441353214125203	0.0810269243312366	0.0368916029187163
0.00870394650178218	0.000239599288837987	0.0515214211203514	0.0485958732426442	-0.00292554787770728	0.000208661576850086	2.30928043985221e-07	0.0103929716447819	0.0167273773871253	0.00633440574234342
0.00736764984299453	0.000247882571808451	0.0399824630865549	0.0479408325940171	0.00795836950746216	0.000198639975268756	2.83725811542578e-07	0.0124457524792129	0.0230665158278182	0.0106207633486053
0.0117677610831733	0.000420375361095053	0.101447029268386	0.140802454788802	0.0393554255204163	0.000285137448525655	5.04067966236141e-07	0.0281677677226571	0.0744442274489687	0.0462764597263116
0.00918053344895188	0.000284923809858739	0.0659077637999089	0.0751473401243491	0.00923957632444025	0.000253922919622402	2.86725302257976e-07	0.020368738482897	0.0301996736077016	0.0098309351248046
0.0110128188563529	0.000336856056423506	0.0774242622157878	0.086704194707965	0.00927993249217725	0.000372999611253414	4.22654185697469e-07	0.0299293652619581	0.0465480388409989	0.0166186735790407
0.00897537757783492	0.000315678450231896	0.0718097911709263	0.0947554904332826	0.0229456992623563	0.000239153968703429	3.9165167259211e-07	0.0225949400549958	0.0507279363157352	0.0281329962607394
0.00962890929960915	0.000317200992652899	0.0703135125619845	0.095125814562173	0.0248123020001885	0.000254524305062956	3.11036539288422e-07	0.0194245209942453	0.0380890795209166	0.0186645585266713
0.0101757505297318	0.000300884363750262	0.0632132868802292	0.0653515682154999	0.00213828133527069	0.00039587201127593	3.78948492325952e-07	0.0324725563872376	0.03862076815325	0.00614821176601237
