LR1_coefficients_null_raster	LR1_coefficients_per_pop_2025_CN_100m_R2025A_v1_C	LR1_R2_null_raster	LR1_R2_per_pop_2025_CN_100m_R2025A_v1_C	LR1_Q_per_pop_2025_CN_100m_R2025A_v1_C	LR2_coefficients_null_raster	LR2_coefficients_per_pop_2025_CN_100m_R2025A_v1_C	LR2_R2_null_raster	LR2_R2_per_pop_2025_CN_100m_R2025A_v1_C	LR2_Q_per_pop_2025_CN_100m_R2025A_v1_C
0.00808319879766488	0.0564130332299149	0.0680460808636331	0.0630209523478776	-0.00502512851575551	0.000212659239937081	0.0108463648920372	0.023627947097201	0.0209184474321545	-0.00270949966504646
0.00608534727201069	0.0414155907590863	0.0381397077429607	0.0356861587470754	-0.00245354899588534	0.000192609715445078	0.008298702585933	0.0148145802383847	0.0112722558049676	-0.00354232443341711
0.00738076768061965	0.0530549177631387	0.0321266303103642	0.033525827610208	0.00139919729984381	0.000189280336941092	0.0102018685442528	0.00750242136300959	0.00929017869145132	0.00178775732844173
0.00811271045593552	0.059675645361437	0.0578309119084697	0.0599466748817942	0.00211576297332449	0.000205016856727856	0.0117522377463295	0.0144653076724984	0.0168883371839256	0.00242302951142725
0.0104634706960162	0.0682728543618713	0.0711128838404799	0.0658565556431303	-0.0052563281973496	0.000268420950403798	0.0103466307612932	0.0160358134840423	0.0119520906303789	-0.00408372285366332
0.00907119670998722	0.0678271741467762	0.0813669899309473	0.0879151494797722	0.00654815954882496	0.00029139597136192	0.0173660734121393	0.0311639434100819	0.037385603090422	0.00622165968034008
0.0091724832664205	0.0674097647105125	0.0855684691929471	0.084293939261412	-0.00127452993153512	0.000246446098959038	0.0148526681779495	0.0247088366031376	0.0275477919352467	0.00283895533210907
0.00548105516758877	0.0352607790507151	0.028289211343838	0.0236886440056942	-0.00460056733814382	0.000183575923260575	0.00882278646271599	0.0133337110212833	0.0122649428179164	-0.00106876820336685
0.0151899597263702	0.093160296216654	0.190302431507655	0.159381523133561	-0.0309209083740933	0.00064139182321414	0.02448911495846	0.109963256428143	0.0786120345362362	-0.0313512218919067
0.0104909344365721	0.0734039317213053	0.0663964975044658	0.0659781240097718	-0.000418373494694022	0.000338134391604518	0.0162104590787302	0.0251356525280022	0.0233745400623743	-0.00176111246562783
0.00674856291572191	0.0447172287044731	0.0294649055518642	0.0279182817219797	-0.00154662382988456	0.000163540866379258	0.00713884591525161	0.00721958452587491	0.00684425314086873	-0.000375331385006186
0.0106212300000533	0.0725620672971848	0.10377234325391	0.101505085926161	-0.00226725732774831	0.000414800959400155	0.0218688209508423	0.0578918339026447	0.0617878876826624	0.00389605378001767
0.0124770287553981	0.080353292405229	0.109291478751312	0.094913483395515	-0.0143779953557968	0.000447393740039111	0.0189230766387517	0.0529820767374041	0.0453603836037195	-0.00762169313368458
0.00898934727558691	0.0668747191129789	0.0864728902716362	0.0915828877648276	0.00510999749319138	0.000242956554699919	0.0136721033232828	0.0308885281883874	0.0340688520217229	0.00318032383333544
0.0120477258849348	0.0871314634244666	0.0909727244137373	0.0972369433361225	0.0062642189223852	0.000372199377137748	0.0207124304904482	0.0346029745464403	0.0421198496158249	0.00751687506938458
0.000849417140460153	0.00679912174860139	0.0012238240092659	0.00156396580389174	0.000340141794625839	2.58298906885388e-05	0.00176771995341854	0.000825886549563927	0.00175829476935108	0.000932408219787156
0.00810870144926852	0.0551613475596512	0.051688771346754	0.0512550958242273	-0.000433675522526614	0.000226607395678859	0.0106013015814063	0.014084661362641	0.0142500750328496	0.000165413670208635
0.0119020108333866	0.0803958590143155	0.117666396210233	0.1014265134091	-0.0162398828011322	0.000410395317127778	0.0203074078638834	0.0507852444403236	0.0433746622914759	-0.00741058214884771
0.00922739307723027	0.0666911273441451	0.072124097839926	0.0745005146316887	0.0023764167917627	0.000232356403148085	0.0127305533397924	0.0185953226176453	0.0215721032395134	0.00297678062186814
0.0146048560465441	0.0982472067446525	0.12865255829806	0.122966067247592	-0.00568649105046808	0.000534515642754631	0.0263421909745828	0.0587306517637898	0.0578254942425612	-0.00090515752122862
0.00729126988219223	0.0526717016851317	0.0355694551422681	0.0369384236086648	0.0013689684663967	0.000185509457902966	0.0105615008633114	0.00791171498395932	0.00995718241582585	0.00204546743186654
0.00905536804078099	0.0652351513659493	0.0782448878904037	0.0798165704891696	0.00157168259876588	0.000226084276552859	0.0122486660351017	0.0212363049999869	0.0222206080704726	0.000984303070485741
0.0110824247547033	0.0786249840622451	0.0971841583181063	0.0921967685660863	-0.00498738975201998	0.000395179979909362	0.0206667781158946	0.0523728037671781	0.0479720094140334	-0.00440079435314476
0.00911080241145539	0.0633704196766312	0.0682823840617667	0.0669381028645876	-0.0013442811971791	0.000274805408521151	0.0143922152939086	0.0232750341106697	0.0259373440760085	0.00266230996533873
0.00973938085207329	0.0713737110769163	0.0560644332921603	0.0564594493497175	0.00039501605755727	0.000303477327100822	0.0168234293456098	0.0179924368921741	0.0187724495707101	0.000780012678535974
0.00176763958696843	0.0122003307452539	0.005704352822913	0.00573478041621556	3.04275933025646e-05	9.54392757150417e-05	0.00425334792283735	0.0101220623756911	0.0097655053533524	-0.000356557022338716
0.0121148627056104	0.0819690628667067	0.118230133156309	0.115273639901133	-0.00295649325517609	0.000445499125423884	0.0199319004178279	0.053265232982112	0.0463156866122496	-0.00694954636986245
0.00777234978902806	0.0513356208371677	0.0612357521240559	0.057016919271503	-0.00421883285255293	0.000261611805448135	0.0100540636793015	0.0223827167455275	0.0175486955866236	-0.00483402115890389
0.00841906308984085	0.0551613701139105	0.0630533410389613	0.0563125572085358	-0.00674078383042547	0.000298396083265777	0.0117867841881231	0.0304623160533562	0.0236912560787645	-0.00677105997459164
0.00891883224183054	0.0586943530383338	0.0740671730939548	0.0656344128075379	-0.00843276028641689	0.000259726803362717	0.0105695372230302	0.0276613928019114	0.0196722197563307	-0.00798917304558069
0.0077276673810341	0.0599380992358822	0.0578803602025668	0.0655855582673114	0.0077051980647446	0.000280293268582797	0.017647887281749	0.0285787439158372	0.0375071495772618	0.00892840566142465
0.00899310012607233	0.0682305612098638	0.0549851393882843	0.0628290713389417	0.00784393195065746	0.000226022223901048	0.0143443347038969	0.0143015393562317	0.0200444125037424	0.00574287314751067
0.00909539549240461	0.0549816016995719	0.0705975913024227	0.057629629669251	-0.0129679616331717	0.000316130809337202	0.010798184213791	0.032607491870879	0.0195904925836852	-0.0130169992871937
0.0103926239965121	0.0800409870691002	0.0739803823607957	0.0840131019192518	0.0100327195584561	0.000273239900601852	0.016838980349638	0.0216476058966981	0.0278264347109786	0.00617882881428046
0.00869585502563007	0.0596340645092441	0.0555657695907458	0.0575125310568655	0.00194676146611971	0.000243887618264107	0.0117168108999098	0.016922394990903	0.0208240498511839	0.0039016548602809
0.0129771410690972	0.0856492074827278	0.156871610882886	0.14972920362664	-0.00714240725624632	0.000532886081715131	0.0229676878914975	0.0896499619477636	0.0800848952660335	-0.00956506668173014
0.0122049906571413	0.0917145795783257	0.105783564550157	0.11021891610571	0.00443535155555316	0.000395891481138955	0.0234745491538689	0.0410631480859069	0.0474969853036525	0.00643383721774561
0.00749551602197983	0.0558905924909277	0.0422004525325503	0.045224048024803	0.0030235954922527	0.00020602373336434	0.0124345510563131	0.013069324831657	0.0162178425982652	0.00314851776660826
0.0140470292638846	0.103830339646591	0.119062835036048	0.122102139770869	0.00303930473482097	0.000442310857194323	0.0244026478528649	0.0462042988864782	0.0478291279491108	0.00162482906263264
0.0122105934804595	0.0791400167978246	0.108356470194089	0.0925891146948255	-0.0157673554992639	0.000532555384403222	0.0257088872719035	0.0668076289561346	0.0604300120571645	-0.00637761689897012
0.0113966378091184	0.0745949915096929	0.091341336737547	0.0763423635166512	-0.0149989732208957	0.000481270976447416	0.024463819094601	0.0529844625555628	0.0482928770833895	-0.00469158547217334
-1.83204741307825e-05	-0.000991262996521269	6.80804587233387e-07	4.30269164794015e-05	4.23461118921681e-05	-3.30864310616364e-06	-0.000652793275177515	1.5759442808415e-05	0.000377597279208862	0.000361837836400447
0.00974989352488891	0.0678034390066562	0.0702844627353214	0.0729064711761066	0.00262200844078515	0.000343173738570676	0.0148721804755864	0.0318782643236223	0.0300112865133767	-0.00186697781024569
0.00995091803830717	0.0702480348839812	0.0728535631479411	0.073747592574703	0.00089402942676188	0.00038617753676602	0.021674528826319	0.0377807085679262	0.0442593905810824	0.00647868201315625
-0.00248882609854583	-0.0196590250185675	0.0137728743654279	0.0167521078465457	0.00297923348111779	-0.000104836094521765	-0.00553475393291679	0.0183565155175902	0.0211070673433318	0.00275055182574156
0.0128169762112479	0.0900746297332676	0.106926946338701	0.0999550424992557	-0.00697190383944479	0.000446266747477008	0.0219621739212433	0.0445086131574559	0.0395501630413189	-0.00495845011613699
0.0122290543805319	0.0802872085049519	0.0984821521018224	0.08958024736638	-0.0089019047354424	0.000354465759275995	0.0150023594259218	0.033826316223596	0.0269520638974641	-0.0068742523261318
-0.00266244927945198	-0.0218201473627624	0.0116639184556101	0.0156878876541405	0.00402396919853037	-0.000104046708753365	-0.00583139957650745	0.0123777727322174	0.0166665187979125	0.00428874606569514
0.0061877926549838	0.0374184335268185	0.041671268186806	0.0320364802171115	-0.00963478796969452	0.000153781696492903	0.0048406579380656	0.0114880342185546	0.00543234992943461	-0.00605568428911996
0.012171409222494	0.0906335011502371	0.0858181596065079	0.090972747239876	0.00515458763336803	0.000421515936197734	0.0257198070979642	0.033612631404007	0.0417470266175223	0.00813439521351531
0.00743710301771084	0.051099816338926	0.038872226198698	0.0379724692749914	-0.000899756923706578	0.00016742933272127	0.00765680998726545	0.00844374204244917	0.00745458982557493	-0.000989152216874238
0.000122491253288412	0.0012814140648141	3.53656457615048e-05	7.60161044678203e-05	4.06504587063155e-05	1.40722383743701e-05	0.000633155287700089	0.000321034188847423	0.000279467905608736	-4.15662832386875e-05
0.00916092790768477	0.0654957817224693	0.0761992963307234	0.081429411695028	0.00523011536430462	0.000248671639972594	0.0130240415550421	0.0253891805512286	0.027296446962695	0.00190726641146646
-0.00212844452578336	-0.0196121206776893	0.00774706168650815	0.0127604195364921	0.00501335784998394	-6.38740188855871e-05	-0.00429480392667426	0.00542693697189994	0.01016791423136	0.00474097725946007
0.0118221771952007	0.079896442947582	0.096777924959855	0.0954714716840818	-0.0013064532757731	0.000409646994465805	0.017959711249133	0.0384880551822905	0.0376132326348992	-0.000874822547391255
0.00646100417435214	0.0443702304684764	0.0437399569386635	0.0432847731362873	-0.000455183802376198	0.00016715349946893	0.00779341828816529	0.0130251524921239	0.0126445291365677	-0.000380623355556182
-0.000625734635571243	-0.00304098014643855	0.000792479563568948	0.000374032201589063	-0.000418447361979885	-2.13373603398623e-05	-0.000350582843297706	0.000711785214649998	8.5987113119366e-05	-0.000625798101530632
0.0114926124032532	0.082470413625501	0.0842345359087791	0.0818665966561906	-0.00236793925258852	0.000437640590540707	0.0253820590709658	0.0430610284892685	0.0464463115806222	0.00338528309135368
0.00954894719688331	0.0652362775405098	0.0821723836858866	0.0771709294731395	-0.00500145421274704	0.00030155355458674	0.0142815547899858	0.0333498687408516	0.0298566079503064	-0.00349326079054519
0.00970702457546499	0.0716566315220549	0.050700939866604	0.0534887090099133	0.00278776914330937	0.000327524634318328	0.0206219167645392	0.0176139177085535	0.0230282533641589	0.00541433565560539
0.0071625349659591	0.0508702489784381	0.0485183984171076	0.0499692465557577	0.00145084813865014	0.000167674074441032	0.00759002759195842	0.0112048204226086	0.00976768005478801	-0.00143714036782063
0.0111518049146826	0.078079222207628	0.133233077256312	0.127625667890243	-0.0056074093660696	0.000404515963077826	0.0202044835848194	0.0683124785500409	0.0629824057920276	-0.00533007275801334
0.00925895996362577	0.0653682507477754	0.0631238156325194	0.062403066069429	-0.000720749563090345	0.000251125694905506	0.014269138202063	0.0171276038356457	0.0192166962838477	0.00208909244820201
0.0104676735898049	0.0702224330092411	0.080339099405435	0.071000342189374	-0.00933875721606103	0.000407506235276048	0.0196516672348838	0.0454593358692779	0.0388893572673994	-0.00656997860187844
0.00680859700771559	0.0458016104337048	0.0457711854516237	0.0403240829895136	-0.00544710246211013	0.000197825103318003	0.00890466724477772	0.0165307794768864	0.0126307830026599	-0.00389999647422647
0.0111339717537502	0.0763247992958761	0.105457529510758	0.0986195737397809	-0.00683795577097683	0.000371648016632997	0.020528252926275	0.044180910182871	0.0494161050981967	0.00523519491532572
0.0134594645303448	0.0959500517621429	0.127121829347271	0.133608154126965	0.00648632477969424	0.000374047359223209	0.0190202273204329	0.0375759752299163	0.0394385348370773	0.001862559607161
0.0140270307723822	0.0888829465594858	0.115845052506748	0.0967091209418452	-0.0191359315649025	0.000455360349884189	0.0170129390070824	0.039661991609681	0.026581135762764	-0.013080855846917
0.00744910311742497	0.0541925667721533	0.0515164093111981	0.0534759486125395	0.00195953930134134	0.000190768780459525	0.0104976389411649	0.0151222835392194	0.0169142357550567	0.00179195221583736
-0.000200005544347831	-0.00159775672488455	7.32752237132147e-05	0.000102205624439579	2.89304007263642e-05	-1.26397324893124e-05	0.000152527927441503	0.000193265902019556	1.51860796806124e-05	-0.000178079822338944
0.00797376987633409	0.0556937072235264	0.0465818630418354	0.0482454896473877	0.00166362660555228	0.000268046710369645	0.0114062191199503	0.0204755684667193	0.0168444193680277	-0.00363114909869169
0.00793408168426602	0.0584089124136519	0.055455361508689	0.0573676745935285	0.0019123130848395	0.000212659555492087	0.0119794597940225	0.0178742685996937	0.0195579569597767	0.00168368836008303
0.00696675768782596	0.0462962018625005	0.0277515779787294	0.0254063395787733	-0.00234523839995612	0.000163281811688316	0.00805779388488693	0.00512966291069603	0.00561716803216298	0.000487505121466954
0.0106303286440139	0.0708615458923586	0.0823384257183222	0.0750965164014227	-0.00724190931689947	0.000476725862720966	0.020000604011651	0.0456829820961902	0.0359759423348238	-0.00970703976136644
0.000752607063115396	0.00715041648620357	0.00111776164221832	0.00208733097933663	0.000969569337118312	4.25844500787703e-05	0.0026133177663574	0.00236305467934488	0.00455255945569958	0.0021895047763547
-0.000862345972615528	-0.00932932220426367	0.00153010875290658	0.00361239438666934	0.00208228563376276	-3.54933003575674e-05	-0.00271348623365616	0.00222900799088392	0.00591779499152059	0.00368878700063667
0.00750076707775139	0.0534101472428756	0.0533548202381558	0.0516472961397248	-0.00170752409843097	0.000198472095231141	0.0103822331706004	0.0169932897195026	0.0166340681516628	-0.000359221567839817
0.0069697259117383	0.0480632226439754	0.0440246748695855	0.0405140085822617	-0.0035106662873238	0.000172262097499592	0.00854029807004231	0.0132317703802497	0.0118740551932521	-0.00135771518699766
0.00898381629492993	0.0617425648232037	0.0810745661049197	0.0821115128733295	0.00103694676840978	0.000265437739544932	0.0108920712557691	0.0281450817267349	0.023741739408838	-0.00440334231789696
0.0116418683593353	0.0788573408719181	0.0970288175218136	0.089013207849776	-0.0080156096720376	0.000394848723867561	0.0181770560886335	0.0461174933219576	0.0391691197640987	-0.00694837355785888
-0.000589104784676292	-0.00313271547034183	0.00061332343013274	0.00037684336444951	-0.00023648006568323	-1.75661602299458e-05	-0.000592034826428907	0.000437075668243114	0.000252681828346755	-0.00018439383989636
0.0101457266442576	0.0689074725790077	0.0819171101408872	0.0770179486898681	-0.00489916145101908	0.000379452733864593	0.015935105783523	0.0429642320583021	0.0332288584636621	-0.00973537359464004
0.00860918632066396	0.0581359232001938	0.0573956706045077	0.0535163511559607	-0.00387931944854702	0.000232272298427077	0.0102864240406976	0.0168629473827999	0.0134457378181267	-0.00341720956467324
0.0101610692663302	0.0612600857651702	0.0787043712414774	0.062180994242622	-0.0165233769988555	0.000439990831002151	0.0193114127528535	0.0459008475848414	0.0376866404446486	-0.00821420714019278
0.0117968728137654	0.0835341943327712	0.100306872898947	0.0992309596768507	-0.00107591322209662	0.000299236465658096	0.0169191580335781	0.0293066800487066	0.0339140724407275	0.0046073923920209
0.00928249465043537	0.0575207114508769	0.0556555254575931	0.0441237246452709	-0.0115318008123223	0.000296813096782009	0.00915343198055121	0.0198488480295213	0.00916037508613185	-0.0106884729433894
0.0113755964284547	0.075073815498941	0.101315585033484	0.0917103914247399	-0.0096051936087441	0.000337928961171072	0.0144775617265366	0.0365864240889586	0.0304338667674422	-0.00615255732151643
0.0118125354333274	0.0778409800561562	0.0926876694731401	0.0898191242921558	-0.0028685451809843	0.000374005209584313	0.0166110315065313	0.037119372077405	0.0342011162930767	-0.00291825578432828
0.0131266414844746	0.0860199991203651	0.114346459459989	0.102023003684432	-0.0123234557755572	0.000519919644348342	0.0215785902789135	0.0609035227134427	0.0472743039621425	-0.0136292187513002
0.00989859606549801	0.073732582372704	0.0666342155173138	0.0710930437584322	0.0044588282411184	0.000325307617844312	0.0182724014855342	0.0272184946334255	0.0301777778053277	0.00295928317190216
0.00842284840934624	0.0643990951393754	0.0651616232769522	0.069935902237122	0.00477427896016983	0.000174831540237579	0.0109222712778795	0.0144391474243797	0.0178764679637446	0.00343732053936491
0.012455312939981	0.0983234891948375	0.127302966759978	0.138406235669501	0.0111032689095229	0.000363514498301838	0.0220245099596105	0.0441353214125203	0.0494852040205415	0.00534988260802118
0.00870394650178218	0.0520079390572013	0.0515214211203514	0.0409631409381012	-0.0105582801822503	0.000208661576850086	0.00641086897930679	0.0103929716447819	0.00511631494286873	-0.0052766567019132
0.00736764984299453	0.0541827650416017	0.0399824630865549	0.0444136681957482	0.00443120510919332	0.000198639975268756	0.0098572830251248	0.0124457524792129	0.0124652223092996	1.94698300866828e-05
0.0117677610831733	0.0807483372047433	0.101447029268386	0.0976929100293041	-0.00375411923908155	0.000285137448525655	0.0139721910181993	0.0281677677226571	0.0277633789308324	-0.000404388791824684
0.00918053344895188	0.0627297458972262	0.0659077637999089	0.0618268804682986	-0.00408088333161026	0.000253922919622402	0.0145885883565772	0.020368738482897	0.0239718318335782	0.00360309335068121
0.0110128188563529	0.0778729912489743	0.0774242622157878	0.0765632187623804	-0.000861043453407387	0.000372999611253414	0.019539071891978	0.0299293652619581	0.0302575395581855	0.000328174296227373
0.00897537757783492	0.0649013852786745	0.0718097911709263	0.0755661778842021	0.00375638671327587	0.000239153968703429	0.0129182166870976	0.0225949400549958	0.0267152090046168	0.00412026894962104
0.00962890929960915	0.0731974505766249	0.0703135125619845	0.0751613781703447	0.00484786560836023	0.000254524305062956	0.015332833606528	0.0194245209942453	0.0240531157975692	0.00462859480332387
0.0101757505297318	0.065959482322224	0.0632132868802292	0.0591335618271604	-0.00407972505306881	0.00039587201127593	0.0157024221324298	0.0324725563872376	0.0265648785372664	-0.00590767784997118
