LR1_coefficients_null_raster	LR1_coefficients_SES_affluence_C	LR1_R2_null_raster	LR1_R2_SES_affluence_C	LR1_Q_SES_affluence_C	LR2_coefficients_null_raster	LR2_coefficients_SES_affluence_C	LR2_R2_null_raster	LR2_R2_SES_affluence_C	LR2_Q_SES_affluence_C
0.00900567904249643	8.64314292989117	0.0852539411500502	0.088462163578709	0.00320822242865876	0.000249312213201075	221.796518787376	0.0318336213661083	0.0331613602432041	0.0013277388770958
0.00709261107629482	6.8684189566128	0.0449666710408697	0.0481515451067624	0.00318487406589268	0.000224017770843076	204.240823881338	0.0165605544880432	0.018384953960063	0.00182439947201981
0.00769847013371499	7.56255702474582	0.0335535666281145	0.0361853802552245	0.00263181362710994	0.000196993991523941	189.253682201039	0.00738478822588077	0.00879847358366925	0.00141368535778848
0.0079298758932325	7.69668331956561	0.055084576564951	0.0590636015928566	0.0039790250279057	0.000188869855617948	173.047873968881	0.012215939462694	0.0135287024966891	0.00131276303399517
0.0101198371814072	10.2213328598269	0.06595186519419	0.0759580169102809	0.0100061517160909	0.000253950686140568	256.897202711164	0.0153472086003539	0.0203648567564536	0.0050176481560997
0.0103815247285852	10.2120850202928	0.102746853337434	0.111568443043208	0.00882158970577367	0.000359120810372496	336.602697018376	0.0473112432349294	0.0524692998863072	0.0051580566513778
0.00913742416651822	8.88229960649489	0.0841101821855359	0.0903338033678102	0.00622362118227429	0.000246866085276892	225.316449881432	0.0239262214007748	0.0263403755946469	0.002414154193872
0.00542119302342565	5.19063946538215	0.0269398561823459	0.0281278944220973	0.00118803823975139	0.00017305460116603	157.201010046808	0.0112881689540197	0.0122024722044044	0.000914303250384784
0.01539722801696	14.8052552463526	0.165467990766538	0.171948029744224	0.00648003897768556	0.000652824867390547	611.119679854208	0.0927988747130182	0.101817825145752	0.00901895043273386
0.010737504343198	10.5861701248233	0.0585023553875123	0.0641290592206933	0.00562670383318097	0.000323571059226193	313.390165091024	0.0190144301448975	0.0224512167672266	0.00343678662232911
0.00549878992216957	5.65507972971559	0.0245849513592039	0.0292541948872317	0.00466924352802779	9.87359729298432e-05	104.30905861412	0.00381890307275877	0.00538873091936382	0.00156982784660505
0.0115261337160456	11.112440692876	0.122926690580589	0.12583428517035	0.00290759458976042	0.000367525632975245	350.558092164446	0.055723259915491	0.0617887922190396	0.00606553230354863
0.0127863386901262	12.3811260017601	0.0995359562127789	0.106622145128393	0.00708618891561441	0.000457433698441386	411.366290335312	0.0457991643310933	0.0489753663614146	0.00317620203032135
0.0100008336131982	9.65140394366638	0.0844613490272275	0.0883169781480967	0.00385562912086918	0.000288374849994646	261.115548299268	0.0317780312418189	0.033595731552573	0.00181770031075403
0.0111541222942896	10.8669492663127	0.0743417296413102	0.0800571553704769	0.0057154257291667	0.000322477723366209	294.592152254031	0.0241370622302761	0.0267367143501804	0.00259965211990437
0.000783351558969244	0.813759314155602	0.00116282351688106	0.00136086900504178	0.00019804548816072	2.18234724131565e-05	18.4483376529577	0.000695173986111855	0.000622937687402966	-7.22362987088886e-05
0.00877267361114184	8.647667468273	0.0556724246546388	0.0614268696883543	0.00575444503371549	0.00025601475533184	237.111087884892	0.0159534394381643	0.0177985410513863	0.00184510161322197
0.0115574832127823	11.0847030693426	0.0953785462426279	0.0994402255480715	0.00406167930544354	0.00039216720633382	355.899172713596	0.0410470455932175	0.0439425003212323	0.00289545472801484
0.00874457227931466	8.5398232077581	0.0616370359087082	0.0667990778531756	0.00516204194446735	0.000220282374965409	205.081809323363	0.0155137885765447	0.0178128743372147	0.00229908576067008
0.0138010025868565	13.2320278150159	0.120164968680673	0.124540291780187	0.00437532309951465	0.000457240538488876	424.924798077908	0.04707667355608	0.0513002960240368	0.00422362246795677
0.00732603451696526	7.54417978215581	0.0340578194716023	0.0404757892576055	0.00641796978600322	0.000175454073976617	181.465173648238	0.00651692443953273	0.00893793814909885	0.00242101370956613
0.00923983757470773	9.08349177999176	0.0731552822760087	0.081259388594417	0.00810410631840827	0.000233236234231444	227.736986246123	0.019593422121112	0.0244857638522522	0.00489234173114023
0.0115298829587093	11.2184687840236	0.0967952936282223	0.102643574309125	0.00584828068090221	0.000384205908874961	352.666288915464	0.0463471263200099	0.049812914961304	0.00346578864129415
0.00950378985738997	9.35337041763107	0.0647233213387936	0.0700640448111599	0.00534072347236625	0.000274852080694606	255.411190662478	0.0200303267275124	0.0221596645755925	0.00212933784808009
0.00808775639550999	7.95519290895306	0.0471747793510105	0.0516963721450765	0.00452159279406597	0.000191334587806279	179.70706544433	0.0106573660685388	0.0123702352281223	0.0017128691595835
0.000172055566317573	0.17879964478782	6.44512320803755e-05	7.33950747238502e-05	8.94384264347476e-06	1.4544014468291e-05	12.9804346801196	0.000322030739924693	0.000303118172343294	-1.89125675813985e-05
0.0122532806180355	11.9821556432343	0.0869044944489116	0.0933278635344968	0.00642336908558526	0.000435726434191198	408.984540479205	0.0347461497206748	0.0391756458448231	0.00442949612414826
0.00781442047339453	7.56998020446469	0.053647509824598	0.057184944504913	0.00353743468031502	0.00025341847669129	240.689437068936	0.0177349223897723	0.0207470687628556	0.00301214637308329
0.0111382179985864	10.4512904557324	0.0855927492099293	0.0857187317842003	0.000125982574271044	0.000398066197785136	361.566793026304	0.0389847628601244	0.0411232173488323	0.00213845448870788
0.0096871422586595	9.20498636396024	0.0769642420850322	0.0798283478575454	0.0028641057725132	0.000292557275413538	270.495310299625	0.0298198109218206	0.0339559154936631	0.00413610457184249
0.00967355187011707	9.01707325765138	0.0628763232484028	0.0610255983615457	-0.00185072488685716	0.000310857428258632	271.329027760074	0.0232677252495418	0.0229317150237361	-0.000336010225805684
0.00907980251524384	8.81167008042336	0.0517536296777454	0.0562755826951848	0.00452195301743934	0.000214756229448185	196.843020625462	0.0113994995185511	0.0129287383586289	0.00152923884007785
0.0113843060549225	10.9870409004069	0.0933118304352608	0.0993926819805509	0.00608085154529002	0.000424943661941255	382.103351826756	0.0477283033619184	0.0506884320369273	0.00296012867500894
0.00978050094496967	9.79979518659896	0.0695302223449934	0.0786653275088592	0.00913510516386579	0.000239373227480533	238.340781560518	0.017515453111449	0.0217809135088029	0.00426546039735396
0.00678519885948498	6.90804539645719	0.0372620822555771	0.0436413674442408	0.00637928518866372	0.000152564892776077	143.078117429313	0.00795040119972657	0.00916221461176961	0.00121181341204303
0.0127286359851017	12.3850188058844	0.133783123697302	0.143813097302764	0.0100299736054622	0.000502926505743407	461.923731940588	0.0697977744779401	0.0772855818612686	0.00748780738332851
0.0112602270594974	10.6709619913814	0.086547636544227	0.0887740863426644	0.00222644979843736	0.00037216666430003	337.49357249698	0.0333561130844231	0.0362067403113559	0.00285062722693285
0.00856683643327433	8.40877029342162	0.0538787002476506	0.0587353070601655	0.00485660681251487	0.000245326010949206	234.507387185716	0.0189437792232228	0.0218904110781457	0.00294663185492288
0.0136006381239392	12.826909573672	0.10018124424252	0.101553512960992	0.00137226871847297	0.00042308037735539	363.961294122158	0.0369190169278085	0.0374914625784403	0.000572445650631852
0.0122864417672659	11.4304102775104	0.094712685802353	0.0934807232818818	-0.00123196252047113	0.000500757267812108	439.925125528971	0.0506886843828041	0.0520019604225419	0.00131327603973775
0.010898687134436	10.6586462258927	0.0995825312907245	0.107822230728966	0.00823969943824138	0.000348666586329737	333.372215559743	0.0463574759402492	0.0534186041696851	0.007061128229436
-0.000533065071626186	-0.511991085670258	0.000477026870193344	0.0004774307274186	4.0385722525606e-07	-3.15358285608135e-05	-27.550884684325	0.00119088848766585	0.00111532648646854	-7.55620011973096e-05
0.00946293148923709	9.31775796613611	0.0633454303610236	0.0698305273667915	0.00648509700576795	0.000340765876440199	312.221063308028	0.0295064694750335	0.0329278620122404	0.00342139253720687
0.0100492005824731	9.75986975467191	0.0681280239122392	0.0717930079128755	0.00366498400063625	0.000386023889704748	349.296541131854	0.0339833893386279	0.0354672574004656	0.00148386806183774
-0.00197102728477867	-1.88434659368734	0.00822042065503412	0.00820259578886877	-1.78248661653526e-05	-8.51260250892255e-05	-76.1306704170569	0.0112103974736272	0.0114653916283743	0.000254994154747088
0.0135670651978163	12.9642344907177	0.117961124199371	0.123355175186659	0.00539405098728732	0.000486468128671655	450.267203611843	0.0491684230916519	0.0551445597200781	0.00597613662842612
0.0112430934604722	10.7216952509055	0.0872885800098165	0.089261843382761	0.00197326337294453	0.000302239388248344	273.158998944111	0.0270583639543293	0.0281427896264325	0.00108442567210324
-0.00216576252817825	-2.0775438904681	0.00817952313914375	0.00823897292885351	5.9449789709759e-05	-8.80239484732593e-05	-79.5896223259386	0.00927595582557812	0.00953310968545589	0.000257153859877773
0.00775422200172493	7.42727816597602	0.0543487694729445	0.0560108495304084	0.00166208005746386	0.000193444000632052	182.364841300932	0.0146810390823555	0.016508286080606	0.00182724699825052
0.0116219757620537	11.3594348144103	0.0844004294624659	0.0897013634250435	0.00530093396257768	0.000323274684712628	306.076254733042	0.0240845405256576	0.027073055392471	0.00298851486681342
0.0084593401870678	8.19896685088157	0.0460409353771091	0.0492059885186454	0.00316505314153628	0.000208135311045554	196.625143861678	0.0114565359884936	0.0132661999937676	0.001809664005274
-4.35861404800432e-05	-0.11469939027741	4.26166840343076e-06	3.18033312765958e-05	2.75416628731651e-05	1.47725903942945e-05	11.9515477626572	0.000336293469163889	0.000273706867001514	-6.2586602162375e-05
0.00982171171265964	9.63319430799792	0.07880811650395	0.0854235539777433	0.00661543747379338	0.000261062790642795	247.701728373482	0.0241705229799365	0.0280177784521308	0.00384725547219431
-0.00163364391984651	-1.54866917081444	0.00490303054087387	0.0047867481376684	-0.00011628240320547	-4.56264716292817e-05	-39.526483508878	0.00301483572468682	0.00287665033184736	-0.000138185392839458
0.0117048524787198	11.307851997161	0.09540810379438	0.0991120351786448	0.00370393138426481	0.000373174415687887	355.529981554514	0.0356751825341114	0.0402269030842827	0.00455172055017126
0.00689569550109653	6.74816298647949	0.0488588018341763	0.0529747323562318	0.00411593052205547	0.000191880076784807	178.448013983455	0.0165584357286513	0.018666055919174	0.00210762019052275
-0.000673382319759763	-0.656011920725963	0.000944978741994723	0.000951243528502582	6.26478650785946e-06	-2.91315011061923e-05	-27.0861254450593	0.0013804974413025	0.00145080707193692	7.0309630634424e-05
0.00852478298317885	8.36374191646071	0.0587776932428248	0.0640313970400524	0.00525370379722763	0.000213048441929108	202.228762845789	0.0168122602124338	0.0194437850802288	0.00263152486779501
0.0102723898713271	10.2935789781222	0.0867860237934003	0.0979150494387165	0.0111290256453162	0.000326765645925349	309.245707888071	0.034655377016708	0.0401061141047116	0.00545073708800363
0.0075958867873294	7.57489167789194	0.0368960110609676	0.0407882859277051	0.00389227486673754	0.000167150317034703	167.381233227378	0.00757998803163474	0.00927359421490565	0.00169360618327091
0.00757641189795046	7.46300610795952	0.0576792046257643	0.0620816640850432	0.00440245945927892	0.000197152529062449	185.779841540265	0.0169444898447681	0.0189002120349387	0.00195572219017057
0.0120022102160223	11.4088312494448	0.13647168159863	0.135494153305042	-0.00097752829358741	0.000431928691262112	389.198000895802	0.068651891756655	0.0687314157744071	7.95240177520473e-05
0.00860093165090527	8.51113611742349	0.0550784429202031	0.0606711420649256	0.00559269914472247	0.000227958815712676	215.21828585814	0.0139319492248791	0.0161025550894227	0.00217060586454367
0.0107931362920628	10.6765997664833	0.0775319511985372	0.0830834532966152	0.00555150209807798	0.000402435646075989	375.431475032098	0.0386282855468616	0.041530207719477	0.0029019221726154
0.00866971465400798	8.28989817937686	0.0654148682882418	0.0672337867435927	0.00181891845535094	0.000247706955476418	224.215784374704	0.0222113172713078	0.0232550279696305	0.00104371069832273
0.0113523767380482	10.7730816098987	0.104590163212359	0.108380681184881	0.00379051797252154	0.000381898623327539	346.420645205277	0.0440358515269514	0.0485395399989219	0.00450368847197045
0.0133067999295546	12.887289863813	0.104153225279824	0.111100906183603	0.00694768090377886	0.0003699176493341	349.012540950291	0.0295193985109679	0.0341618662735507	0.0046424677625828
0.0127603575871535	12.5547118094905	0.101462128572555	0.110180089963995	0.00871796139144074	0.000419037646606194	393.999232426882	0.034451176777464	0.0396115463812689	0.00516036960380488
0.00907263960735413	8.76071976889789	0.0667887849248546	0.0698820649478085	0.00309328002295382	0.000242134026821809	222.191312362804	0.0200018973633534	0.0213828004889124	0.00138090312555899
-0.000269567094868039	-0.33528745127532	0.000140622027643172	0.000239059575407391	9.84375477642193e-05	-1.20324141059015e-05	-13.9108642307561	0.000189488937714282	0.000323577953877471	0.000134089016163189
0.00767730044764493	7.45646124290712	0.040817999113225	0.0434628282985579	0.0026448291853329	0.000229782367820772	211.183088036911	0.0139348017466904	0.0153512659155327	0.00141646416884231
0.00838864604696551	8.292389613168	0.0516980795088798	0.0562946717617863	0.00459659225290655	0.000225339455947249	211.700909057763	0.0155519768294338	0.0174768913103834	0.00192491448094961
0.00783661968240131	7.86173512418192	0.0370335234354283	0.0418510086396506	0.00481748520422233	0.000210294893049397	207.438836789056	0.00967467377441859	0.01174622065689	0.00207154688247139
0.00944607659284269	9.20592049719202	0.0717656466312162	0.0768715257350155	0.00510587910379928	0.000306570545318374	292.794112057404	0.027957903821436	0.0315233251742689	0.00356542135283292
0.000275915141015641	0.320441542251192	0.00014944288882786	0.000218869585715814	6.94266968879541e-05	1.94855155508221e-05	18.6504797575874	0.000480683688712799	0.000554214372901203	7.35306841884038e-05
-0.00110284783910649	-0.935240537515154	0.00242190246631206	0.00190804383495077	-0.000513858631361296	-4.68115002795294e-05	-38.1556918324327	0.00362439181281339	0.00306412556817534	-0.000560266244638048
0.00787494470623397	7.95851001134365	0.048649645096	0.0558643746272549	0.00721472953125484	0.000198835594392912	196.872105312741	0.0138711841526055	0.0170764992372938	0.0032053150846883
0.00789561545858381	7.62271876343759	0.047554420037801	0.0508784830860098	0.00332406304820879	0.00019757824396066	188.201431486657	0.013858046128644	0.0163349857075372	0.00247693957889315
0.00948077202484212	9.04619576577703	0.0809392500419913	0.0832875491341681	0.00234829909217678	0.0002913782064242	262.933501994765	0.0281527678605169	0.0299091173057516	0.00175634944523473
0.0119169330673675	11.4920085167909	0.0968359410132294	0.101947642227939	0.00511170121470976	0.00040334920682633	369.769385692001	0.0452267266285882	0.0490800129224804	0.00385328629389226
-0.000670543463407817	-0.563307530981284	0.000851069012499212	0.000652407701268563	-0.000198661311230649	-2.83023951241113e-05	-24.8325061498986	0.001170506241828	0.00112201897868435	-4.84872631436465e-05
0.00947557337378871	8.95044940892159	0.0655800291014712	0.0658935679193063	0.000313538817835052	0.000350140039873847	301.960384889894	0.0322432213184287	0.0320708742205523	-0.000172347097876321
0.00887105978544786	9.09067222147253	0.0545612294157027	0.0644737418269631	0.00991251241126039	0.000220059065623207	226.092303748599	0.013946289157774	0.0184430785295806	0.00449678937180659
0.0104274113438242	10.1112205244248	0.0824163977214882	0.0882265776972573	0.00581017997576902	0.000460494844534171	408.509672479784	0.0477996908307128	0.0502154569110719	0.00241576608035914
0.0113550339325026	11.2511985945094	0.0938508939943223	0.103268209169856	0.00941731517553365	0.000285822952832016	283.37719869284	0.0258159460857301	0.0319192509711797	0.00610330488544959
0.00985738255363142	9.44886527112495	0.0624629207592111	0.0637953088119366	0.00133238805272544	0.000319593395048435	296.85156579448	0.0227094675905818	0.0244259978535945	0.00171653026301276
0.00917491076731584	9.04781646768705	0.0714337803035283	0.0777582107752741	0.00632443047174576	0.000228113348807528	221.919545767246	0.0210195214048143	0.0242994016598987	0.00327988025508444
0.0130564026522438	12.8674607057431	0.0991291205952532	0.108824392777668	0.0096952721824147	0.000411551070243599	391.392531616109	0.0378056490262227	0.044055852161309	0.0062502031350863
0.0113679207736846	11.0405929837424	0.0894703367544258	0.0949415045908592	0.00547116783643337	0.000336778921292107	321.49472645353	0.0317229337854727	0.0364124934895075	0.00468955970403472
0.0104960980298535	10.2113944748254	0.0686941210442194	0.0732535211152233	0.0045594000710039	0.000325844890916193	298.281715376599	0.0249756630064417	0.0273609689929852	0.00238530598654348
0.00831256954141458	8.14134041803077	0.060390740826626	0.0655370784938896	0.00514633766726362	0.000177977712128219	169.825080918964	0.0134729853467173	0.0156415569217862	0.00216857157506889
0.0116317587625092	11.1867298608545	0.113290572745187	0.117670027846941	0.00437945510175482	0.000363699967443779	329.558232831492	0.0440470119133217	0.046926710769474	0.00287969885615232
0.00982163815671806	9.62555664588467	0.0639805546154289	0.0696490973541081	0.00566854273867921	0.000287183764128727	276.494522529159	0.0186592392006456	0.0223920793657836	0.00373284016513806
0.00805248794776403	8.16680004737723	0.0433679855184116	0.0500374149444355	0.00666942942602389	0.00020991471922096	207.707007107855	0.0123237877429433	0.0152598380231222	0.00293605028017883
0.0112368427667921	11.0758372906871	0.0887615366355088	0.0966113908638957	0.00784985422838685	0.000266705946194819	260.99212024343	0.0235941827832593	0.0280613396759525	0.00446715689269321
0.00938449174017558	9.15533333047303	0.0627418119459471	0.0680423969794497	0.00530058503350261	0.000267961808894544	247.254589258512	0.0194453335097876	0.0220293237280007	0.0025839902182131
0.0114916473337155	11.3015717584469	0.0858984122364567	0.0929431747891943	0.00704476255273753	0.000409576785836808	392.217953663022	0.0360755391682506	0.0415033117890099	0.00542777262075926
0.00852387139109723	8.26716287765176	0.0621153791400839	0.066768319110046	0.00465293996996217	0.000207166944026127	196.03741957792	0.0168600513161654	0.0195183611179093	0.00265830980174387
0.0100331914153803	9.66322342764492	0.0704499269131689	0.0734943923182876	0.00304446540511874	0.000264589335838921	249.287272515729	0.0189572505639068	0.0212467265997426	0.00228947603583571
0.0109928596950869	10.6333197416684	0.069580821405692	0.0726919654240775	0.0031111440183855	0.000381146204028994	355.64075189511	0.0317419344181992	0.0345946092482784	0.00285267483007917
