LR1_coefficients_null_raster	LR1_coefficients_SES_affluence_R	LR1_R2_null_raster	LR1_R2_SES_affluence_R	LR1_Q_SES_affluence_R	LR2_coefficients_null_raster	LR2_coefficients_SES_affluence_R	LR2_R2_null_raster	LR2_R2_SES_affluence_R	LR2_Q_SES_affluence_R
0.00900567904249643	0.00127287010249705	0.0852539411500502	0.0861326709028249	0.000878729752774671	0.000249312213201075	5.34166630738091e-06	0.0318336213661083	0.0361873613333102	0.00435373996720192
0.00709261107629482	0.000919042618410099	0.0449666710408697	0.0406004617612721	-0.00436620927959756	0.000224017770843076	3.84153187152314e-06	0.0165605544880432	0.015307469832313	-0.00125308465573021
0.00769847013371499	0.00096387943279214	0.0335535666281145	0.0282529350589183	-0.00530063156919626	0.000196993991523941	3.63667562210148e-06	0.00738478822588077	0.00726013479986394	-0.000124653426016836
0.0079298758932325	0.00100514617967625	0.055084576564951	0.0455997667095628	-0.00948480985538819	0.000188869855617948	3.36877327380006e-06	0.012215939462694	0.0106085496449736	-0.00160738981772039
0.0101198371814072	0.00122208510868813	0.06595186519419	0.0503091715918109	-0.0156426936023791	0.000253950686140568	4.00367175015937e-06	0.0153472086003539	0.0109937161037897	-0.00435349249656419
0.0103815247285852	0.00139438089202757	0.102746853337434	0.0937268258137931	-0.00902002752364088	0.000359120810372496	7.23438562770223e-06	0.0473112432349294	0.0505731651800427	0.00326192194511325
0.00913742416651822	0.00112846630248309	0.0841101821855359	0.0701878530866628	-0.0139223290988731	0.000246866085276892	4.44390479969344e-06	0.0239262214007748	0.0229659418709847	-0.00096027952979014
0.00542119302342565	0.000736137532156898	0.0269398561823459	0.0261923586320119	-0.00074749755033398	0.00017305460116603	3.46363070430386e-06	0.0112881689540197	0.0125121417109194	0.00122397275689977
0.01539722801696	0.00207102935934114	0.165467990766538	0.155485330026039	-0.00998266074049955	0.000652824867390547	1.26454653003625e-05	0.0927988747130182	0.0949934127275286	0.00219453801451039
0.010737504343198	0.00138966227312461	0.0585023553875123	0.0514255857603748	-0.00707676962713746	0.000323571059226193	6.02840520397212e-06	0.0190144301448975	0.0185223973570049	-0.000492032787892626
0.00549878992216957	0.00068934238664772	0.0245849513592039	0.0195631255642727	-0.00502182579493123	9.87359729298432e-05	2.02281064953085e-06	0.00381890307275877	0.00419723004925351	0.000378326976494733
0.0115261337160456	0.0015975305920684	0.122926690580589	0.117551364841955	-0.00537532573863404	0.000367525632975245	6.9391265180879e-06	0.055723259915491	0.0514259725527857	-0.0042972873627053
0.0127863386901262	0.00160132287577578	0.0995359562127789	0.0838211682010178	-0.0157147880117611	0.000457433698441386	8.05035079532194e-06	0.0457991643310933	0.0422388232164303	-0.00356034111466291
0.0100008336131982	0.00127234840680563	0.0844613490272275	0.0723029272605484	-0.0121584217666791	0.000288374849994646	4.88066651333417e-06	0.0317780312418189	0.0263022492820039	-0.00547578195981508
0.0111541222942896	0.00144362845631586	0.0743417296413102	0.0652030826276071	-0.00913864701370315	0.000322477723366209	6.11296303696067e-06	0.0241370622302761	0.0241367661514658	-2.96078810274603e-07
0.000783351558969244	5.01286438297602e-05	0.00116282351688106	0.000265514117978068	-0.000897309398902995	2.18234724131565e-05	2.16831767327799e-07	0.000695173986111855	0.000190271278303036	-0.000504902707808818
0.00877267361114184	0.00105294245820482	0.0556724246546388	0.0422955980185462	-0.0133768266360927	0.00025601475533184	4.10018104569616e-06	0.0159534394381643	0.0121488407612803	-0.00380459867688406
0.0115574832127823	0.00142709282312639	0.0953785462426279	0.0783468240974305	-0.0170317221451974	0.00039216720633382	6.56011809216037e-06	0.0410470455932175	0.033008510000197	-0.00803853559302052
0.00874457227931466	0.00119144693301823	0.0616370359087082	0.0583360482288359	-0.00330098767987234	0.000220282374965409	4.60858409976303e-06	0.0155137885765447	0.0180342261796982	0.0025204376031535
0.0138010025868565	0.00182783139166111	0.120164968680673	0.113468991520066	-0.00669597716060676	0.000457240538488876	8.8035544100608e-06	0.04707667355608	0.0508288783946974	0.00375220483861742
0.00732603451696526	0.000777804197807488	0.0340578194716023	0.0204694060805394	-0.0135884133910629	0.000175454073976617	2.51789293593304e-06	0.00651692443953273	0.00383156793163714	-0.00268535650789559
0.00923983757470773	0.00120924592803183	0.0731552822760087	0.0655470402942905	-0.00760824198171822	0.000233236234231444	4.63981168820398e-06	0.019593422121112	0.0214305841881335	0.00183716206702145
0.0115298829587093	0.00150657808527169	0.0967952936282223	0.0883809067553107	-0.00841438687291163	0.000384205908874961	7.69755490178623e-06	0.0463471263200099	0.0505285166713682	0.00418139035135828
0.00950378985738997	0.00121650219556286	0.0647233213387936	0.0573585196191712	-0.00736480171962246	0.000274852080694606	5.05242389059437e-06	0.0200303267275124	0.0197161879760909	-0.00031413875142151
0.00808775639550999	0.0009834375995432	0.0471747793510105	0.0356884313106003	-0.0114863480404102	0.000191334587806279	2.79623632054197e-06	0.0106573660685388	0.00628389073737168	-0.00437347533116716
0.000172055566317573	3.85338354199429e-05	6.44512320803755e-05	0.000189678687245961	0.000125227455165585	1.4544014468291e-05	3.11972396349331e-07	0.000322030739924693	0.000464137194531878	0.000142106454607185
0.0122532806180355	0.00164221883771726	0.0869044944489116	0.0854496121563984	-0.00145488229251318	0.000435726434191198	8.45133023085313e-06	0.0347461497206748	0.040183995578201	0.00543784585752619
0.00781442047339453	0.000950727731462212	0.053647509824598	0.0431851888766199	-0.0104623209479782	0.00025341847669129	3.68445674577129e-06	0.0177349223897723	0.0125404008132608	-0.00519452157651142
0.0111382179985864	0.00145026382407684	0.0855927492099293	0.0779894461507529	-0.00760330305917642	0.000398066197785136	6.66738301347379e-06	0.0389847628601244	0.0336568560872677	-0.00532790677285676
0.0096871422586595	0.00125253570777	0.0769642420850322	0.0693425526789921	-0.00762168940604005	0.000292557275413538	4.99807854245624e-06	0.0298198109218206	0.0251080092944335	-0.00471180162738706
0.00967355187011707	0.00136266598062287	0.0628763232484028	0.0676442096225544	0.00476788637415161	0.000310857428258632	5.91443032854406e-06	0.0232677252495418	0.0261447649972029	0.00287703974766111
0.00907980251524384	0.00109650722789486	0.0517536296777454	0.0401995912788955	-0.0115540383988499	0.000214756229448185	3.80631159544792e-06	0.0113994995185511	0.0102910910527876	-0.00110840846576344
0.0113843060549225	0.0014677790402371	0.0933118304352608	0.08271723653669	-0.0105945938985709	0.000424943661941255	7.50324102048593e-06	0.0477283033619184	0.0447118221079189	-0.00301648125399944
0.00978050094496967	0.00112685939845838	0.0695302223449934	0.0510400719144043	-0.0184901504305891	0.000239373227480533	3.64957741243777e-06	0.017515453111449	0.0125430040189831	-0.00497244909246585
0.00678519885948498	0.00086117775777958	0.0372620822555771	0.0313906867215386	-0.00587139553403842	0.000152564892776077	2.79264427859117e-06	0.00795040119972657	0.00740454041290673	-0.000545860786819842
0.0127286359851017	0.00160337735904232	0.133783123697302	0.112783867939744	-0.0209992557575579	0.000502926505743407	9.01472933017462e-06	0.0697977744779401	0.0641142870521956	-0.00568348742574458
0.0112602270594974	0.00145290479421257	0.086547636544227	0.0781493122145667	-0.00839832432966028	0.00037216666430003	6.51557713473608e-06	0.0333561130844231	0.0300790930626756	-0.00327702002174745
0.00856683643327433	0.00115668651387867	0.0538787002476506	0.051814977235037	-0.0020637230126136	0.000245326010949206	5.1292354071986e-06	0.0189437792232228	0.022679096026915	0.00373531680369222
0.0136006381239392	0.001750855936159	0.10018124424252	0.0896615580337171	-0.0105196862088024	0.00042308037735539	7.64906365062537e-06	0.0369190169278085	0.0355408912926501	-0.00137812563515839
0.0122864417672659	0.00158302805186218	0.094712685802353	0.0866222854144345	-0.00809040038791847	0.000500757267812108	8.3482788525506e-06	0.0506886843828041	0.0457343965687952	-0.0049542878140089
0.010898687134436	0.00139923491388148	0.0995825312907245	0.0861621711402684	-0.0134203601504561	0.000348666586329737	5.61128657653936e-06	0.0463574759402492	0.0369171372194773	-0.00944033872077181
-0.000533065071626186	-0.000108172726365559	0.000477026870193344	0.00104920702641064	0.0005721801562173	-3.15358285608135e-05	-5.74387255301746e-07	0.00119088848766585	0.00111201662761475	-7.88718600511042e-05
0.00946293148923709	0.00121081680058638	0.0633454303610236	0.055551933583596	-0.00779349677742764	0.000340765876440199	5.58593490952917e-06	0.0295064694750335	0.0244502924054345	-0.00505617706959903
0.0100492005824731	0.00131465175689628	0.0681280239122392	0.0598363237194413	-0.00829170019279796	0.000386023889704748	6.64602700686385e-06	0.0339833893386279	0.0280443881084459	-0.00593900123018197
-0.00197102728477867	-0.000310179809464769	0.00822042065503412	0.011350834397609	0.00313041374257488	-8.51260250892255e-05	-1.77270594014308e-06	0.0112103974736272	0.0140277871719497	0.00281738969832242
0.0135670651978163	0.00174084207420328	0.117961124199371	0.102959130779199	-0.0150019934201727	0.000486468128671655	9.03729905053496e-06	0.0491684230916519	0.0479329016015274	-0.00123552149012453
0.0112430934604722	0.00146805239070954	0.0872885800098165	0.0802513534880765	-0.00703722652174002	0.000302239388248344	5.86665073108314e-06	0.0270583639543293	0.0282069443678193	0.00114858041349008
-0.00216576252817825	-0.000259599769898868	0.00817952313914375	0.00643847667218347	-0.00174104646696028	-8.80239484732593e-05	-1.49729557048754e-06	0.00927595582557812	0.00798858016634505	-0.00128737565923307
0.00775422200172493	0.000990995727270183	0.0543487694729445	0.046468392862691	-0.00788037661025352	0.000193444000632052	3.36713254406237e-06	0.0146810390823555	0.0122838425040638	-0.00239719657829166
0.0116219757620537	0.00145800143448847	0.0844004294624659	0.0718909908694667	-0.0125094385929992	0.000323274684712628	6.08821134609476e-06	0.0240845405256576	0.0242762799415729	0.000191739415915278
0.0084593401870678	0.00109344277362459	0.0460409353771091	0.0404061288749876	-0.00563480650212152	0.000208135311045554	4.2043680880254e-06	0.0114565359884936	0.0127286168771137	0.00127208088862011
-4.35861404800432e-05	1.78370588575393e-05	4.26166840343076e-06	4.06288064345805e-05	3.63671380311497e-05	1.47725903942945e-05	1.4456310994888e-07	0.000336293469163889	9.49202014720226e-05	-0.000241373267691866
0.00982171171265964	0.00122519155091037	0.07880811650395	0.0619568992418765	-0.0168512172620735	0.000261062790642795	4.29594205967333e-06	0.0241705229799365	0.0174508906022001	-0.0067196323777364
-0.00163364391984651	-0.000242888943293965	0.00490303054087387	0.00592137410560778	0.00101834356473391	-4.56264716292817e-05	-1.01101199135281e-06	0.00301483572468682	0.00409288846600578	0.00107805274131895
0.0117048524787198	0.00152377469864314	0.09540810379438	0.0827458731428959	-0.0126622306514842	0.000373174415687887	6.80980457840521e-06	0.0356751825341114	0.0322762426121955	-0.00339893992191586
0.00689569550109653	0.000922417719727693	0.0488588018341763	0.0441676690298273	-0.00469113280434896	0.000191880076784807	3.94600026883706e-06	0.0165584357286513	0.0181302687022579	0.00157183297360658
-0.000673382319759763	-0.000115729774216247	0.000944978741994723	0.00156296495030721	0.000617986208312492	-2.91315011061923e-05	-6.29352908729637e-07	0.0013804974413025	0.00185083731088626	0.000470339869583759
0.00852478298317885	0.00107216094682619	0.0587776932428248	0.0469362479197773	-0.0118414453230475	0.000213048441929108	3.97648202593354e-06	0.0168122602124338	0.0152532102682974	-0.00155904994413642
0.0102723898713271	0.00127768683465456	0.0867860237934003	0.0714401821650318	-0.0153458416283685	0.000326765645925349	6.01360447499308e-06	0.034655377016708	0.0321767420834529	-0.00247863493325508
0.0075958867873294	0.00103269870150767	0.0368960110609676	0.0352860375246135	-0.00160997353635414	0.000167150317034703	3.66524429519576e-06	0.00757998803163474	0.00955661481844334	0.00197662678680859
0.00757641189795046	0.00102638927096934	0.0576792046257643	0.0532371322938501	-0.00444207233191417	0.000197152529062449	3.86474101781716e-06	0.0169444898447681	0.0169965482997822	5.2058455014041e-05
0.0120022102160223	0.0016183955108085	0.13647168159863	0.132109859115652	-0.0043618224829777	0.000431928691262112	8.27404191369135e-06	0.068651891756655	0.071039408058777	0.00238751630212192
0.00860093165090527	0.00111641682542475	0.0550784429202031	0.0481650829950425	-0.00691335992516058	0.000227958815712676	3.83046238618925e-06	0.0139319492248791	0.0113055768653419	-0.00262637235953714
0.0107931362920628	0.00129489163310339	0.0775319511985372	0.0586950661967519	-0.0188368850017853	0.000402435646075989	6.76908640874837e-06	0.0386282855468616	0.0299066071995337	-0.00872167834732797
0.00866971465400798	0.00112244972352872	0.0654148682882418	0.0570329735918052	-0.00838189469643652	0.000247706955476418	4.52447820719864e-06	0.0222113172713078	0.0200476847750795	-0.0021636324962283
0.0113523767380482	0.00145528510268015	0.104590163212359	0.0896440972921756	-0.0149460659201835	0.000381898623327539	6.77459407515093e-06	0.0440358515269514	0.0382494926805816	-0.00578635884636985
0.0133067999295546	0.00173084019887871	0.104153225279824	0.0941430537974913	-0.0100101714823325	0.0003699176493341	6.45700006454497e-06	0.0295193985109679	0.0271104502693077	-0.00240894824166021
0.0127603575871535	0.00156123685141507	0.101462128572555	0.0842806093591822	-0.0171815192133723	0.000419037646606194	6.5290285650328e-06	0.034451176777464	0.0273907049261278	-0.00706047185133627
0.00907263960735413	0.00115923413949697	0.0667887849248546	0.0588282965579267	-0.00796048836692798	0.000242134026821809	4.37948428119381e-06	0.0200018973633534	0.0188017824411617	-0.00120011492219168
-0.000269567094868039	-2.30158973229427e-05	0.000140622027643172	5.77668830129381e-05	-8.28551446302337e-05	-1.20324141059015e-05	-6.6651133692064e-08	0.000189488937714282	1.78092890104368e-05	-0.000171679648703845
0.00767730044764493	0.00100504444376079	0.040817999113225	0.0373665533778446	-0.00345144573538043	0.000229782367820772	4.30113649190229e-06	0.0139348017466904	0.0142561768779259	0.000321375131235552
0.00838864604696551	0.00100275848367893	0.0516980795088798	0.0387620119486738	-0.0129360675602059	0.000225339455947249	3.59743828379572e-06	0.0155519768294338	0.0113750284377416	-0.00417694839169221
0.00783661968240131	0.000862892405499607	0.0370335234354283	0.0243389324906094	-0.0126945909448189	0.000210294893049397	2.99914733249242e-06	0.00967467377441859	0.00622821042418391	-0.00344646335023468
0.00944607659284269	0.00130530985332279	0.0717656466312162	0.0682338928589914	-0.00353175377222484	0.000306570545318374	6.21869738063127e-06	0.027957903821436	0.0288103353662438	0.000852431544807759
0.000275915141015641	-2.01308801499665e-05	0.00014944288882786	4.35617623892662e-05	-0.000105881126438594	1.94855155508221e-05	-5.03170734938296e-08	0.000480683688712799	9.0809824995383e-06	-0.000471602706213261
-0.00110284783910649	-0.000190607819412334	0.00242190246631206	0.00388043756423084	0.00145853509791877	-4.68115002795294e-05	-1.00644546510409e-06	0.00362439181281339	0.00458683037668348	0.000962438563870091
0.00787494470623397	0.00102211707227265	0.048649645096	0.0433045849527294	-0.00534506014327058	0.000198835594392912	3.57359972015607e-06	0.0138711841526055	0.0127892981804589	-0.00108188597214659
0.00789561545858381	0.00099781350043719	0.047554420037801	0.0397457192944312	-0.00780870074336987	0.00019757824396066	3.59990953165279e-06	0.013858046128644	0.0128502603160255	-0.00100778581261846
0.00948077202484212	0.0012954591331578	0.0809392500419913	0.0807378398409819	-0.000201410201009417	0.0002913782064242	6.06222047270972e-06	0.0281527678605169	0.0342612604652217	0.00610849260470477
0.0119169330673675	0.00159937475089786	0.0968359410132294	0.0916724338467115	-0.00516350716651789	0.00040334920682633	7.91783279973405e-06	0.0452267266285882	0.0465967469159266	0.00137002028733837
-0.000670543463407817	-0.000112872951011596	0.000851069012499212	0.0013076070067841	0.000456537994284884	-2.83023951241113e-05	-5.97294791356993e-07	0.001170506241828	0.00149656448242603	0.00032605824059803
0.00947557337378871	0.00122207638562534	0.0655800291014712	0.0595813773685726	-0.00599865173289862	0.000350140039873847	6.35179790157474e-06	0.0322432213184287	0.030014444465174	-0.00222877685325462
0.00887105978544786	0.00109037548926568	0.0545612294157027	0.0440498550581358	-0.0105113743575669	0.000220059065623207	3.98895648710783e-06	0.013946289157774	0.0130101934499064	-0.000936095707867604
0.0104274113438242	0.00135678912406647	0.0824163977214882	0.0759111282842238	-0.00650526943726444	0.000460494844534171	8.40820798119326e-06	0.0477996908307128	0.0496928671584606	0.00189317632774778
0.0113550339325026	0.00140075071095459	0.0938508939943223	0.0761848188167558	-0.0176660751775665	0.000285822952832016	4.89823425069571e-06	0.0258159460857301	0.0209026006625747	-0.00491334542315547
0.00985738255363142	0.0012289410514527	0.0624629207592111	0.0522956331841203	-0.0101672875750908	0.000319593395048435	4.9583626125533e-06	0.0227094675905818	0.017153918827229	-0.00555554876335278
0.00917491076731584	0.00120786994896794	0.0714337803035283	0.0631095505241006	-0.00832422977942773	0.000228113348807528	4.46642688056297e-06	0.0210195214048143	0.0212226791322997	0.000203157727485425
0.0130564026522438	0.0016393885755965	0.0991291205952532	0.0839542875798386	-0.0151748330154146	0.000411551070243599	6.97935469274074e-06	0.0378056490262227	0.0314990858670234	-0.00630656315919922
0.0113679207736846	0.0014454542617606	0.0894703367544258	0.0778576788870996	-0.0116126578673262	0.000336778921292107	5.48911419696028e-06	0.0317229337854727	0.0256639333131377	-0.00605900047233499
0.0104960980298535	0.00131719260207521	0.0686941210442194	0.0564893657421143	-0.0122047553021052	0.000325844890916193	6.16034138819118e-06	0.0249756630064417	0.0239089239519471	-0.00106673905449459
0.00831256954141458	0.00107056127067448	0.060390740826626	0.0511030734200227	-0.00928766740660326	0.000177977712128219	3.30421431244895e-06	0.0134729853467173	0.0120570974020777	-0.00141588794463956
0.0116317587625092	0.00150042984597637	0.113290572745187	0.103027085209852	-0.010263487535335	0.000363699967443779	6.35375083231965e-06	0.0440470119133217	0.0407743198915622	-0.00327269202175949
0.00982163815671806	0.00116828360602997	0.0639805546154289	0.0474741090843146	-0.0165064455311143	0.000287183764128727	4.38530897943564e-06	0.0186592392006456	0.0124455378968432	-0.00621370130380234
0.00805248794776403	0.000980724609283443	0.0433679855184116	0.0334170853533381	-0.00995090016507348	0.00020991471922096	3.70899764450113e-06	0.0123237877429433	0.0102464988204134	-0.00207728892252991
0.0112368427667921	0.00149354578605701	0.0887615366355088	0.0828681658450637	-0.00589337079044509	0.000266705946194819	5.24313280230726e-06	0.0235941827832593	0.0245080542516222	0.000913871468362915
0.00938449174017558	0.00112955246284548	0.0627418119459471	0.0482690660476163	-0.0144727458983308	0.000267961808894544	4.4663758194935e-06	0.0194453335097876	0.0154951551937032	-0.00395017831608444
0.0114916473337155	0.00142991737731074	0.0858984122364567	0.0722140463275476	-0.0136843659089092	0.000409576785836808	7.12604825423738e-06	0.0360755391682506	0.0318022825452261	-0.00427325662302451
0.00852387139109723	0.00114425063278815	0.0621153791400839	0.0587457043735171	-0.00336967476656676	0.000207166944026127	4.16172237539645e-06	0.0168600513161654	0.0184919732751222	0.00163192195895681
0.0100331914153803	0.00132928323776885	0.0704499269131689	0.0654357869732119	-0.00501413993995693	0.000264589335838921	5.33840264254939e-06	0.0189572505639068	0.0211047156113288	0.00214746504742197
0.0109928596950869	0.00145418472891811	0.069580821405692	0.0615417006582687	-0.00803912074742331	0.000381146204028994	6.95803166377684e-06	0.0317419344181992	0.0267244063777952	-0.00501752804040406
