LR1_coefficients_null_raster	LR1_coefficients_acc_50k_R	LR1_R2_null_raster	LR1_R2_acc_50k_R	LR1_Q_acc_50k_R	LR2_coefficients_null_raster	LR2_coefficients_acc_50k_R	LR2_R2_null_raster	LR2_R2_acc_50k_R	LR2_Q_acc_50k_R
0.00863004999481997	0.000240543994345949	0.0793160921171516	0.0338878327683348	-0.0454282593488167	0.000241644107913695	1.16673451042458e-07	0.0305711388789976	0.00322400444054827	-0.0273471344384493
0.00709261107629482	0.000237176658753092	0.0449666710408697	0.0278401314772943	-0.0171265395635754	0.000224017770843076	6.54146854174556e-08	0.0165605544880432	0.000624042376594196	-0.015936512111449
0.00769847013371499	0.000241725214691036	0.0335535666281145	0.020411150030689	-0.0131424165974255	0.000196993991523941	1.62879022815409e-07	0.00738478822588077	0.00275081471003927	-0.0046339735158415
0.0079298758932325	0.000242364089044323	0.055084576564951	0.0338306661379641	-0.0212539104269868	0.000188869855617948	8.27667775375066e-08	0.012215939462694	0.00154685748754836	-0.0106690819751456
0.0101198371814072	0.000292728400076112	0.06595186519419	0.0297553945864263	-0.0361964706077638	0.000253950686140568	6.52297581183942e-08	0.0153472086003539	0.000417251920339348	-0.0149299566800145
0.0103815247285852	0.00029038437568256	0.102746853337434	0.0437411576007856	-0.0590056957366484	0.000359120810372496	1.75056360568784e-07	0.0473112432349294	0.00479970486481501	-0.0425115383701144
0.00913742416651822	0.000309438850440018	0.0841101821855359	0.065470906503021	-0.0186392756825149	0.000246866085276892	2.60864576691167e-07	0.0239262214007748	0.0135415682164508	-0.010384653184324
0.00542224878980232	0.000202764506349115	0.0253448912093719	0.0176650078284808	-0.00767988338089109	0.00015574062745962	1.18658245249948e-07	0.00805667048913206	0.00122059317770698	-0.00683607731142509
0.01539722801696	0.000440604557775037	0.165467990766538	0.0859160960191366	-0.0795518947474017	0.000652824867390547	4.13555924592466e-07	0.0927988747130182	0.0209463956464871	-0.071852479066531
0.010737504343198	0.000365421062366707	0.0585023553875123	0.0399400234734181	-0.0185623319140942	0.000323571059226193	3.0743756786541e-07	0.0190144301448975	0.00744436426294963	-0.0115700658819479
0.00549878992216957	0.000252956322871078	0.0245849513592039	0.0254121258275068	0.000827174468302893	9.87359729298432e-05	1.89362158342507e-07	0.00381890307275877	0.0036573243219102	-0.000161578750848569
0.0115261337160456	0.000373576131241981	0.122926690580589	0.0706550583707232	-0.0522716322098659	0.000367525632975245	4.09708017063513e-07	0.055723259915491	0.0213731866036479	-0.0343500733118431
0.0127863386901262	0.0004428401942683	0.0995359562127789	0.0616574519353896	-0.0378785042773894	0.000457433698441386	3.89766079567981e-07	0.0457991643310933	0.0122699773056948	-0.0335291870253984
0.0100008336131982	0.000357504172600616	0.0844613490272275	0.0541042942514117	-0.0303570547758158	0.000288374849994646	3.21873507936571e-07	0.0317780312418189	0.0117789633472178	-0.0199990678946011
0.0111541222942896	0.000360081203318061	0.0743417296413102	0.0383825732715899	-0.0359591563697204	0.000322477723366209	3.18474374896582e-07	0.0241370622302761	0.0053096986778169	-0.0188273635524592
0.000823090258651577	3.8035485551362e-05	0.00128300933645243	0.00114813027349383	-0.000134879062958602	2.38672225476078e-05	1.35741983869787e-08	0.000831427147786629	7.63369320665273e-05	-0.000755090215720102
0.00877267361114184	0.000227857683408567	0.0556724246546388	0.0276245260123149	-0.028047898642324	0.00025601475533184	1.37653663396665e-07	0.0159534394381643	0.00267807802500935	-0.013275361413155
0.0115574832127823	0.000416798759151084	0.0953785462426279	0.0673894064496057	-0.0279891397930222	0.00039216720633382	3.45208034091574e-07	0.0410470455932175	0.0122988705428967	-0.0287481750503208
0.00874457227931466	0.000295387121025072	0.0616370359087082	0.0360929556633339	-0.0255440802453743	0.000220282374965409	1.58990949286358e-07	0.0155137885765447	0.00276247819583363	-0.012751310380711
0.0138010025868565	0.000405154442835446	0.120164968680673	0.0583480967447879	-0.0618168719358848	0.000457240538488876	3.89791979632815e-07	0.04707667355608	0.0106667840419784	-0.0364098895141016
0.00732603451696526	0.000213374517937363	0.0340578194716023	0.0168133630740095	-0.0172444563975928	0.000175454073976617	4.9527961192705e-08	0.00651692443953273	0.00028707298413212	-0.00622985145540061
0.00923983757470773	0.000334353144855702	0.0731552822760087	0.0466548040104066	-0.0265004782656021	0.000233236234231444	1.95397271071803e-07	0.019593422121112	0.00461657958492372	-0.0149768425361883
0.0115298829587093	0.00038036125198032	0.0967952936282223	0.0496565983331399	-0.0471386952950824	0.000384205908874961	3.5112144156394e-07	0.0463471263200099	0.00806382049034243	-0.0382833058296675
0.00950378985738997	0.000348103861323837	0.0647233213387936	0.0404969263243723	-0.0242263950144214	0.000274852080694606	2.52042971725108e-07	0.0200303267275124	0.00532350427836938	-0.014706822449143
0.00808775639550999	0.000341326912004963	0.0471747793510105	0.0388881775553691	-0.00828660179564134	0.000191334587806279	2.827726087045e-07	0.0106573660685388	0.00518173161076703	-0.00547563445777181
0.000229231813855946	-6.12048318309992e-06	0.000115527675331553	3.32449774373148e-05	-8.22826978942382e-05	1.71640516546885e-05	-1.00792653514297e-08	0.000453155641128345	3.58690237776536e-05	-0.000417286617350692
0.0122532806180355	0.000332451384474384	0.0869044944489116	0.0439351315226331	-0.0429693629262785	0.000435726434191198	3.25226150444855e-07	0.0347461497206748	0.00902270142185944	-0.0257234482988154
0.00781442047339453	0.000236595717179766	0.053647509824598	0.0302808693562453	-0.0233666404683527	0.00025341847669129	1.30426851564356e-07	0.0177349223897723	0.00258134163646968	-0.0151535807533026
0.0111382179985864	0.000362704807554219	0.0855927492099293	0.0502873001926674	-0.0353054490172619	0.000398066197785136	3.17004663000888e-07	0.0389847628601244	0.0092269044912083	-0.0297578583689161
0.0096871422586595	0.00029796149468296	0.0769642420850322	0.0396056913903333	-0.0373585506946988	0.000292557275413538	1.46702898993899e-07	0.0298198109218206	0.00280432223152187	-0.0270154886902987
0.00967355187011707	0.000358893043324032	0.0628763232484028	0.0483235586657842	-0.0145527645826186	0.000310857428258632	2.71820671123934e-07	0.0232677252495418	0.00883200296886715	-0.0144357222806747
0.00907980251524384	0.000302389750358615	0.0517536296777454	0.031623547890987	-0.0201300817867584	0.000214756229448185	1.40542534638053e-07	0.0113994995185511	0.00158079093289564	-0.00981870858565542
0.0113843060549225	0.000380784186733897	0.0933118304352608	0.065938929922825	-0.0273729005124358	0.000424943661941255	3.28606538451102e-07	0.0477283033619184	0.012594741946958	-0.0351335614149604
0.00978050094496967	0.000420817453944758	0.0695302223449934	0.0646088453239615	-0.00492137702103196	0.000239373227480533	3.39050050012179e-07	0.017515453111449	0.0103217848723601	-0.00719366823908884
0.00797667126521618	0.000312562512527923	0.0457559649242737	0.0386700814702922	-0.00708588345398147	0.00023204955651256	4.21341690334716e-07	0.0136166338843748	0.0149983031691487	0.00138166928477397
0.0131920434994623	0.000405501436550125	0.140762968692666	0.0818151688058591	-0.0589477998868069	0.000517656632531338	3.87758100876766e-07	0.0731411388990385	0.0190650743990339	-0.0540760645000046
0.0112602270594974	0.000291763958649802	0.086547636544227	0.030203597456054	-0.056344039088173	0.00037216666430003	1.61096876456787e-07	0.0333561130844231	0.00201421518857114	-0.031341897895852
0.00856683643327433	0.000226500922211078	0.0538787002476506	0.020501420648173	-0.0333772795994776	0.000245326010949206	1.04476424489381e-07	0.0189437792232228	0.00139949059531804	-0.0175442886279048
0.0136006381239392	0.000329538306207539	0.10018124424252	0.0311766783003309	-0.0690045659421887	0.00042308037735539	7.1084865936546e-08	0.0369190169278085	0.000508591040155209	-0.0364104258876532
0.0122864417672659	0.000307391542572244	0.094712685802353	0.0373055078889244	-0.0574071779134286	0.000500757267812108	1.54489432016529e-07	0.0506886843828041	0.00294176940536138	-0.0477469149774428
0.010898687134436	0.000369679260112116	0.0995825312907245	0.0565455974818934	-0.0430369338088311	0.000348666586329737	3.15196293540507e-07	0.0463574759402492	0.0111388933880326	-0.0352185825522165
-0.000533065071626186	-1.14972615716551e-05	0.000477026870193344	0.000108070028931683	-0.000368956841261661	-3.15358285608135e-05	-4.07084021519709e-08	0.00119088848766585	0.000711994702133057	-0.000478893785532797
0.00946293148923709	0.000321719277981568	0.0633454303610236	0.0429985040951158	-0.0203469262659078	0.000340765876440199	2.001719731464e-07	0.0295064694750335	0.00595223792371479	-0.0235542315513187
0.0100492005824731	0.000327972736161513	0.0681280239122392	0.037256504450636	-0.0308715194616032	0.000386023889704748	4.30013731982935e-07	0.0339833893386279	0.0147053641649243	-0.0192780251737036
-0.00197102728477867	-9.86059839090981e-05	0.00822042065503412	0.00810484724602076	-0.000115573409013362	-8.51260250892255e-05	-1.17104214006907e-07	0.0112103974736272	0.00618446451277507	-0.00502593296085216
0.0135670651978163	0.000439393248246472	0.117961124199371	0.0687265598654618	-0.0492345643339095	0.000486468128671655	3.99705600982262e-07	0.0491684230916519	0.0115174243871533	-0.0376509987044986
0.0112430934604722	0.000215790397300012	0.0872885800098165	0.0279403902280741	-0.0593481897817424	0.000302239388248344	7.07840652870631e-08	0.0270583639543293	0.00216790474570349	-0.0248904592086258
-0.00216576252817825	-0.000111616796720595	0.00817952313914375	0.00744586140115275	-0.000733661737991007	-8.80239484732593e-05	-9.52254786538411e-08	0.00927595582557812	0.00225410052771868	-0.00702185529785943
0.00775422200172493	0.000348437946348267	0.0543487694729445	0.0511582252246241	-0.00319054424832042	0.000193444000632052	3.01069272900755e-07	0.0146810390823555	0.00916465621315951	-0.00551638286919595
0.0116219757620537	0.000354309725489431	0.0844004294624659	0.0449871037990746	-0.0394133256633913	0.000323274684712628	1.89986701207616e-07	0.0240845405256576	0.00342289717605272	-0.0206616433496049
0.0084593401870678	0.000332483254540221	0.0460409353771091	0.037704379290283	-0.00833655608682608	0.000208135311045554	1.71132660431255e-07	0.0114565359884936	0.00322282957101425	-0.00823370641747939
-4.35861404800432e-05	-2.21777314772299e-05	4.26166840343076e-06	0.000357799233974153	0.000353537565570723	1.47725903942945e-05	-4.50301819663747e-08	0.000336293469163889	0.00051179399140939	0.000175500522245502
0.00982171171265964	0.000359352750560136	0.07880811650395	0.0573610504358203	-0.0214470660681297	0.000261062790642795	2.53380183498202e-07	0.0241705229799365	0.00735571909393002	-0.0168148038860064
-0.00163364391984651	-6.23261241036142e-05	0.00490303054087387	0.00306430912572303	-0.00183872141515084	-4.56264716292817e-05	-9.58804014934376e-08	0.00301483572468682	0.00367329871359242	0.0006584629889056
0.0117048524787198	0.00042996827809855	0.09540810379438	0.0840701945399644	-0.0113379092544157	0.000373174415687887	3.49697631005976e-07	0.0356751825341114	0.0184562717566979	-0.0172189107774135
0.00689569550109653	0.00018995915971302	0.0488588018341763	0.022701740977819	-0.0261570608563573	0.000191880076784807	1.24413161345314e-07	0.0165584357286513	0.00273522404588275	-0.0138232116827685
-0.000673382319759763	1.43794119194629e-05	0.000944978741994723	0.000152506104239402	-0.000792472637755321	-2.91315011061923e-05	5.20617926172264e-08	0.0013804974413025	0.000795512845924409	-0.00058498459537809
0.00852478298317885	0.000257784329417807	0.0587776932428248	0.0295306714686214	-0.0292470217742034	0.000213048441929108	7.97586358245427e-08	0.0168122602124338	0.000991024070725174	-0.0158212361417086
0.0102723898713271	0.000310221843514755	0.0867860237934003	0.0469482912668394	-0.0398377325265609	0.000326765645925349	2.32149884334409e-07	0.034655377016708	0.00642907518316899	-0.028226301833539
0.0075958867873294	0.000209799149539368	0.0368960110609676	0.0181883341745693	-0.0187076768863984	0.000167150317034703	4.50087043427153e-08	0.00757998803163474	0.000226034548128552	-0.00735395348350619
0.00757641189795046	0.0002863831332944	0.0576792046257643	0.0484664108336668	-0.00921279379209747	0.000197152529062449	1.20191148428375e-07	0.0169444898447681	0.00525510960971328	-0.0116893802350549
0.0120022102160223	0.000361905940643363	0.13647168159863	0.0612231464493239	-0.0752485351493056	0.000431928691262112	3.0394549803151e-07	0.068651891756655	0.00914434458021515	-0.0595075471764399
0.00860093165090527	0.00028861856545831	0.0550784429202031	0.0372240165323538	-0.0178544263878493	0.000227958815712676	1.0703384830864e-07	0.0139319492248791	0.00187188884162977	-0.0120600603832493
0.0107931362920628	0.000359662242602889	0.0775319511985372	0.0519624264270537	-0.0255695247714834	0.000402435646075989	2.58859907682533e-07	0.0386282855468616	0.00882869799278326	-0.0297995875540784
0.00866971465400798	0.000291983608988299	0.0654148682882418	0.0376317662346443	-0.0277831020535974	0.000247706955476418	1.8936035765017e-07	0.0222113172713078	0.0042225781706654	-0.0179887391006424
0.0113523767380482	0.000338757625937161	0.104590163212359	0.0505451127788123	-0.0540450504335469	0.000381898623327539	2.8894741724789e-07	0.0440358515269514	0.00781020736601406	-0.0362256441609373
0.0133067999295546	0.000421467973277463	0.104153225279824	0.0575648934543906	-0.0465883318254332	0.0003699176493341	1.78826911175987e-07	0.0295193985109679	0.00284945460754444	-0.0266699439034234
0.0127603575871535	0.000453723383831113	0.101462128572555	0.0687073279856096	-0.0327548005869449	0.000419037646606194	3.33595579596566e-07	0.034451176777464	0.00923585129135951	-0.0252153254861045
0.00907263960735413	0.000390787583995443	0.0667887849248546	0.066524323841733	-0.000264461083121587	0.000242134026821809	5.62592213011548e-07	0.0200018973633534	0.0288303054859995	0.00882840812264617
-0.000269567094868039	2.43671098693704e-05	0.000140622027643172	0.000596706855915911	0.000456084828272739	-1.20324141059015e-05	4.71408786995851e-08	0.000189488937714282	0.00117851833652344	0.000989029398809154
0.00767730044764493	0.000246938660436836	0.040817999113225	0.0245717783353774	-0.0162462207778476	0.000229782367820772	1.21581396169306e-07	0.0139348017466904	0.00224164645628955	-0.0116931552904008
0.00838864604696551	0.000243719052199072	0.0516980795088798	0.02465725284447	-0.0270408266644097	0.000225339455947249	9.28274551742005e-08	0.0155519768294338	0.000967660809242524	-0.0145843160201913
0.00783661968240131	0.000362868882814791	0.0370335234354283	0.0397861944184273	0.00275267098299901	0.000210294893049397	3.42100010342126e-07	0.00967467377441859	0.00844158699016748	-0.00123308678425111
0.00944607659284269	0.000334457325938355	0.0717656466312162	0.0478481513984329	-0.0239174952327833	0.000306570545318374	1.88684742098329e-07	0.027957903821436	0.00442195728779872	-0.0235359465336373
0.000275915141015641	8.35285883906988e-05	0.00014944288882786	0.00551103253302397	0.00536158964419611	1.94855155508221e-05	1.04812467463769e-07	0.000480683688712799	0.00514863897373836	0.00466795528502556
-0.00110284783910649	-4.76910294107582e-05	0.00242190246631206	0.00165103283459318	-0.000770869631718881	-4.68115002795294e-05	-9.87794214282084e-08	0.00362439181281339	0.00357242218145461	-5.19696313587728e-05
0.00787494470623397	0.000234780317705144	0.048649645096	0.0240582524364726	-0.0245913926595274	0.000198835594392912	1.61887733610655e-07	0.0138711841526055	0.00445476187921473	-0.00941642227339079
0.00789561545858381	0.000269453235035459	0.047554420037801	0.0353316857037256	-0.0122227343340755	0.00019757824396066	1.51679847980224e-07	0.013858046128644	0.0035235170854765	-0.0103345290431675
0.00948077202484212	0.000297476583390958	0.0809392500419913	0.0460521558909762	-0.0348870941510151	0.0002913782064242	1.65191166316548e-07	0.0281527678605169	0.00435348976215016	-0.0237992780983667
0.0119169330673675	0.000362422324958936	0.0968359410132294	0.0447677092666358	-0.0520682317465937	0.00040334920682633	2.67423341822873e-07	0.0452267266285882	0.0066693886303534	-0.0385573379982348
-0.000670543463407817	7.32135620840995e-05	0.000851069012499212	0.0055772937486839	0.00472622473618468	-2.83023951241113e-05	1.54884590815244e-07	0.001170506241828	0.014002408210751	0.012831901968923
0.00947557337378871	0.000339303730049282	0.0655800291014712	0.0450970893183615	-0.0204829397831097	0.000350140039873847	2.273796126273e-07	0.0322432213184287	0.00538060707930673	-0.0268626142391219
0.00887105978544786	0.000287998823588622	0.0545612294157027	0.0285076197049249	-0.0260536097107778	0.000220059065623207	1.97388037916264e-07	0.013946289157774	0.00302994239404193	-0.010916346763732
0.0104274113438242	0.000220339350948057	0.0824163977214882	0.021411502678438	-0.0610048950430503	0.000460494844534171	1.14829402582141e-07	0.0477996908307128	0.00157695094503486	-0.0462227398856779
0.0113550339325026	0.000420809877140167	0.0938508939943223	0.063875264932427	-0.0299756290618953	0.000285822952832016	2.73588396237181e-07	0.0258159460857301	0.00717170290838129	-0.0186442431773488
0.00985738255363142	0.00028618523949028	0.0624629207592111	0.0301395791832766	-0.0323233415759345	0.000319593395048435	1.38568673595595e-07	0.0227094675905818	0.00216780113065332	-0.0205416664599285
0.00917491076731584	0.000321148808794249	0.0714337803035283	0.0522528698354967	-0.0191809104680316	0.000228113348807528	2.69844714316217e-07	0.0210195214048143	0.0109410456970333	-0.010078475707781
0.0130564026522438	0.000494167525344595	0.0991291205952532	0.0782786921248071	-0.020850428470446	0.000411551070243599	5.98649329397661e-07	0.0378056490262227	0.0213439201686713	-0.0164617288575514
0.0113679207736846	0.000305338327308912	0.0894703367544258	0.0410917704925647	-0.0483785662618611	0.000336778921292107	1.23787080640943e-07	0.0317229337854727	0.00253174639722556	-0.0291911873882472
0.0104960980298535	0.000322665198712826	0.0686941210442194	0.0422270011801045	-0.0264671198641149	0.000325844890916193	1.55914274819627e-07	0.0249756630064417	0.00322024314986159	-0.0217554198565801
0.00831256954141458	0.000240231780058565	0.060390740826626	0.0270171298388275	-0.0333736109877985	0.000177977712128219	1.07856603938326e-07	0.0134729853467173	0.00147124704514743	-0.0120017383015698
0.0116317587625092	0.000401957338611927	0.113290572745187	0.0677709292424347	-0.045519643502752	0.000363699967443779	4.30541078077068e-07	0.0440470119133217	0.0175012602713035	-0.0265457516420183
0.00982163815671806	0.000280829265873422	0.0639805546154289	0.0312932635837502	-0.0326872910316787	0.000287183764128727	9.91555489065487e-08	0.0186592392006456	0.00111859811612503	-0.0175406410845205
0.00805248794776403	0.000242146250881006	0.0433679855184116	0.0238288715525687	-0.0195391139658429	0.00020991471922096	5.51296310361737e-08	0.0123237877429433	0.00042106672950485	-0.0119027210134385
0.0112368427667921	0.000312159362118869	0.0887615366355088	0.0428532906253735	-0.0459082460101353	0.000266705946194819	1.5287811116938e-07	0.0235941827832593	0.00359147582263014	-0.0200027069606292
0.00938449174017558	0.000302099373116493	0.0627418119459471	0.0417491666135029	-0.0209926453324443	0.000267961808894544	2.93822736826262e-07	0.0194453335097876	0.0113038167543776	-0.00814151675540999
0.0114916473337155	0.000317027970931919	0.0858984122364567	0.0429520843903889	-0.0429463278460678	0.000409576785836808	2.71825107017017e-07	0.0360755391682506	0.00737362231979063	-0.02870191684846
0.00852387139109723	0.000318867417868391	0.0621153791400839	0.0481912681193154	-0.0139241110207684	0.000207166944026127	3.06997535647347e-07	0.0168600513161654	0.0128551983039857	-0.00400485301217972
0.0100331914153803	0.000252661857258117	0.0704499269131689	0.0272130019968064	-0.0432369249163625	0.000264589335838921	1.04852565269142e-07	0.0189572505639068	0.001670851852773	-0.0172863987111339
0.0109928596950869	0.000318643901955309	0.069580821405692	0.0363886774251014	-0.0331921439805906	0.000381146204028994	1.67593747950259e-07	0.0317419344181992	0.00314083554304334	-0.0286010988751559
