LR1_coefficients_null_raster	LR1_coefficients_SES_affluence_R	LR1_R2_null_raster	LR1_R2_SES_affluence_R	LR1_Q_SES_affluence_R	LR2_coefficients_null_raster	LR2_coefficients_SES_affluence_R	LR2_R2_null_raster	LR2_R2_SES_affluence_R	LR2_Q_SES_affluence_R
0.00900567904249643	0.000165652068453282	0.0852539411500502	0.0859412428054719	0.000687301655421663	0.000249312213201075	9.24223278305467e-08	0.0318336213661083	0.0369014806744737	0.00506785930836543
0.00709261107629482	0.000117088702016084	0.0449666710408697	0.0394766118636355	-0.00549005917723423	0.000224017770843076	6.35636759756373e-08	0.0165605544880432	0.0150389001665642	-0.00152165432147906
0.00769847013371499	0.000122598972886213	0.0335535666281145	0.0273854357262626	-0.00616813090185197	0.000196993991523941	6.11222105956443e-08	0.00738478822588077	0.00733671932440187	-4.80689014789003e-05
0.0079298758932325	0.000127428025559801	0.055084576564951	0.0436061791451347	-0.0114783974198162	0.000188869855617948	5.49222751376524e-08	0.012215939462694	0.0101504256316942	-0.00206551383099977
0.0101198371814072	0.000150429279046927	0.06595186519419	0.0459495053279298	-0.0200023598662603	0.000253950686140568	6.20778774530175e-08	0.0153472086003539	0.0096876049613211	-0.00565960363903276
0.0103815247285852	0.000178761651064687	0.102746853337434	0.0908577344128334	-0.0118891189246006	0.000359120810372496	1.2080798418259e-07	0.0473112432349294	0.049495369976492	0.0021841267415626
0.00913742416651822	0.000143152248639062	0.0841101821855359	0.0670183114506693	-0.0170918707348666	0.000246866085276892	7.43066550494039e-08	0.0239262214007748	0.0226599574929914	-0.00126626390778349
0.00542119302342565	9.54102665416327e-05	0.0269398561823459	0.0262479226286668	-0.000691933553679122	0.00017305460116603	5.90283199507755e-08	0.0112881689540197	0.0127881347172538	0.00149996576323414
0.01539722801696	0.000264201925005476	0.165467990766538	0.151383086133592	-0.0140849046329466	0.000652824867390547	2.1186519103931e-07	0.0927988747130182	0.0944059261759436	0.00160705146292546
0.010737504343198	0.000174729197635467	0.0585023553875123	0.0488750273842508	-0.00962732800326154	0.000323571059226193	9.98262457242222e-08	0.0190144301448975	0.0182383632380646	-0.000776066906832924
0.00549878992216957	8.73488140416205e-05	0.0245849513592039	0.0187091283832384	-0.00587582297596551	9.87359729298432e-05	3.57058884439644e-08	0.00381890307275877	0.00459923755779417	0.000780334485035394
0.0115261337160456	0.000204535245341115	0.122926690580589	0.11447948213927	-0.0084472084413191	0.000367525632975245	1.1435688568438e-07	0.055723259915491	0.0496534130954563	-0.00606984682003472
0.0127863386901262	0.000202998014423321	0.0995359562127789	0.0805848618959086	-0.0189510943168703	0.000457433698441386	1.32419254369764e-07	0.0457991643310933	0.041446073656421	-0.0043530906746722
0.0100008336131982	0.000162539730024295	0.0844613490272275	0.0701882859751864	-0.0142730630520411	0.000288374849994646	8.13110255958166e-08	0.0317780312418189	0.0257369338774084	-0.0060410973644105
0.0111541222942896	0.00018506711189696	0.0743417296413102	0.0631889175103021	-0.0111528121310081	0.000322477723366209	1.04216644061651e-07	0.0241370622302761	0.0243048367692733	0.000167774538997193
0.000783351558969244	6.02824014351327e-06	0.00116282351688106	0.000233077344322716	-0.000929746172558348	2.18234724131565e-05	3.98088920975082e-09	0.000695173986111855	0.000234430724866552	-0.000460743261245303
0.00877267361114184	0.000130245670703911	0.0556724246546388	0.0387079365800646	-0.0169644880745743	0.00025601475533184	6.63407500054169e-08	0.0159534394381643	0.0114315407249551	-0.00452189871320924
0.0115574832127823	0.000181252320738605	0.0953785462426279	0.0748666930824125	-0.0205118531602154	0.00039216720633382	1.06552667928332e-07	0.0410470455932175	0.0306693969856874	-0.0103776486075301
0.00874457227931466	0.000153635287750894	0.0616370359087082	0.0579712632518849	-0.00366577265682335	0.000220282374965409	7.87345297976379e-08	0.0155137885765447	0.0187600994993498	0.00324631092280513
0.0138010025868565	0.000231671887204161	0.120164968680673	0.111253312184519	-0.00891165649615411	0.000457240538488876	1.46548671342994e-07	0.04707667355608	0.0518914758394371	0.00481480228335707
0.00732603451696526	9.47616037496334e-05	0.0340578194716023	0.0182739950698171	-0.0157838244017852	0.000175454073976617	3.95503840968187e-08	0.00651692443953273	0.0034597642993812	-0.00305716014015153
0.00923983757470773	0.000154511693545686	0.0731552822760087	0.0637126873322834	-0.00944259494372529	0.000233236234231444	7.68459106710806e-08	0.019593422121112	0.0208431162943193	0.00124969417320728
0.0115298829587093	0.000193328401471548	0.0967952936282223	0.0864191421289235	-0.0103761514992988	0.000384205908874961	1.31873212457184e-07	0.0463471263200099	0.051144738591459	0.0047976122714491
0.00950378985738997	0.000152705202493131	0.0647233213387936	0.0539755299240771	-0.0107477914147165	0.000274852080694606	8.16953949142578e-08	0.0200303267275124	0.0183850550961485	-0.0016452716313639
0.00808775639550999	0.000122421250870088	0.0471747793510105	0.0330715474595955	-0.014103231891415	0.000191334587806279	4.3186259455773e-08	0.0106573660685388	0.00538147032898051	-0.00527589573955834
0.000172055566317573	4.53068195579961e-06	6.44512320803755e-05	0.000163514806833233	9.9063574752858e-05	1.4544014468291e-05	4.40088458742827e-09	0.000322030739924693	0.00035670914414098	3.4678404216287e-05
0.0122532806180355	0.00021248846367603	0.0869044944489116	0.0860614751542868	-0.000843019294624728	0.000435726434191198	1.43062617528143e-07	0.0347461497206748	0.0412896120630895	0.0065434623424147
0.00781442047339453	0.00011860414766203	0.053647509824598	0.0403328953017606	-0.0133146145228375	0.00025341847669129	5.72095815687282e-08	0.0177349223897723	0.011165590116891	-0.00656933227288125
0.0111382179985864	0.000183938377905869	0.0855927492099293	0.0755467615439499	-0.0100459876659794	0.000398066197785136	1.06327718088832e-07	0.0389847628601244	0.0316549705382491	-0.00732979232187536
0.0096871422586595	0.000160562584677117	0.0769642420850322	0.0682988059144485	-0.00866543617058364	0.000292557275413538	8.22283505791989e-08	0.0298198109218206	0.0242411510390633	-0.00557865988275726
0.00967355187011707	0.000181022315421513	0.0628763232484028	0.0717863679143785	0.00891004466597563	0.000310857428258632	1.04874081664531e-07	0.0232677252495418	0.0292666791919885	0.00599895394244664
0.00907980251524384	0.000137017852873489	0.0517536296777454	0.0378130543453778	-0.0139405753323677	0.000214756229448185	6.15967802812364e-08	0.0113994995185511	0.00979866333820203	-0.00160083618034903
0.0113843060549225	0.000183814894319062	0.0933118304352608	0.0784972402709818	-0.0148145901642791	0.000424943661941255	1.1814713124104e-07	0.0477283033619184	0.0412375343017251	-0.00649076906019327
0.00978050094496967	0.000139506074262734	0.0695302223449934	0.0470586357409679	-0.0224715866040256	0.000239373227480533	5.65605684054938e-08	0.017515453111449	0.011160832097511	-0.00635462101393796
0.00678519885948498	0.000109698439650825	0.0372620822555771	0.0303100756934555	-0.00695200656212157	0.000152564892776077	4.88531282459262e-08	0.00795040119972657	0.00798166488696843	3.12636872418556e-05
0.0127286359851017	0.000203031855295096	0.133783123697302	0.109101879045383	-0.0246812446519186	0.000502926505743407	1.48696146027426e-07	0.0697977744779401	0.0632002901026198	-0.00659748437532034
0.0112602270594974	0.000185475181800357	0.086547636544227	0.0761365374260188	-0.0104110991182082	0.00037216666430003	1.07109530939282e-07	0.0333561130844231	0.0288262737057646	-0.00452983937865853
0.00856683643327433	0.000145281532415115	0.0538787002476506	0.0489446634134136	-0.00493403683423703	0.000245326010949206	8.31400424373912e-08	0.0189437792232228	0.0214777157778939	0.00253393655467112
0.0136006381239392	0.000222905149720755	0.10018124424252	0.0874697220878812	-0.0127115221546383	0.00042308037735539	1.26896597536728e-07	0.0369190169278085	0.0351527949220271	-0.00176622200578135
0.0122864417672659	0.000198234960611109	0.094712685802353	0.0817400872682271	-0.0129725985341258	0.000500757267812108	1.35112503851433e-07	0.0506886843828041	0.0430227439457095	-0.00766594043709461
0.010898687134436	0.000172800463337137	0.0995825312907245	0.0798998640333825	-0.019682667257342	0.000348666586329737	8.50593221434607e-08	0.0463574759402492	0.0326417370946783	-0.0137157388455709
-0.000533065071626186	-1.46073145186248e-05	0.000477026870193344	0.00115302877962196	0.000676001909428612	-3.15358285608135e-05	-9.63366763738503e-09	0.00119088848766585	0.00113802091759831	-5.28675700675416e-05
0.00946293148923709	0.000152925648076468	0.0633454303610236	0.0530566730893673	-0.0102887572716563	0.000340765876440199	9.0734341884602e-08	0.0295064694750335	0.0232286268492769	-0.00627784262575657
0.0100492005824731	0.000169772558359143	0.0681280239122392	0.0595442964169067	-0.00858372749533248	0.000386023889704748	1.12631758781711e-07	0.0339833893386279	0.0285733246757563	-0.00541006466287161
-0.00197102728477867	-4.15285848086652e-05	0.00822042065503412	0.0122868554817739	0.00406643482673974	-8.51260250892255e-05	-3.02790007727009e-08	0.0112103974736272	0.014748062356956	0.00353766488332881
0.0135670651978163	0.000219818555639766	0.117961124199371	0.0975727497978513	-0.0203883744015199	0.000486468128671655	1.49037424746957e-07	0.0491684230916519	0.0460560222100019	-0.00311240088165
0.0112430934604722	0.000186818395595372	0.0872885800098165	0.077836779109934	-0.00945180089988255	0.000302239388248344	9.74422295670209e-08	0.0270583639543293	0.0277915838536181	0.000733219899288821
-0.00216576252817825	-3.31076348647524e-05	0.00817952313914375	0.00633015104411744	-0.00184937209502631	-8.80239484732593e-05	-2.45995264770406e-08	0.00927595582557812	0.00787941748444151	-0.00139653834113661
0.00775422200172493	0.00012478645360034	0.0543487694729445	0.0440575793695715	-0.010291190103373	0.000193444000632052	5.37316445500409e-08	0.0146810390823555	0.0113335495289547	-0.00334748955340077
0.0116219757620537	0.000181512997387161	0.0844004294624659	0.0666389554045312	-0.0177614740579347	0.000323274684712628	9.97840544324523e-08	0.0240845405256576	0.0232148837430512	-0.000869656782606452
0.0084593401870678	0.00013777973505293	0.0460409353771091	0.0382675425941331	-0.00777339278297604	0.000208135311045554	6.84903937381097e-08	0.0114565359884936	0.0120217869087162	0.000565250920222549
-4.35861404800432e-05	2.61613640096114e-06	4.26166840343076e-06	5.28172431386375e-05	4.85555747352067e-05	1.47725903942945e-05	1.82208570540699e-09	0.000336293469163889	5.4748691660272e-05	-0.000281544777503617
0.00982171171265964	0.00015472935465106	0.07880811650395	0.05864158721891	-0.02016652928504	0.000261062790642795	6.93854531021991e-08	0.0241705229799365	0.0161137315161909	-0.00805679146374556
-0.00163364391984651	-3.21628862003863e-05	0.00490303054087387	0.00628128050688133	0.00137824996600746	-4.56264716292817e-05	-1.77058415634961e-08	0.00301483572468682	0.00454400319008489	0.00152916746539807
0.0117048524787198	0.0001932735966656	0.09540810379438	0.0795723175803211	-0.0158357862140589	0.000373174415687887	1.11795770079294e-07	0.0356751825341114	0.031271546086327	-0.00440363644778445
0.00689569550109653	0.00011773727144392	0.0488588018341763	0.0426551029087735	-0.00620369892540278	0.000191880076784807	6.61927518229752e-08	0.0165584357286513	0.0180373326954985	0.0014788969668472
-0.000673382319759763	-1.4590013319261e-05	0.000944978741994723	0.00151302541448314	0.000568046672488419	-2.91315011061923e-05	-9.80655390726357e-09	0.0013804974413025	0.00164496972910956	0.000264472287807064
0.00852478298317885	0.000135185020772785	0.0587776932428248	0.043940526900853	-0.0148371663419717	0.000213048441929108	6.54357611557255e-08	0.0168122602124338	0.0143865912161836	-0.00242566899625023
0.0102723898713271	0.000160228259246115	0.0867860237934003	0.06677255487827	-0.0200134689151302	0.000326765645925349	9.92566707337213e-08	0.034655377016708	0.0305828339491593	-0.00407254306754869
0.0075958867873294	0.000129248623295724	0.0368960110609676	0.0329437980176188	-0.00395221304334877	0.000167150317034703	6.08090837043745e-08	0.00757998803163474	0.00924949946696228	0.00166951143532754
0.00757641189795046	0.000132778056675024	0.0576792046257643	0.0525094678564568	-0.00516973676930745	0.000197152529062449	6.51114779952875e-08	0.0169444898447681	0.0168837487770301	-6.07410677380404e-05
0.0120022102160223	0.00020637256741182	0.13647168159863	0.129104334439259	-0.00736734715937012	0.000431928691262112	1.36684970618597e-07	0.068651891756655	0.0697581219068826	0.00110623015022755
0.00860093165090527	0.000141118738178377	0.0550784429202031	0.0462498378833862	-0.00882860503681688	0.000227958815712676	6.02457827893084e-08	0.0139319492248791	0.0102114623126476	-0.00372048691223144
0.0107931362920628	0.000160301139881237	0.0775319511985372	0.054052663322359	-0.0234792878761782	0.000402435646075989	1.0564437928219e-07	0.0386282855468616	0.0266095204117648	-0.0120187651350969
0.00866971465400798	0.000144376076538984	0.0654148682882418	0.0558243846709528	-0.0095904836172889	0.000247706955476418	7.63696814968819e-08	0.0222113172713078	0.0199063256187794	-0.00230499165252839
0.0113523767380482	0.000182928654856772	0.104590163212359	0.0836619209682562	-0.0209282422441029	0.000381898623327539	1.09729414828721e-07	0.0440358515269514	0.0353350269874704	-0.00870082453948105
0.0133067999295546	0.000222371783452848	0.104153225279824	0.0932624486103404	-0.0108907766694834	0.0003699176493341	1.05861975167634e-07	0.0295193985109679	0.0262920584258575	-0.00322734008511039
0.0127603575871535	0.000194906356844983	0.101462128572555	0.0794378604683092	-0.0220242681042454	0.000419037646606194	1.05116888792235e-07	0.034451176777464	0.0260684125676656	-0.00838276420979848
0.00907263960735413	0.000146999873501198	0.0667887849248546	0.0569912180957822	-0.00979756682907243	0.000242134026821809	7.19292125248688e-08	0.0200018973633534	0.0183663118876761	-0.00163558547567726
-0.000269567094868039	-1.39620084161236e-06	0.000140622027643172	1.29822759081303e-05	-0.000127639751735041	-1.20324141059015e-05	8.58114073423855e-10	0.000189488937714282	1.09153925132331e-05	-0.000178573545201049
0.00767730044764493	0.000127837121783655	0.040817999113225	0.0363125592337657	-0.00450543987945927	0.000229782367820772	6.95033476855382e-08	0.0139348017466904	0.0134700347171186	-0.000464767029571763
0.00838864604696551	0.000123964103859517	0.0516980795088798	0.0353989261780492	-0.0162991533308305	0.000225339455947249	5.57324823182908e-08	0.0155519768294338	0.00981956963774827	-0.00573240719168557
0.00783661968240131	0.000106952738944023	0.0370335234354283	0.0224371039046542	-0.0145964195307741	0.000210294893049397	4.88096016138416e-08	0.00967467377441859	0.00602232719032328	-0.00365234658409531
0.00944607659284269	0.000166560063343616	0.0717656466312162	0.0659053477972219	-0.00586029883399432	0.000306570545318374	1.02003919236022e-07	0.027957903821436	0.0274879149328974	-0.000469988888538574
0.000275915141015641	-4.50069363053656e-06	0.00014944288882786	0.000131828323228614	-1.76145655992463e-05	1.94855155508221e-05	-2.26453860334805e-09	0.000480683688712799	6.78852965814637e-05	-0.000412798392131336
-0.00110284783910649	-2.58437498241453e-05	0.00242190246631206	0.00427530392150254	0.00185340145519047	-4.68115002795294e-05	-1.73095970098704e-08	0.00362439181281339	0.00485622155899568	0.0012318297461823
0.00787494470623397	0.000129150634688957	0.048649645096	0.0414256699661153	-0.00722397512988469	0.000198835594392912	5.85549337185659e-08	0.0138711841526055	0.0124901431671777	-0.00138104098542778
0.00789561545858381	0.000126596766469137	0.047554420037801	0.0380866198623733	-0.00946780017542768	0.00019757824396066	5.91026657020129e-08	0.013858046128644	0.0122641582434782	-0.00159388788516581
0.00948077202484212	0.000166415198529941	0.0809392500419913	0.0792687280435802	-0.00167052199841114	0.0002913782064242	1.02577025987125e-07	0.0281527678605169	0.0342557213772049	0.00610295351668798
0.0119169330673675	0.00020317082903858	0.0968359410132294	0.0879272193371866	-0.00890872167604284	0.00040334920682633	1.31069582250659e-07	0.0452267266285882	0.0448432933952061	-0.000383433233382101
-0.000670543463407817	-1.41055118186973e-05	0.000851069012499212	0.00123569679329979	0.000384627780800579	-2.83023951241113e-05	-9.41013322527615e-09	0.001170506241828	0.00135326018156214	0.000182753939734148
0.00947557337378871	0.000154832102887297	0.0655800291014712	0.0578258260623277	-0.0077542030391435	0.000350140039873847	1.03847342097199e-07	0.0322432213184287	0.0289513442765497	-0.0032918770418789
0.00887105978544786	0.00013469209571678	0.0545612294157027	0.0400782349194304	-0.0144829944962723	0.000220059065623207	6.37021771542399e-08	0.013946289157774	0.0118662567615861	-0.00208003239618789
0.0104274113438242	0.000171100414080037	0.0824163977214882	0.072380277509782	-0.0100361202117062	0.000460494844534171	1.38639512123219e-07	0.0477996908307128	0.0485043632097599	0.000704672379047068
0.0113550339325026	0.000174990305173153	0.0938508939943223	0.0714159853157836	-0.0224349086785388	0.000285822952832016	7.90283221841525e-08	0.0258159460857301	0.0195443750996555	-0.0062715709860746
0.00985738255363142	0.00015297859260691	0.0624629207592111	0.048741103814922	-0.0137218169442891	0.000319593395048435	7.7363069087337e-08	0.0227094675905818	0.0152548360784002	-0.0074546315121816
0.00917491076731584	0.000150608674411519	0.0714337803035283	0.0588513784137012	-0.0125824018898271	0.000228113348807528	7.14198558223183e-08	0.0210195214048143	0.0196828351781947	-0.00133668622661957
0.0130564026522438	0.000205033345524404	0.0991291205952532	0.0795310485311088	-0.0195980720641444	0.000411551070243599	1.11294622489673e-07	0.0378056490262227	0.0291659784123979	-0.0086396706138248
0.0113679207736846	0.000180218136997544	0.0894703367544258	0.0736090297821192	-0.0158613069723066	0.000336778921292107	8.68139885487774e-08	0.0317229337854727	0.023650065778948	-0.00807286800652475
0.0104960980298535	0.000167125855121158	0.0686941210442194	0.0535906802055323	-0.0151034408386871	0.000325844890916193	1.02795607551127e-07	0.0249756630064417	0.0231271075546634	-0.00184855545177829
0.00831256954141458	0.000135449884468407	0.060390740826626	0.0488286707687527	-0.0115620700578733	0.000177977712128219	5.41950947029056e-08	0.0134729853467173	0.0116128097419083	-0.00186017560480896
0.0116317587625092	0.000186979290437762	0.113290572745187	0.0970322792479235	-0.0162582934972631	0.000363699967443779	1.02328830941786e-07	0.0440470119133217	0.0387989460303408	-0.00524806588298087
0.00982163815671806	0.000146348790605225	0.0639805546154289	0.0444565464608784	-0.0195240081545505	0.000287183764128727	7.07938764232413e-08	0.0186592392006456	0.011461623634773	-0.00719761556587258
0.00805248794776403	0.000122446858457741	0.0433679855184116	0.0309309149072298	-0.0124370706111818	0.00020991471922096	5.98784610416606e-08	0.0123237877429433	0.00942164185453082	-0.00290214588841252
0.0112368427667921	0.000187760965682602	0.0887615366355088	0.0783704845931703	-0.0103910520423385	0.000266705946194819	8.51129656080271e-08	0.0235941827832593	0.0229687923433145	-0.000625390439944775
0.00938449174017558	0.000139057739083767	0.0627418119459471	0.0440900994254972	-0.0186517125204499	0.000267961808894544	7.22247433919002e-08	0.0194453335097876	0.0145000527181405	-0.00494528079164709
0.0114916473337155	0.000178797372449329	0.0858984122364567	0.0684119438059297	-0.017486468430527	0.000409576785836808	1.14765908060022e-07	0.0360755391682506	0.0301278274402098	-0.00594771172804078
0.00852387139109723	0.000149802164185073	0.0621153791400839	0.0596887207454977	-0.00242665839458617	0.000207166944026127	7.26266869065502e-08	0.0168600513161654	0.0196878400208967	0.00282778870473131
0.0100331914153803	0.000168816703218536	0.0704499269131689	0.0630914332166992	-0.00735849369646971	0.000264589335838921	8.84910180570912e-08	0.0189572505639068	0.021028960807761	0.00207171024385419
0.0109928596950869	0.000187573829281851	0.069580821405692	0.0609981950601925	-0.00858262634549951	0.000381146204028994	1.16520096017739e-07	0.0317419344181992	0.0263390748304869	-0.00540285958771234
