LR1_coefficients_null_raster	LR1_coefficients_SES_affluence_C	LR1_R2_null_raster	LR1_R2_SES_affluence_C	LR1_Q_SES_affluence_C	LR2_coefficients_null_raster	LR2_coefficients_SES_affluence_C	LR2_R2_null_raster	LR2_R2_SES_affluence_C	LR2_Q_SES_affluence_C
0.00900567904249643	8.45368789164434	0.0852539411500502	0.0883722667337986	0.00311832558374832	0.000249312213201075	210.491879851362	0.0318336213661083	0.0330984327086641	0.00126481134255587
0.00709261107629482	6.69112554107321	0.0449666710408697	0.0481015568407518	0.00313488579988214	0.000224017770843076	192.06150230196	0.0165605544880432	0.0183948759622187	0.00183432147417552
0.00769847013371499	7.29700609061798	0.0335535666281145	0.035357213810959	0.00180364718284442	0.000196993991523941	177.516753341657	0.00738478822588077	0.00864237328403005	0.00125758505814928
0.0079298758932325	7.48347342578782	0.055084576564951	0.0583094463593036	0.00322486979435264	0.000188869855617948	163.926899481318	0.012215939462694	0.0133745265821252	0.00115858711943125
0.0101198371814072	10.0402939964263	0.06595186519419	0.0762978737392734	0.0103460085450833	0.000253950686140568	248.443762302985	0.0153472086003539	0.0208618470762221	0.00551463847586825
0.0103815247285852	10.0120860696309	0.102746853337434	0.111742890674955	0.008996037337521	0.000359120810372496	324.818443736299	0.0473112432349294	0.0535455191677535	0.00623427593282407
0.00913742416651822	8.56877017894028	0.0841101821855359	0.0884791191564936	0.00436893697095773	0.000246866085276892	207.772229478061	0.0239262214007748	0.0253211322791723	0.00139491087839745
0.00542119302342565	5.06165885006139	0.0269398561823459	0.028079439975485	0.00113958379313908	0.00017305460116603	149.095170753986	0.0112881689540197	0.0122819601572067	0.000993791203187043
0.01539722801696	14.5879911160977	0.165467990766538	0.172802799338632	0.00733480857209365	0.000652824867390547	596.76181700352	0.0927988747130182	0.103758723531049	0.010959848818031
0.010737504343198	10.3306676695313	0.0585023553875123	0.0638441377293152	0.00534178234180289	0.000323571059226193	298.565021105257	0.0190144301448975	0.0225692643754375	0.00355483423053998
0.00549878992216957	5.47879816123439	0.0245849513592039	0.0287438472824085	0.0041588959232046	9.87359729298432e-05	97.585330478633	0.00381890307275877	0.00525310318809997	0.0014342001153412
0.0115261337160456	10.8362766076825	0.122926690580589	0.124742533691808	0.0018158431112193	0.000367525632975245	330.078264282031	0.055723259915491	0.0606087541355345	0.00488549422004348
0.0127863386901262	11.990450824294	0.0995359562127789	0.105250380877635	0.00571442466485589	0.000457433698441386	384.948708572415	0.0457991643310933	0.0482051297584633	0.00240596542737005
0.0100008336131982	9.3408538376252	0.0844613490272275	0.086835869781036	0.00237452075380849	0.000288374849994646	242.319490263738	0.0317780312418189	0.0324916647000377	0.000713633458218746
0.0111541222942896	10.6372836521375	0.0743417296413102	0.0802629401545423	0.00592121051323205	0.000322477723366209	281.264629681671	0.0241370622302761	0.0270226121047941	0.00288554987451804
0.000783351558969244	0.759392396075999	0.00116282351688106	0.00124563951992876	8.2816003047693e-05	2.18234724131565e-05	16.3682232715947	0.000695173986111855	0.00054122801480936	-0.000153945971302495
0.00877267361114184	8.4357998456075	0.0556724246546388	0.0612771147242498	0.00560469006961094	0.00025601475533184	222.070740315716	0.0159534394381643	0.0173974978194026	0.00144405838123829
0.0115574832127823	10.7386597281086	0.0953785462426279	0.0977131367152855	0.00233459047265755	0.00039216720633382	334.269264172855	0.0410470455932175	0.0428691432087857	0.00182209761556822
0.00874457227931466	8.31278639724764	0.0616370359087082	0.0660809185608474	0.00444388265213923	0.000220282374965409	194.508460917909	0.0155137885765447	0.0177271700306528	0.00221338145410812
0.0138010025868565	12.8733365429439	0.120164968680673	0.123479248541898	0.00331427986122582	0.000457240538488876	404.600877969086	0.04707667355608	0.0516040456755053	0.00452737211942532
0.00732603451696526	7.33431512545697	0.0340578194716023	0.0399687651691477	0.0059109456975454	0.000175454073976617	172.908014354938	0.00651692443953273	0.00892786509852607	0.00241094065899335
0.00923983757470773	8.87179541895685	0.0731552822760087	0.0812963648277899	0.0081410825517812	0.000233236234231444	219.849163888016	0.019593422121112	0.0252132330190854	0.00561981089797334
0.0115298829587093	10.9276236776147	0.0967952936282223	0.101866259326112	0.00507096569788927	0.000384205908874961	337.527522473704	0.0463471263200099	0.0500962955777228	0.00374916925771285
0.00950378985738997	9.05806602552142	0.0647233213387936	0.0689589811062327	0.00423565976743903	0.000274852080694606	236.595840022048	0.0200303267275124	0.0214229479673588	0.00139262123984641
0.00808775639550999	7.70730009528117	0.0471747793510105	0.050929003754478	0.00375422440346752	0.000191334587806279	167.081651737377	0.0106573660685388	0.0119698116111895	0.00131244554265062
0.000172055566317573	0.215219668898421	6.44512320803755e-05	0.000111814345562458	4.73631134820826e-05	1.4544014468291e-05	13.2347326916526	0.000322030739924693	0.000349226216321245	2.71954763965523e-05
0.0122532806180355	11.7395162705467	0.0869044944489116	0.0933592718835608	0.00645477743464923	0.000435726434191198	394.071796613764	0.0347461497206748	0.0400505809966819	0.00530443127600704
0.00781442047339453	7.30610635909644	0.053647509824598	0.0559946733919973	0.00234716356739927	0.00025341847669129	221.978595638114	0.0177349223897723	0.0199636961603113	0.00222877377053907
0.0111382179985864	10.1351692522538	0.0855927492099293	0.0844122902875751	-0.00118045892235413	0.000398066197785136	341.223892254027	0.0389847628601244	0.0406175438460588	0.00163278098593437
0.0096871422586595	8.93124529244554	0.0769642420850322	0.0790351912452564	0.00207094916022423	0.000292557275413538	253.792098846331	0.0298198109218206	0.0335903529365666	0.00377054201474607
0.00967355187011707	8.73025808754985	0.0628763232484028	0.059938979252297	-0.00293734399610585	0.000310857428258632	253.343952520745	0.0232677252495418	0.0223926128440087	-0.00087511240553309
0.00907980251524384	8.58525705333774	0.0517536296777454	0.0558558689267262	0.00410223924898074	0.000214756229448185	187.630970851548	0.0113994995185511	0.0130240272508868	0.00162452773233578
0.0113843060549225	10.7596860278004	0.0933118304352608	0.099107747018069	0.0057959165828081	0.000424943661941255	364.832084906373	0.0477283033619184	0.0508062443146877	0.00307794095276927
0.00978050094496967	9.48040928251756	0.0695302223449934	0.0770713308311376	0.00754110848614423	0.000239373227480533	225.064934861737	0.017515453111449	0.0213812432052708	0.00386579009382178
0.00678519885948498	6.74260145083885	0.0372620822555771	0.0433290298105237	0.00606694755494665	0.000152564892776077	135.35946784115	0.00795040119972657	0.00898282388103102	0.00103242268130445
0.0127286359851017	12.0771068381241	0.133783123697302	0.143257250480843	0.00947412678354123	0.000502926505743407	438.958704541916	0.0697977744779401	0.0775489581137338	0.00775118363579362
0.0112602270594974	10.3328711233452	0.086547636544227	0.087613548961748	0.00106591241752106	0.00037216666430003	315.80697652374	0.0333561130844231	0.0354909450859386	0.00213483200151549
0.00856683643327433	8.29112070403978	0.0538787002476506	0.0596320366300838	0.00575333638243322	0.000245326010949206	228.067960167555	0.0189437792232228	0.0226931289072275	0.00374934968400464
0.0136006381239392	12.4128890772451	0.10018124424252	0.100048294930674	-0.000132949311845668	0.00042308037735539	340.733369484959	0.0369190169278085	0.0369379992872126	1.8982359404153e-05
0.0122864417672659	11.0895378478006	0.094712685802353	0.09245159168484	-0.00226109411751299	0.000500757267812108	410.514911219491	0.0506886843828041	0.0510947667716174	0.000406082388813227
0.010898687134436	10.410226315687	0.0995825312907245	0.1073984585301	0.00781592723937524	0.000348666586329737	317.442464707655	0.0463574759402492	0.0533203287001301	0.00696285275988091
-0.000533065071626186	-0.52435830672736	0.000477026870193344	0.000521583949716872	4.45570795235278e-05	-3.15358285608135e-05	-26.5607713590205	0.00119088848766585	0.00113131059538613	-5.95778922797257e-05
0.00946293148923709	9.0998213705867	0.0633454303610236	0.0698154585492973	0.00647002818827369	0.000340765876440199	292.078880040214	0.0295064694750335	0.0324817608873955	0.00297529141236201
0.0100492005824731	9.50893498169494	0.0681280239122392	0.0710097884536472	0.00288176454140798	0.000386023889704748	325.762499096875	0.0339833893386279	0.0341994733746447	0.000216084036016827
-0.00197102728477867	-1.84891202410815	0.00822042065503412	0.00828335235567939	6.29317006452662e-05	-8.51260250892255e-05	-72.7757576458839	0.0112103974736272	0.0115145802883772	0.000304182814749993
0.0135670651978163	12.6204632282786	0.117961124199371	0.122346968847084	0.00438584464771233	0.000486468128671655	432.465558940411	0.0491684230916519	0.0557822846850263	0.00661386159337439
0.0112430934604722	10.4872254571411	0.0872885800098165	0.0893550252189945	0.00206644520917799	0.000302239388248344	260.760144000748	0.0270583639543293	0.0281705787657405	0.00111221481141122
-0.00216576252817825	-1.974355552552	0.00817952313914375	0.00784323610571892	-0.000336287033424832	-8.80239484732593e-05	-74.7483248745037	0.00927595582557812	0.00936143476173078	8.54789361526605e-05
0.00775422200172493	7.2213540889109	0.0543487694729445	0.0550979942977524	0.000749224824807881	0.000193444000632052	172.328355935107	0.0146810390823555	0.0160772784206286	0.00139623933827318
0.0116219757620537	11.0984525133561	0.0844004294624659	0.089401861572019	0.00500143210955309	0.000323274684712628	294.231373395594	0.0240845405256576	0.027392308963371	0.00330776843771343
0.0084593401870678	7.97434529661816	0.0460409353771091	0.0487100567475024	0.00266912137039327	0.000208135311045554	187.620813442179	0.0114565359884936	0.0133472268005365	0.00189069081204289
-4.35861404800432e-05	-0.0937238651189408	4.26166840343076e-06	2.2394416351688e-05	1.81327479482572e-05	1.47725903942945e-05	11.5464756269871	0.000336293469163889	0.000283403234843924	-5.28902343199647e-05
0.00982171171265964	9.38827254803199	0.07880811650395	0.0843807628058793	0.00557264630192936	0.000261062790642795	233.935471133597	0.0241705229799365	0.0274691790552353	0.00329865607529881
-0.00163364391984651	-1.5148516027736	0.00490303054087387	0.0047792489817865	-0.000123781559087367	-4.56264716292817e-05	-37.6765102609906	0.00301483572468682	0.00284549075162174	-0.000169344973065084
0.0117048524787198	11.0172551347825	0.09540810379438	0.0978561312545424	0.00244802746016236	0.000373174415687887	336.908395056413	0.0356751825341114	0.0396111940837029	0.00393601154959146
0.00689569550109653	6.62672396834373	0.0488588018341763	0.0532199095869503	0.00436110775277404	0.000191880076784807	172.934900519014	0.0165584357286513	0.019209313139548	0.00265087741089673
-0.000673382319759763	-0.658025486504769	0.000944978741994723	0.00100758557102876	6.26068290340401e-05	-2.91315011061923e-05	-26.6550841035528	0.0013804974413025	0.00156662617827737	0.000186128736974869
0.00852478298317885	8.17585884620466	0.0587776932428248	0.0639316063358054	0.00515391309298062	0.000213048441929108	194.472360610791	0.0168122602124338	0.0197971175180991	0.00298485730566526
0.0102723898713271	10.0951791030607	0.0867860237934003	0.0983808536788931	0.0115948298854929	0.000326765645925349	297.156773432657	0.034655377016708	0.0408494107514314	0.00619403373472344
0.0075958867873294	7.44592322152149	0.0368960110609676	0.0409137744657018	0.00401776340473423	0.000167150317034703	165.178952847393	0.00757998803163474	0.0097244758450342	0.00214448781339946
0.00757641189795046	7.30540411341822	0.0576792046257643	0.0618937755357429	0.00421457090997866	0.000197152529062449	179.538145137704	0.0169444898447681	0.0192579382911491	0.00231344844638099
0.0120022102160223	11.118232485292	0.13647168159863	0.13466554648172	-0.00180613511690955	0.000431928691262112	367.953161636022	0.068651891756655	0.0682877592090582	-0.000364132547596804
0.00860093165090527	8.34863886409186	0.0550784429202031	0.0606094719216319	0.0055310290014288	0.000227958815712676	205.732841035277	0.0139319492248791	0.0161177870189918	0.00218583779411276
0.0107931362920628	10.4008770030233	0.0775319511985372	0.081890499667163	0.00435854846862585	0.000402435646075989	360.553639902263	0.0386282855468616	0.041281726967393	0.00265344142053135
0.00866971465400798	8.023938557135	0.0654148682882418	0.0656694031076069	0.000254534819365146	0.000247706955476418	210.627527838412	0.0222113172713078	0.0225990632858026	0.000387746014494855
0.0113523767380482	10.5155877836158	0.104590163212359	0.10823785672718	0.003647693514821	0.000381898623327539	329.46490604084	0.0440358515269514	0.0487632221132991	0.00472737058634772
0.0133067999295546	12.5169370366523	0.104153225279824	0.10999912385426	0.00584589857443596	0.0003699176493341	328.082359611972	0.0295193985109679	0.0340069156383848	0.00448751712741691
0.0127603575871535	12.2202494011854	0.101462128572555	0.109233512706219	0.00777138413366475	0.000419037646606194	366.340431204513	0.034451176777464	0.0385634181394967	0.00411224136203261
0.00907263960735413	8.52325780848545	0.0667887849248546	0.0688345888426653	0.00204580391781063	0.000242134026821809	212.047677227204	0.0200018973633534	0.0211736810265717	0.00117178366321838
-0.000269567094868039	-0.335162089959238	0.000140622027643172	0.000250411038527439	0.000109789010884268	-1.20324141059015e-05	-13.6347864150498	0.000189488937714282	0.000342707072911788	0.000153218135197506
0.00767730044764493	7.27858383803285	0.040817999113225	0.0433088111313834	0.0024908120181584	0.000229782367820772	202.240596544347	0.0139348017466904	0.0156638877283012	0.00172908598161079
0.00838864604696551	8.05568090075387	0.0516980795088798	0.0555076803324395	0.00380960082355975	0.000225339455947249	200.846835848892	0.0155519768294338	0.0174319246904346	0.00187994786100077
0.00783661968240131	7.61658055666511	0.0370335234354283	0.0411130026965008	0.00407947926107247	0.000210294893049397	194.941249685444	0.00967467377441859	0.0115026397279146	0.00182796595349605
0.00944607659284269	9.02905477154208	0.0717656466312162	0.076609975098324	0.00484432846710775	0.000306570545318374	285.497051498513	0.027957903821436	0.0320531249302569	0.0040952211088209
0.000275915141015641	0.267826785655865	0.00014944288882786	0.000159613165351345	1.01702765234847e-05	1.94855155508221e-05	15.1845561410426	0.000480683688712799	0.00040152283568024	-7.91608530325589e-05
-0.00110284783910649	-0.907985366014997	0.00242190246631206	0.0018896029625595	-0.000532299503752567	-4.68115002795294e-05	-36.3339311696194	0.00362439181281339	0.00307212023624813	-0.000552271576565255
0.00787494470623397	7.79131975158826	0.048649645096	0.0562179119443025	0.0075682668483025	0.000198835594392912	188.079007207649	0.0138711841526055	0.0172511599941866	0.00337997584158106
0.00789561545858381	7.45763578172706	0.047554420037801	0.0506816610840732	0.00312724104627212	0.00019757824396066	182.305124537999	0.013858046128644	0.0166729718375662	0.0028149257089222
0.00948077202484212	8.85232280418237	0.0809392500419913	0.0831414444737035	0.00220219443171218	0.0002913782064242	254.194203485077	0.0281527678605169	0.0305984104926251	0.0024456426321082
0.0119169330673675	11.2458836230073	0.0968359410132294	0.10189331056432	0.0050573695510905	0.00040334920682633	354.897187578301	0.0452267266285882	0.0493572427633879	0.00413051613479976
-0.000670543463407817	-0.56842950031789	0.000851069012499212	0.00069317251904383	-0.000157896493455382	-2.83023951241113e-05	-24.2041423564029	0.001170506241828	0.00116887735537211	-1.62888645588552e-06
0.00947557337378871	8.71853378541898	0.0655800291014712	0.0654740929701434	-0.000105936131327783	0.000350140039873847	286.448118841501	0.0322432213184287	0.0318590012825934	-0.000384220035835263
0.00887105978544786	8.92525005462789	0.0545612294157027	0.0648298949194342	0.0102686655037315	0.000220059065623207	218.936904123614	0.013946289157774	0.0189022243238738	0.00495593516609986
0.0104274113438242	9.87590490603467	0.0824163977214882	0.0883624516263561	0.00594605390486787	0.000460494844534171	386.62941736046	0.0477996908307128	0.0507734811912039	0.00297379036049108
0.0113550339325026	10.9296507518275	0.0938508939943223	0.101825984427765	0.00797509043344317	0.000285822952832016	267.642259632779	0.0258159460857301	0.0313190227631682	0.00550307667743806
0.00985738255363142	9.22825240173342	0.0624629207592111	0.0635245542799161	0.00106163352070492	0.000319593395048435	282.209615724146	0.0227094675905818	0.024550013677551	0.0018405460869692
0.00917491076731584	8.91565937296791	0.0714337803035283	0.0784267784905857	0.00699299818705741	0.000228113348807528	215.925655171239	0.0210195214048143	0.0248769991934449	0.00385747778863058
0.0130564026522438	12.4737490138999	0.0991291205952532	0.107279638097545	0.00815051750229157	0.000411551070243599	366.10584456184	0.0378056490262227	0.0430704357998784	0.00526478677365576
0.0113679207736846	10.764303900929	0.0894703367544258	0.094187783125499	0.00471744637107323	0.000336778921292107	302.020448334585	0.0317229337854727	0.0358593351746463	0.00413640138917358
0.0104960980298535	9.94976797107554	0.0686941210442194	0.0728175922144143	0.00412347117019489	0.000325844890916193	282.710112645535	0.0249756630064417	0.027310333292025	0.00233467028558325
0.00831256954141458	7.96107692145555	0.060390740826626	0.0654616266930393	0.00507088586641327	0.000177977712128219	163.17071300326	0.0134729853467173	0.0158055645161393	0.00233257916942199
0.0116317587625092	10.9204567917352	0.113290572745187	0.11763526063434	0.00434468788915356	0.000363699967443779	309.806050126773	0.0440470119133217	0.0464782528696207	0.00243124095629903
0.00982163815671806	9.37134992491698	0.0639805546154289	0.068903307357001	0.00492275274157207	0.000287183764128727	264.778231694067	0.0186592392006456	0.0225129756390707	0.0038537364384251
0.00805248794776403	7.97787975136864	0.0433679855184116	0.0497308791629613	0.00636289364454967	0.00020991471922096	199.988412340186	0.0123237877429433	0.0154787503280946	0.00315496258515125
0.0112368427667921	10.8491622411575	0.0887615366355088	0.0963845905236208	0.00762305388811195	0.000266705946194819	252.633283201689	0.0235941827832593	0.0283345312370024	0.00474034845374308
0.00938449174017558	8.86978867432821	0.0627418119459471	0.0672033403521009	0.0044615284061538	0.000267961808894544	231.214573850894	0.0194453335097876	0.0216459683586102	0.00220063484882257
0.0114916473337155	11.0609483435129	0.0858984122364567	0.0929474080338942	0.00704899579743745	0.000409576785836808	375.34163414352	0.0360755391682506	0.0418973778893081	0.00582183872105747
0.00852387139109723	8.1175857817964	0.0621153791400839	0.0669684925152044	0.00485311337512057	0.000207166944026127	190.129619549945	0.0168600513161654	0.0199574255210905	0.00309737420492513
0.0100331914153803	9.3654846719148	0.0704499269131689	0.072465901785012	0.00201597487184317	0.000264589335838921	236.02604675589	0.0189572505639068	0.0210160008536748	0.00205875028976798
0.0109928596950869	10.3355732871025	0.069580821405692	0.0717633413582408	0.00218251995254881	0.000381146204028994	337.020263725956	0.0317419344181992	0.0341952320091385	0.00245329759093927
