LR1_coefficients_null_raster	LR1_coefficients_SES_affluence_C	LR1_R2_null_raster	LR1_R2_SES_affluence_C	LR1_Q_SES_affluence_C	LR2_coefficients_null_raster	LR2_coefficients_SES_affluence_C	LR2_R2_null_raster	LR2_R2_SES_affluence_C	LR2_Q_SES_affluence_C
0.0051558864384021	0.0335344397664524	0.04849073608163	0.0434142682176656	-0.00507646786396433	0.000169700186984084	0.00718731779725442	0.0322709126953177	0.0263119787851009	-0.0059589339102168
0.00413505003969747	0.0292165830680956	0.0358432668669227	0.0404247257510982	0.00458145888417553	0.00014553960025195	0.00786622981761576	0.0201623103622211	0.0252286368204307	0.00506632645820956
0.00458595065211012	0.0387375628836405	0.0319195396424104	0.0422306252241683	0.010311085581758	0.0001086198540589	0.00950651627661839	0.00830693781726387	0.0196491364120936	0.0113421985948298
0.0154680570404742	0.124959347335544	0.13565921441336	0.197293619658568	0.0616344052452077	0.000733814924840671	0.0557942690628336	0.0584117744420475	0.133987144446103	0.0755753700040558
0.0113555668013313	0.0785981912209115	0.0844124305056045	0.0984281790189596	0.014015748513355	0.000177349161578829	0.0102240327197751	0.00931996494188284	0.0161738629299688	0.00685389798808598
0.0076487552557048	0.0614286032877678	0.120360722487833	0.142896030551976	0.0225353080641431	0.000198255899740517	0.0134362526866643	0.0360548191157569	0.0517014554499868	0.0156466363342299
0.00382896958392575	0.0266151699963109	0.0477366784295935	0.0495655338920398	0.00182885546244627	6.65956151782154e-05	0.00301468179765567	0.00798961752856393	0.00744043054735273	-0.000549186981211202
0.00288183107499193	0.0193830852855117	0.00916089311653867	0.0106956467109381	0.00153475359439942	9.36918997048084e-05	0.00304749041549643	0.00403202813594716	0.00279596025456755	-0.00123606788137961
0.00853588527459424	0.054756559690089	0.119245291886279	0.123785971354103	0.00454067946782402	0.000369507292701265	0.0218766073975369	0.0795923102168081	0.11718446825788	0.0375921580410717
0.00287870581709669	0.0171479161919633	0.00508689017407037	0.00394821269334192	-0.00113867748072845	6.5200352555519e-05	0.00368136296271232	0.000779003072207199	0.000940800795940865	0.000161797723733665
0.00549769314583212	0.0543505704950429	0.0140121552218264	0.0280308506465452	0.0140186954247188	6.99647457647007e-05	0.00727233325835295	0.0011989701056691	0.00467746720778998	0.00347849710212087
0.00471930663429093	0.0351979394096202	0.0286166917016912	0.035712597359388	0.00709590565769687	4.21768506557291e-05	0.00445831360984266	0.000934225944702255	0.00370424219545127	0.00277001625074902
0.0170866088233274	0.111464601031303	0.136109947643521	0.186699226646779	0.0505892790032583	0.00102470045022148	0.0418985288372314	0.0751991666425676	0.141460366450932	0.0662611998083644
0.0117537704043814	0.08134631023002	0.146909441226174	0.173622112269085	0.0267126710429101	0.000383298356036875	0.0191786592560655	0.0645047012872479	0.0907362056342068	0.026231504346959
0.0109721888216614	0.0851973422296828	0.0915570662360138	0.115116991049804	0.0235599248137898	0.000294705608379982	0.0174643206541635	0.0416755366530223	0.0569024332813438	0.0152268966283215
-0.00215353078275995	-0.00977217312584657	0.00897924199481146	0.00322797222646186	-0.0057512697683496	-0.000104528065904928	-0.00423734961187181	0.014429446053707	0.00753451787025281	-0.00689492818345423
0.00326397480946805	0.0225706573410043	0.0153142690525169	0.0160260198340691	0.000711750781552193	1.76808229770002e-05	0.00146162150767319	0.000238438814778676	0.000696646995738872	0.000458208180960196
0.00797009673121525	0.0539002530936015	0.107707909940843	0.10481207867534	-0.00289583126550291	0.000245091863235513	0.0120651932761257	0.0416400326710776	0.0424498431874988	0.000809810516421219
0.0046739075714382	0.0386857527709507	0.0294098929755889	0.0400409832859413	0.0106310903103524	5.9305462468174e-05	0.00570073424952822	0.0016619953927578	0.00545632989343415	0.00379433450067635
0.0106230133218402	0.0659467691964549	0.0671533338645169	0.0670871851440362	-6.61487204807049e-05	0.000391280866981243	0.0141204486251195	0.0255795240232217	0.023138439534065	-0.00244108448915677
0.00388689459422557	0.0394592689710337	0.0118593146108175	0.0244165405824756	0.0125572259716581	1.62145605526373e-06	0.0053402256859991	7.50771867084878e-07	0.00274058567687835	0.00273983490501126
0.0109263980795533	0.0738839005124092	0.11478219267572	0.106053287921596	-0.00872890475412412	0.000450619733616713	0.0207677432605927	0.0652376152051968	0.0535365571609232	-0.0117010580442736
0.0210717901205201	0.140987953839734	0.234140917304648	0.222729448257225	-0.0114114690474228	0.00134219363116336	0.0637099650477462	0.219805025055193	0.207790086806657	-0.0120149382485368
0.0174028401373578	0.130900702700317	0.14314917939943	0.154347258178769	0.0111980787793388	0.000913658392658771	0.052254672417952	0.111838391043642	0.115306515469532	0.00346812442588983
0.00549342835603307	0.0397979830315823	0.0394412867968571	0.0453177054067326	0.00587641860987555	0.000126521672749895	0.007595363164295	0.00964513825361659	0.0149023289701452	0.00525719071652865
0.00159301270371479	0.00882780590506433	0.0046785173781627	0.00236097830018184	-0.00231753907798085	0.000124129983621256	0.00546005753410735	0.0133546562895282	0.00866714735432923	-0.00468750893519897
0.00998535163003447	0.0609370151720372	0.103180289308427	0.091872316956394	-0.0113079723520325	0.000376914936122533	0.0160312845145925	0.0406858433499155	0.0379343595170986	-0.00275148383281698
0.00571325681624664	0.0484270235072712	0.0403354979713395	0.0638786698246212	0.0235431718532818	0.000203548625392628	0.016893316228068	0.0160289015113375	0.0471228713218581	0.0310939698105205
0.0103901126691383	0.0760506751459651	0.125042195841609	0.11540463821959	-0.00963755762201905	0.000609660609786548	0.0312179054129998	0.0668926324697673	0.0608140158588368	-0.00607861661093049
0.0145159984359194	0.10901770164886	0.15935930162544	0.221876194958533	0.0625168933330927	0.000351330113404573	0.0366910559215534	0.0272354426908297	0.110939673618427	0.0837042309275975
0.0176679286216255	0.0946675002029207	0.099852417037274	0.0846081634129656	-0.0152442536243084	0.00218691535500648	0.051114405922508	0.0809889387181993	0.0482017739129665	-0.0327871648052329
0.00287253132552856	0.0238229036870544	0.0160381612314213	0.0224830882010851	0.00644492696966375	9.61436976122705e-05	0.00563894362718305	0.00876926352813743	0.0121166226603657	0.00334735913222824
0.00392361464158106	0.0309449627298779	0.0222307628695972	0.0299092727751499	0.00767850990555273	0.00012734460868795	0.0066303288996443	0.015254496301015	0.0179639616898417	0.00270946538882667
0.0134211479396794	0.103009139576044	0.1207549263944	0.15851793128423	0.0377630048898299	0.000454685312681681	0.0269628972101812	0.0610964154818566	0.0935006956842985	0.0324042802024419
0.0144019952786538	0.104385236352931	0.0811044457869707	0.0988887779567926	0.0177843321698219	0.000305774498326309	0.0250828984946758	0.0119163232277667	0.0293802174989492	0.0174638942711824
0.00800137197741126	0.0648250841722532	0.0910687416180943	0.106393329978398	0.0153245883603039	0.00027268917370026	0.0195234096837147	0.0498629900273454	0.0710272717431431	0.0211642817157976
0.00938218602977928	0.0689620112908863	0.10676090480526	0.113249750938992	0.00648884613373182	0.00039685662446614	0.0203601309171677	0.0914462329857083	0.097822602222915	0.00637636923720675
0.00341777219713435	0.0263615746706539	0.0390021110170906	0.0400220610832918	0.00101995006620125	2.97565167867292e-05	0.00147391871241667	0.00142262304345827	0.000964817264410028	-0.000457805779048239
0.00733310685956161	0.0665074655676721	0.0273926150472636	0.0524562602541169	0.0250636452068533	0.000186493619025557	0.0222385509980163	0.00328562748764304	0.0209316940712484	0.0176460665836054
0.00966427814904749	0.070763487172051	0.198860845494784	0.224241424587864	0.0253805790930795	0.000407384363798436	0.0244489294512193	0.155081246289432	0.183053088197029	0.0279718419075963
0.0107761311670258	0.0693858011082888	0.0537786151135852	0.0490933109529168	-0.00468530416066842	0.000344820317204087	0.0157645953462187	0.0163342619141792	0.0163804258859666	4.61639717874197e-05
-0.000158922769380857	0.00117572692554535	0.000106951358049207	0.000121327470491506	1.43761124422996e-05	3.02293613269832e-05	0.00206625958566293	0.002875166588426	0.00607810908426248	0.00320294249583648
0.00663073637595228	0.054271418060729	0.0238514915213234	0.0307936204353562	0.00694212891403284	0.000216400985445001	0.013432582939825	0.0134087095085047	0.0163004997096393	0.00289179020113461
0.0100994466383583	0.0704452238665352	0.0561967242102527	0.0636486958330406	0.00745197162278791	0.000191581552376804	0.0121252087295197	0.00669593895932965	0.011637063808554	0.0049411248492244
-0.000772085964123996	-0.00653218331456019	0.00317794478235108	0.00394189509674596	0.00076395031439488	-4.90259935867915e-05	-0.00299044021398663	0.0101053780080106	0.0132038708308903	0.00309849282287967
0.0144971781257602	0.11098922075659	0.255985423436336	0.295893809199646	0.0399083857633103	0.00069041726669692	0.041459520208883	0.188797329938242	0.236638152057791	0.0478408221195486
0.0123268770698346	0.086003513607354	0.0788299778984355	0.073505427827502	-0.00532455007093351	0.00021581906241389	0.0130106566082382	0.00845488821043189	0.0102761402848691	0.00182125207443719
-0.000865857122069752	-0.00656598562966409	0.00574866481494992	0.00561808436940021	-0.00013058044554971	-5.56668795327862e-05	-0.00290369649023296	0.0145457202259838	0.0148942186285737	0.000348498402589952
0.00307627850657899	0.025545579450908	0.0139020253885226	0.0198231358165688	0.00592111042804624	6.57526924825383e-05	0.00523749594623996	0.00191556483444011	0.00486073126468025	0.00294516643024013
0.00736079812290837	0.0626852038966887	0.0563278616028515	0.0910489722308115	0.03472111062796	0.000139067789101877	0.0157096722765149	0.00695342851718382	0.0299752697924285	0.0230218412752447
0.0123447890057339	0.0960482451474841	0.0830464961799344	0.107284931873249	0.0242384356933144	0.000386920552320318	0.0298414449242426	0.0226641252975035	0.0460013538375993	0.0233372285400958
0.00164473002755727	0.017003293394657	0.00928340086756818	0.0180462830322119	0.00876288216464374	8.13624783070902e-05	0.00610909504981431	0.0151667403593754	0.032281686934916	0.0171149465755406
0.00735587990914544	0.0623859305749384	0.058916673236518	0.0960213794504054	0.0371047062138874	0.000146444425940073	0.0144613256491004	0.00453882936408895	0.0189256010977356	0.0143867717336467
0.000384905333094285	0.0144166350611386	0.000272431556077113	0.00774115624004252	0.0074687246839654	-8.99269894219305e-07	0.00282081161685798	1.07434036580592e-06	0.00474692450311593	0.00474585016275012
0.0167365231931431	0.113468521108432	0.132668804936689	0.142013091709797	0.00934428677310767	0.000723390388966401	0.0436111751209473	0.0871987636436138	0.126965295950668	0.0397665323070543
0.00577472508259989	0.0483985099708256	0.0554745582812586	0.0886239411143205	0.0331493828330619	0.000112081190535608	0.00885842828185526	0.00756118361618441	0.0219554290062931	0.0143942453901087
-0.00556157750309707	-0.0309325946824671	0.0444584013649618	0.0222763077134837	-0.0221820936514781	-0.000150433414637383	-0.00394340570604555	0.0211634985373243	0.00492477007816382	-0.0162387284591605
0.0043894976091537	0.0373449295051199	0.0449142907373485	0.0684857381668032	0.0235714474294547	0.000124831987130865	0.00809458346203932	0.0198507779684084	0.0335883175259046	0.0137375395574962
0.00763104779688144	0.0484410295122853	0.070278023723816	0.0596504079307505	-0.0106276157930655	0.000229787413223559	0.0111114680911457	0.024680207235491	0.0238960142156005	-0.000784193019890508
0.010181870641866	0.0937069241710307	0.045977355730307	0.0639438994189712	0.0179665436886642	0.000140656398045782	0.0120017866486822	0.00293421339671743	0.00601924417150219	0.00308503077478476
0.00327873087747418	0.0262012831688184	0.0135423629103861	0.0170653508600842	0.00352298794969806	3.14212198378378e-05	0.00212680798968752	0.000697802881507387	0.0012700342428793	0.000572231361371908
0.010540133210797	0.0952383527709407	0.0745940617526255	0.115995099630282	0.0414010378776564	0.000244744367147171	0.0246790703428519	0.0142327079365221	0.0451157705278882	0.0308830625913661
0.00461701310521378	0.0298158548864527	0.0402354142013371	0.0363082476206279	-0.00392716658070923	0.000135054100320788	0.00574975840907114	0.0203853200240702	0.0177267511489727	-0.00265856887509755
0.00616370748634561	0.0432060314334879	0.0522406960702326	0.052877903947132	0.000637207876899422	0.000239033573929274	0.012853179069474	0.0357276326324538	0.0376849488533422	0.00195731622088838
0.00567393900571525	0.0530773216421131	0.0354876401646939	0.064375245437092	0.0288876052723981	2.40620721172536e-05	0.00636137539175401	0.000143964563235162	0.00425475113076649	0.00411078656753133
0.0112671904049959	0.0779955363708253	0.0969805883316075	0.100210618330902	0.00323002999929481	0.000444349595318281	0.0249222730644436	0.0629395406875884	0.0767100411914278	0.0137705005038393
0.0215110402335543	0.143918546136297	0.218822757509591	0.227473213538929	0.00865045602933867	0.00121656013602891	0.0709013459176335	0.0963421486047547	0.140919883460747	0.0445777348559923
0.0229216359186075	0.180259143052844	0.153570281056721	0.234306819197971	0.0807365381412495	0.000710462516559432	0.0607052826334311	0.0475014099242954	0.14833437322623	0.100832963301935
0.00746481502604517	0.0681642838414997	0.0318546480630525	0.0520805454776334	0.0202258974145809	5.71562333456263e-05	0.00608985032925044	0.000894319930341731	0.00369929354627331	0.00280497361593157
0.000439472564488189	0.00531069442554746	0.000579448339171964	0.00153922510289989	0.000959776763727925	8.27091305743052e-06	0.00131636574425026	0.000149155873575245	0.00139718770622344	0.00124803183264819
0.015435575433432	0.125303109687404	0.0735189594806134	0.0888652783238597	0.0153463188432463	0.000785969540054635	0.0608185602599211	0.0211898194229381	0.0340236518355735	0.0128338324126353
0.016048778133906	0.121588625921735	0.0425505947893061	0.0626931164926638	0.0201425217033578	0.00117131129856963	0.0683486709148475	0.0145403052256149	0.0334551352348242	0.0189148300092093
0.0124400879175335	0.0951456449882646	0.10099023284472	0.130572450792278	0.029582217947558	0.000550596933738167	0.0375363759777609	0.0377055705051242	0.0698943291123165	0.0321887586071922
0.00556641303172195	0.0411991633906863	0.0651746562701362	0.0680168379103949	0.00284218164025865	0.000192602667972869	0.0107677363754918	0.0349855822001605	0.0388492454251635	0.00386366322500303
-0.000230272340257013	0.00353640576557139	0.000114414723808186	0.000455475218366503	0.000341060494558317	-1.69533288174172e-05	0.000954307714203233	0.000402429434610527	0.00042310378023407	2.06743456235433e-05
0.00130379018855418	0.0119824403262701	0.00550139450163039	0.00838956602642246	0.00288817152479207	4.35060921783718e-05	0.0023907400497986	0.00553254369961736	0.00652816718719192	0.000995623487574556
0.0108878814380812	0.0621059282517938	0.0970169630823558	0.0765948237036112	-0.0204221393787446	0.000236006437233419	0.00714742985066187	0.023578428008592	0.0139963919903834	-0.00958203601820862
0.00577772377240398	0.0482848969909783	0.0429019356909584	0.0763952111570038	0.0334932754660454	9.57816009705094e-05	0.00800464146823807	0.00545382191751706	0.0221766934415986	0.0167228715240815
0.0098006431182007	0.0697833743315553	0.0912191191635925	0.0883760718598607	-0.00284304730373183	0.000278520039092651	0.013982508544654	0.035727917670731	0.0300323335918785	-0.00569558407885249
0.0051427385640144	0.0359389477211241	0.0186642451047589	0.0188243685916476	0.000160123486888736	4.77123618915413e-05	0.00315292641469414	0.000768111571011227	0.0014185783788453	0.000650466807834076
0.00222240278279344	0.0139794096734217	0.0259214007492711	0.0178955454735281	-0.00802585527574296	0.000119041666044542	0.0042947588825278	0.0501147694029	0.0240175358620243	-0.0260972335408757
0.00915439839668404	0.079533608107451	0.0456814015786036	0.073786563062176	0.0281051614835724	0.000163644742289021	0.0145154404924916	0.0068461863358619	0.0183415413866443	0.0114953550507824
0.0162792139212441	0.128668853692776	0.125277023866027	0.141118228128101	0.0158412042620743	0.00089620787284429	0.053832981380582	0.102806640329401	0.112968649638099	0.010162009308698
0.0132249864949163	0.0951606030461401	0.17298389751462	0.185933916611647	0.0129500190970265	0.000489568024784104	0.0264099297361788	0.103604063536192	0.112931516463468	0.00932745292727657
0.013372996297953	0.0873414651301875	0.0730926774153609	0.0814759346810759	0.00838325726571498	0.000498274666620867	0.0255573695405949	0.0189017565616568	0.029889599362745	0.0109878428010882
0.0113003438828209	0.0788758340524173	0.0815012009121396	0.087226336431772	0.00572513551963247	0.000372846168375588	0.0184098415971516	0.0376191041258898	0.0400511276608286	0.00243202353493877
0.00656601728218298	0.054434120779022	0.0429325274481062	0.0651708245183444	0.0222382970702382	2.1300545573865e-05	0.00757831704844024	0.00017159632212678	0.00759868739403067	0.00742709107190389
0.0173842713685611	0.123107089005992	0.0898921541396488	0.112406913528785	0.0225147593891364	0.00116312515147454	0.0528859287172758	0.0566536841282084	0.0678732150142214	0.0112195308860129
0.00937445295608498	0.0744468486600272	0.0809898913849769	0.128192956954594	0.0472030655696171	0.00029283484820443	0.0191944980730883	0.0273292525496612	0.0600828461550417	0.0327535936053804
0.00780482451904944	0.0541249384750705	0.101199299329192	0.0921546180313697	-0.00904468129782202	0.000314094851202366	0.0161711891026619	0.0756509477506377	0.0664093509645415	-0.00924159678609621
0.010338331906736	0.0863745477540573	0.0993422578956098	0.156424987666809	0.0570827297711996	0.000220574249325815	0.0182088430402596	0.0216138042445626	0.0631694009100443	0.0415555966654817
0.0148294628815211	0.107064884522923	0.118604012541941	0.130988531157835	0.0123845186158947	0.000463379600256701	0.0320446181656717	0.0422246854567096	0.0736968700372336	0.031472184580524
0.00412442650299811	0.0239604905176256	0.0293150958491633	0.021499555941996	-0.00781553990716733	6.39809697492208e-05	0.00186371381324136	0.0049672061835241	0.00187356016160616	-0.00309364602191794
0.0101902152414119	0.0753661746729815	0.114396792365737	0.129983643599113	0.0155868512333768	0.000278318458517104	0.0145488173960678	0.0469716786670021	0.0540988677409005	0.0071271890738984
0.0111616461251926	0.0826833183407892	0.226274922775459	0.272097306653147	0.0458223838776876	0.000302093979410585	0.0178020020400782	0.0778027519038536	0.110596055533063	0.0327933036292097
0.0192494249888648	0.15286783477009	0.124130987284032	0.171643509121036	0.047512521837004	0.000486398762855147	0.0420430912650018	0.0295020101465677	0.079148880045301	0.0496468698987333
0.0141198960385361	0.11934639380621	0.0672748261237927	0.104835502429068	0.0375606763052748	0.000323372227783731	0.0399227124867431	0.00924518225853854	0.0461392439775004	0.0368940617189619
0.0109886467164707	0.0781415094919605	0.0728089659798218	0.0721988020626535	-0.000610163917168283	0.000245320082581946	0.012900815099307	0.0197251050063617	0.0201851448007121	0.000460039794350407
0.00798685161134629	0.0682986040165307	0.04023686592799	0.0551494736732035	0.0149126077452134	0.000100471858686869	0.0102835714622315	0.00259030308199228	0.00754606048240361	0.00495575740041133
0.00877387557157574	0.0487044357186089	0.0390321862328755	0.0269189907522338	-0.0121131954806417	0.000358975803313973	0.0109052663511139	0.0163373423247546	0.00744212421389362	-0.00889521811086095
