LR1_coefficients_null_raster	LR1_coefficients_SES_affluence_R	LR1_R2_null_raster	LR1_R2_SES_affluence_R	LR1_Q_SES_affluence_R	LR2_coefficients_null_raster	LR2_coefficients_SES_affluence_R	LR2_R2_null_raster	LR2_R2_SES_affluence_R	LR2_Q_SES_affluence_R
0.0051558864384021	8.20232563061867e-05	0.04849073608163	0.0479888804380697	-0.000501855643560312	0.000169700186984084	4.92847868830324e-08	0.0322709126953177	0.0384444546803797	0.00617354198506202
0.00413505003969747	5.8735654070501e-05	0.0358432668669227	0.0276446750163877	-0.008198591850535	0.00014553960025195	3.1046271021813e-08	0.0201623103622211	0.0147121232801119	-0.0054501870821092
0.00458595065211012	5.92204264812233e-05	0.0319195396424104	0.0235168280684504	-0.00840271157395999	0.0001086198540589	1.38155688772115e-08	0.00830693781726387	0.00282476022616628	-0.00548217759109758
0.0154680570404742	0.000172729843196657	0.13565921441336	0.0733656801980276	-0.0622935342153322	0.000733814924840671	1.06165561175666e-07	0.0584117744420475	0.0258410259099704	-0.0325707485320771
0.0113555668013313	0.00016944827769039	0.0844124305056045	0.0640530289426315	-0.020359401562973	0.000177349161578829	4.3027192450462e-08	0.00931996494188284	0.00609714590636119	-0.00322281903552165
0.0076487552557048	0.000102569518514908	0.120360722487833	0.0955875557649037	-0.0247731667229295	0.000198255899740517	3.98959972772068e-08	0.0360548191157569	0.0282170477895109	-0.00783777132624595
0.00382896958392575	5.42845862150919e-05	0.0477366784295935	0.0392194965184276	-0.00851718191116589	6.65956151782154e-05	1.80591044527838e-08	0.00798961752856393	0.00872519193151244	0.000735574402948511
0.00288183107499193	3.83355567218992e-05	0.00916089311653867	0.0057910730619974	-0.00336982005454126	9.36918997048084e-05	1.90997345746621e-08	0.00403202813594716	0.00259606033685059	-0.00143596779909658
0.00853588527459424	0.000122002569819506	0.119245291886279	0.0935188645714533	-0.0257264273148255	0.000369507292701265	6.3395862238809e-08	0.0795923102168081	0.0484490160345756	-0.0311432941822326
0.00287870581709669	3.37248181445136e-05	0.00508689017407037	0.00301529544701447	-0.0020715947270559	6.5200352555519e-05	1.53203576557681e-08	0.000779003072207199	0.00079480173009542	1.57986578882202e-05
0.00549769314583212	3.95889470174256e-05	0.0140121552218264	0.00319921520029492	-0.0108129400215315	6.99647457647007e-05	4.95857887430675e-09	0.0011989701056691	0.000101648212678438	-0.00109732189299067
0.00471930663429093	6.32903261388759e-05	0.0286166917016912	0.0216347250984084	-0.0069819666032828	4.21768506557291e-05	7.66455069490468e-09	0.000934225944702255	0.000572347940594511	-0.000361878004107744
0.0170866088233274	0.000212160724479207	0.136109947643521	0.0622255634401797	-0.073884384203341	0.00102470045022148	1.78483142200269e-07	0.0751991666425676	0.0188274792079475	-0.0563716874346201
0.0117537704043814	0.000151733854681053	0.146909441226174	0.0897849019906116	-0.0571245392355628	0.000383298356036875	7.88193412202477e-08	0.0645047012872479	0.0373664298443352	-0.0271382714429126
0.0109721888216614	0.000142326350482394	0.0915570662360138	0.0602455896161221	-0.0313114766198917	0.000294705608379982	6.44996820867236e-08	0.0416755366530223	0.030274339735481	-0.0114011969175413
-0.00215353078275995	-3.56020369232975e-05	0.00897924199481146	0.011594729716776	0.00261548772196455	-0.000104528065904928	-2.4816151849166e-08	0.014429446053707	0.0159877405555862	0.00155829450187913
0.00326397480946805	5.01006343629843e-05	0.0153142690525169	0.0138585271856722	-0.00145574186684466	1.76808229770002e-05	1.7380025940632e-09	0.000238438814778676	3.59601591422524e-05	-0.000202478655636424
0.00797009673121525	0.000109969288747955	0.107707909940843	0.0876273974168492	-0.0200805125239938	0.000245091863235513	5.012494132276e-08	0.0416400326710776	0.0311080203609668	-0.0105320123101108
0.0046739075714382	5.45428252657141e-05	0.0294098929755889	0.0177653394421326	-0.0116445535334564	5.9305462468174e-05	5.60786003728122e-09	0.0016619953927578	0.000295852197521564	-0.00136614319523624
0.0106230133218402	0.000164790642596296	0.0671533338645169	0.0517010597449693	-0.0154522741195476	0.000391280866981243	1.24871269736807e-07	0.0255795240232217	0.02312574149223	-0.00245378253099172
0.00388689459422557	2.3600309691041e-05	0.0118593146108175	0.00199292008853227	-0.00986639452228522	1.62145605526373e-06	-1.61944190276855e-08	7.50771867084878e-07	0.0015227910212148	0.00152204024934771
0.0109263980795533	0.000164847572705702	0.11478219267572	0.111089506114497	-0.0036926865612238	0.000450619733616713	1.07214088783731e-07	0.0652376152051968	0.0679252876630226	0.00268767245782581
0.0210717901205201	0.000292696122641537	0.234140917304648	0.200818512676298	-0.0333224046283501	0.00134219363116336	3.06087320554748e-07	0.219805025055193	0.205033421504083	-0.0147716035511098
0.0174028401373578	0.000241657538308723	0.14314917939943	0.12181649830792	-0.0213326810915095	0.000913658392658771	1.97255182139995e-07	0.111838391043642	0.108431401366441	-0.00340698967720068
0.00549342835603307	7.32598205978188e-05	0.0394412867968571	0.0280431181690498	-0.0113981686278073	0.000126521672749895	2.40374432401336e-08	0.00964513825361659	0.0055076358098141	-0.00413750244380249
0.00159301270371479	2.54774009088444e-05	0.0046785173781627	0.00637617794258688	0.00169766056442418	0.000124129983621256	2.63229737761612e-08	0.0133546562895282	0.0134225880926528	6.793180312464e-05
0.00998535163003447	0.000153417173152812	0.103180289308427	0.0964397820446699	-0.00674050726375662	0.000376914936122533	9.02430026470604e-08	0.0406858433499155	0.0366256454609459	-0.00406019788896968
0.00571325681624664	5.96399732518751e-05	0.0403354979713395	0.0188926621995782	-0.0214428357717613	0.000203548625392628	1.81575046612703e-08	0.0160289015113375	0.00245397735344931	-0.0135749241578882
0.0103901126691383	0.000139652843445966	0.125042195841609	0.114186950805535	-0.0108552450360742	0.000609660609786548	1.31191192369822e-07	0.0668926324697673	0.0633717497850832	-0.00352088268468416
0.0145159984359194	0.00015199867380557	0.15935930162544	0.0701563646583124	-0.0892029369671276	0.000351330113404573	2.16350898994257e-08	0.0272354426908297	0.00212361824780047	-0.0251118244430292
0.0176679286216255	0.000258104469205979	0.099852417037274	0.0818928463170006	-0.0179595707202734	0.00218691535500648	4.31901996231788e-07	0.0809889387181993	0.0555400539309055	-0.0254488847872938
0.00287253132552856	3.54637991081708e-05	0.0160381612314213	0.00976854557653253	-0.0062696156548888	9.61436976122705e-05	1.89280869604196e-08	0.00876926352813743	0.00539212912415322	-0.00337713440398421
0.00392361464158106	4.93308760561046e-05	0.0222307628695972	0.0138403236058963	-0.00839043926370088	0.00012734460868795	2.71281002438765e-08	0.015254496301015	0.011285731802948	-0.00396876449806701
0.0134211479396794	0.000164966073756111	0.1207549263944	0.0726543984816739	-0.0481005279127259	0.000454685312681681	8.75790216573929e-08	0.0610964154818566	0.0380917188546754	-0.0230046966271812
0.0144019952786538	0.000159498494206158	0.0811044457869707	0.0400723007133845	-0.0410321450735862	0.000305774498326309	2.6522249775163e-08	0.0119163232277667	0.00173447960658908	-0.0101818436211776
0.00800137197741126	0.000100948048769664	0.0910687416180943	0.0678950510674579	-0.0231736905506364	0.00027268917370026	4.86570156209777e-08	0.0498629900273454	0.0341526509232899	-0.0157103391040555
0.00938218602977928	0.000130837835850871	0.10676090480526	0.0918688259073523	-0.0148920788979078	0.00039685662446614	9.09785515609148e-08	0.0914462329857083	0.0822659003703577	-0.0091803326153506
0.00341777219713435	4.65394141390846e-05	0.0390021110170906	0.0339753036760809	-0.00502680734100963	2.97565167867292e-05	7.08166682115181e-09	0.00142262304345827	0.0018215466570477	0.00039892361358943
0.00733310685956161	5.30696788902652e-05	0.0273926150472636	0.00606869693857485	-0.0213239181086887	0.000186493619025557	-4.45072289489145e-09	0.00328562748764304	3.4544666529187e-05	-0.00325108282111385
0.00966427814904749	0.000128635547174096	0.198860845494784	0.156150668233423	-0.0427101772613607	0.000407384363798436	8.35964253256554e-08	0.155081246289432	0.13922893083605	-0.0158523154533821
0.0107761311670258	0.000153850922291066	0.0537786151135852	0.0459025447546973	-0.0078760703588879	0.000344820317204087	7.41738688476729e-08	0.0163342619141792	0.0123883503741882	-0.00394591153999103
-0.000158922769380857	-5.98795975267691e-06	0.000106951358049207	0.000631844216066831	0.000524892858017625	3.02293613269832e-05	3.83877361019607e-09	0.002875166588426	0.000720694874014419	-0.00215447171441158
0.00663073637595228	7.60326854836582e-05	0.0238514915213234	0.0140832410864983	-0.00976825043482508	0.000216400985445001	4.30439535351038e-08	0.0134087095085047	0.0104278476715686	-0.0029808618369361
0.0100994466383583	0.000134048635417644	0.0561967242102527	0.0383915275128567	-0.017805196697396	0.000191581552376804	3.00136333822507e-08	0.00669593895932965	0.00279182920418518	-0.00390410975514446
-0.000772085964123996	-9.18232778587203e-06	0.00317794478235108	0.00204721009929927	-0.0011307346830518	-4.90259935867915e-05	-8.4535246462704e-09	0.0101053780080106	0.00517569949404563	-0.00492967851396498
0.0144971781257602	0.000185372727177712	0.255985423436336	0.1909974336276	-0.0649879898087362	0.00069041726669692	1.29580577127232e-07	0.188797329938242	0.140203999318233	-0.0485933306200099
0.0123268770698346	0.000180944937869738	0.0788299778984355	0.0777527690672711	-0.00107720883116444	0.00021581906241389	4.99129017730259e-08	0.00845488821043189	0.00896946283672137	0.000514574626289477
-0.000865857122069752	-1.22757077040482e-05	0.00574866481494992	0.00560033439993157	-0.000148330415018351	-5.56668795327862e-05	-1.24564187490265e-08	0.0145457202259838	0.0133643584727633	-0.00118136175322043
0.00307627850657899	3.82978814189579e-05	0.0139020253885226	0.0090533949621691	-0.00484863042635347	6.57526924825383e-05	7.33819941329481e-09	0.00191556483444011	0.000433194362682334	-0.00148237047175778
0.00736079812290837	6.82769526120502e-05	0.0563278616028515	0.0219498999386652	-0.0343779616641863	0.000139067789101877	1.18421533706434e-08	0.00695342851718382	0.00117182661831965	-0.00578160189886417
0.0123447890057339	0.000146755708483571	0.0830464961799344	0.0501657760527849	-0.0328807201271495	0.000386920552320318	5.52039933280979e-08	0.0226641252975035	0.0101788312572502	-0.0124852940402533
0.00164473002755727	1.47699231228519e-05	0.00928340086756818	0.00336751076635589	-0.00591589010121229	8.13624783070902e-05	8.98099175827007e-09	0.0151667403593754	0.00339346995113272	-0.0117732704082427
0.00735587990914544	6.97818653668273e-05	0.058916673236518	0.0237855380232057	-0.0351311352133123	0.000146444425940073	9.6797664445115e-09	0.00453882936408895	0.000384298345424745	-0.0041545310186642
0.000384905333094285	-1.88672412214196e-05	0.000272431556077113	0.0027993466086835	0.00252691505260639	-8.99269894219305e-07	-1.20909899457485e-08	1.07434036580592e-06	0.00318329994274029	0.00318222560237449
0.0167365231931431	0.000234813300500645	0.132668804936689	0.106048208087634	-0.0266205968490555	0.000723390388966401	1.23524828735545e-07	0.0871987636436138	0.0531221032434023	-0.0340766604002115
0.00577472508259989	6.34372265501337e-05	0.0554745582812586	0.025579498653561	-0.0298950596276976	0.000112081190535608	1.24576320438647e-08	0.00756118361618441	0.00143883865264576	-0.00612234496353865
-0.00556157750309707	-9.63816557042534e-05	0.0444584013649618	0.0675504114345147	0.0230920100695529	-0.000150433414637383	-5.033319474752e-08	0.0211634985373243	0.0458557959158756	0.0246922973785513
0.0043894976091537	4.91190411788901e-05	0.0449142907373485	0.0229432001620784	-0.0219710905752702	0.000124831987130865	2.313967924407e-08	0.0198507779684084	0.0111261233228351	-0.00872465464557327
0.00763104779688144	0.000114229240468189	0.070278023723816	0.0627391084650067	-0.00753891525880925	0.000229787413223559	5.16797017881729e-08	0.024680207235491	0.0197829542781367	-0.0048972529573543
0.010181870641866	0.000112109804929221	0.045977355730307	0.0277747881510991	-0.0182025675792079	0.000140656398045782	2.13383564050284e-08	0.00293421339671743	0.00144802596475309	-0.00148618743196433
0.00327873087747418	4.00027103755634e-05	0.0135423629103861	0.00846320241305396	-0.00507916049733218	3.14212198378378e-05	4.8789286963938e-09	0.000697802881507387	0.000278685641323523	-0.000419117240183864
0.010540133210797	0.000101546945600015	0.0745940617526255	0.032669682133579	-0.0419243796190465	0.000244744367147171	2.08457721194118e-08	0.0142327079365221	0.00246321947191194	-0.0117694884646102
0.00461701310521378	7.72018087475538e-05	0.0402354142013371	0.0426546452334147	0.00241923103207754	0.000135054100320788	4.05059145613936e-08	0.0203853200240702	0.0240526689545087	0.00366734893043854
0.00616370748634561	9.5336199441771e-05	0.0522406960702326	0.0530375421225204	0.00079684605228774	0.000239033573929274	5.49055160135382e-08	0.0357276326324538	0.0372653933845192	0.0015377607520654
0.00567393900571525	4.87080483353298e-05	0.0354876401646939	0.012416258682782	-0.0230713814819119	2.40620721172536e-05	-7.66993596338983e-09	0.000143964563235162	0.000309976510833683	0.000166011947598521
0.0112671904049959	0.000141102436130433	0.0969805883316075	0.0652756725646747	-0.0317049157669329	0.000444349595318281	8.29109577972867e-08	0.0629395406875884	0.0420822111983421	-0.0208573294892464
0.0215110402335543	0.000296062874869199	0.218822757509591	0.174166777880685	-0.0446559796289053	0.00121656013602891	2.01588381631056e-07	0.0963421486047547	0.0524236089890412	-0.0439185396157135
0.0229216359186075	0.000234769642088145	0.153570281056721	0.0654408872334205	-0.0881293938233008	0.000710462516559432	6.99664882824451e-08	0.0475014099242954	0.00944917906790655	-0.0380522308563889
0.00746481502604517	6.59432382029823e-05	0.0318546480630525	0.0116283292658967	-0.0202263187971559	5.71562333456263e-05	1.46188152367869e-09	0.000894319930341731	1.10777052534775e-05	-0.000883242225088254
0.000439472564488189	3.06079735146885e-06	0.000579448339171964	0.000122274651408411	-0.000457173687763553	8.27091305743052e-06	1.28696212858127e-09	0.000149155873575245	5.74788920277456e-05	-9.16769815474995e-05
0.015435575433432	0.000171481494842754	0.0735189594806134	0.0459052483359108	-0.0276137111447026	0.000785969540054635	8.7035322481662e-08	0.0211898194229381	0.00790704257451239	-0.0132827768484257
0.016048778133906	0.000139602054137935	0.0425505947893061	0.0129919160163591	-0.029558678772947	0.00117131129856963	4.96221689381493e-08	0.0145403052256149	0.000481813008565926	-0.014058492217049
0.0124400879175335	0.000141025365597163	0.10099023284472	0.0590700836791952	-0.0419201491655253	0.000550596933738167	7.94323856567985e-08	0.0377055705051242	0.0172315544354256	-0.0204740160696986
0.00556641303172195	7.6799104536735e-05	0.0651746562701362	0.0575806923077237	-0.00759396396241251	0.000192602667972869	4.06787835180627e-08	0.0349855822001605	0.0308341093439261	-0.00415147285623443
-0.000230272340257013	-1.00306952745076e-05	0.000114414723808186	0.00104294491597771	0.000928530192169529	-1.69533288174172e-05	-8.04334150419413e-09	0.000402429434610527	0.00169864232425279	0.00129621288964226
0.00130379018855418	1.26268558486818e-05	0.00550139450163039	0.00236377917703238	-0.003137615324598	4.35060921783718e-05	8.99364190565234e-09	0.00553254369961736	0.00389146983083828	-0.00164107386877908
0.0108878814380812	0.000172987038593913	0.0970169630823558	0.0927169425146012	-0.00430002056775455	0.000236006437233419	6.81451540140806e-08	0.023578428008592	0.0252863999738815	0.00170797196528951
0.00577772377240398	6.08311560742637e-05	0.0429019356909584	0.0161941625253696	-0.0267077731655888	9.57816009705094e-05	8.75958781609358e-09	0.00545382191751706	0.000534040041085616	-0.00491978187643145
0.0098006431182007	0.000132088467401519	0.0912191191635925	0.0769239133409765	-0.0142952058226161	0.000278520039092651	6.2952190892934e-08	0.035727917670731	0.0377341020545866	0.00200618438385562
0.0051427385640144	7.21509890505161e-05	0.0186642451047589	0.0156730953393127	-0.0029911497654462	4.77123618915413e-05	7.89431668767699e-09	0.000768111571011227	0.000340992219793708	-0.000427119351217519
0.00222240278279344	3.51450583728729e-05	0.0259214007492711	0.0301375861037871	0.00421618535451607	0.000119041666044542	3.34972976723913e-08	0.0501147694029	0.0715416645208545	0.0214268951179545
0.00915439839668404	9.66087129928516e-05	0.0456814015786036	0.0220520233417385	-0.0236293782368651	0.000163644742289021	2.42242054838046e-08	0.0068461863358619	0.00282280100882833	-0.00402338532703358
0.0162792139212441	0.000198909209641192	0.125277023866027	0.091745766610237	-0.0335312572557899	0.00089620787284429	1.58011095389982e-07	0.102806640329401	0.0793578827021556	-0.0234487576272457
0.0132249864949163	0.000176327469495868	0.17298389751462	0.133635094584985	-0.0393488029296354	0.000489568024784104	1.03625128038997e-07	0.103604063536192	0.0902674837390059	-0.0133365797971857
0.013372996297953	0.000160452851717846	0.0730926774153609	0.0419431352259604	-0.0311495421894005	0.000498274666620867	6.94459183569532e-08	0.0189017565616568	0.00620971111209116	-0.0126920454495657
0.0113003438828209	0.000158048108507901	0.0815012009121396	0.0646895108221124	-0.0168116900900272	0.000372846168375588	8.58359024935451e-08	0.0376191041258898	0.0330702805262368	-0.00454882359965305
0.00656601728218298	7.58363981574138e-05	0.0429325274481062	0.0226208431255001	-0.0203116843226061	2.1300545573865e-05	-1.31392077514344e-08	0.00017159632212678	0.00125201879545493	0.00108042247332815
0.0173842713685611	0.000196249396304179	0.0898921541396488	0.0480781427352439	-0.0418140114044049	0.00116312515147454	1.9279248049556e-07	0.0566536841282084	0.0304128229037831	-0.0262408612244253
0.00937445295608498	9.08988010314924e-05	0.0809898913849769	0.0272932102322835	-0.0536966811526934	0.00029283484820443	4.32204974587953e-08	0.0273292525496612	0.00764245827381857	-0.0196867942758426
0.00780482451904944	0.000109667662427713	0.101199299329192	0.0908671312701654	-0.0103321680590264	0.000314094851202366	7.14458075363385e-08	0.0756509477506377	0.0756239894783219	-2.69582723158024e-05
0.010338331906736	9.99932894544749e-05	0.0993422578956098	0.038621350538534	-0.0607209073570758	0.000220574249325815	2.15734337839965e-08	0.0216138042445626	0.00367641507105136	-0.0179373891735113
0.0148294628815211	0.000169336279629225	0.118604012541941	0.0676466108944182	-0.0509574016475223	0.000463379600256701	6.61433755673678e-08	0.0422246854567096	0.0163583206707871	-0.0258663647859225
0.00412442650299811	6.82503564920174e-05	0.0293150958491633	0.0317035363239468	0.00238844047478349	6.39809697492208e-05	2.08551913151619e-08	0.0049672061835241	0.00797843716542553	0.00301123098190143
0.0101902152414119	0.000139828505020843	0.114396792365737	0.0888237729383131	-0.0255730194274235	0.000278318458517104	6.60900922591909e-08	0.0469716786670021	0.0405989071476554	-0.00637277151934671
0.0111616461251926	0.000147201080298012	0.226274922775459	0.161158424360911	-0.0651164984145488	0.000302093979410585	6.10707903700285e-08	0.0778027519038536	0.0564578701592054	-0.0213448817446481
0.0192494249888648	0.000205532113827717	0.124130987284032	0.0585100007722172	-0.0656209865118146	0.000486398762855147	5.23643484679752e-08	0.0295020101465677	0.0071273414339968	-0.0223746687125709
0.0141198960385361	0.000119017412904527	0.0672748261237927	0.0202566465461824	-0.0470181795776103	0.000323372227783731	-6.35558388241038e-09	0.00924518225853854	7.65665509867997e-05	-0.00916861570755174
0.0109886467164707	0.000153455639513855	0.0728089659798218	0.0650208059534333	-0.00778816002638842	0.000245320082581946	5.95035721854432e-08	0.0197251050063617	0.0212358203228748	0.00151071531651312
0.00798685161134629	9.04436977265927e-05	0.04023686592799	0.0236383275458512	-0.0165985383821388	0.000100471858686869	1.41565949751768e-08	0.00259030308199228	0.00111936300224561	-0.00147094007974668
0.00877387557157574	0.000131037786486973	0.0390321862328755	0.0377044985936122	-0.00132768763926323	0.000358975803313973	8.89766344895421e-08	0.0163373423247546	0.0178012252195776	0.00146388289482302
