LR1_coefficients_null_raster	LR1_coefficients_SES_affluence_C	LR1_R2_null_raster	LR1_R2_SES_affluence_C	LR1_Q_SES_affluence_C	LR2_coefficients_null_raster	LR2_coefficients_SES_affluence_C	LR2_R2_null_raster	LR2_R2_SES_affluence_C	LR2_Q_SES_affluence_C
0.0051558864384021	0.286107310255909	0.04849073608163	0.0424188346844124	-0.00607190139721761	0.000169700186984084	0.530530588838619	0.0322709126953177	0.0256266142101524	-0.0066442984851653
0.00413505003969747	0.249426044700573	0.0358432668669227	0.0402688154136329	0.00442554854671019	0.00014553960025195	0.590810326057248	0.0201623103622211	0.025425396581487	0.00526308621926592
0.00458595065211012	0.339763725078224	0.0319195396424104	0.0431064428521816	0.0111869032097712	0.0001086198540589	0.757305068808407	0.00830693781726387	0.0213680299930179	0.013061092175754
0.0154680570404742	1.08180744036979	0.13565921441336	0.204269171297553	0.0686099568841935	0.000733814924840671	4.38869054277834	0.0584117744420475	0.15028614314241	0.0918743687003621
0.0113555668013313	0.676053073900025	0.0844124305056045	0.100180533482384	0.015768102976779	0.000177349161578829	0.811021704923273	0.00931996494188284	0.0183289091394184	0.00900894419753557
0.0076487552557048	0.540509504520305	0.120360722487833	0.14694227006866	0.0265815475808264	0.000198255899740517	1.05716742862964	0.0360548191157569	0.0550914922544688	0.0190366731387119
0.00382896958392575	0.227966701244614	0.0477366784295935	0.0490731163344803	0.00133643790488679	6.65956151782154e-05	0.223666657074051	0.00798961752856393	0.00732226978978346	-0.000667347738780472
0.00288183107499193	0.164192552473387	0.00916089311653867	0.0108272099522247	0.00166631683568607	9.36918997048084e-05	0.198314787573228	0.00403202813594716	0.00238492547736236	-0.00164710265858481
0.00853588527459424	0.456977413405724	0.119245291886279	0.121052556869961	0.00180726498368211	0.000369507292701265	1.60894335656804	0.0795923102168081	0.118633335244024	0.0390410250272158
0.00287870581709669	0.134743343938993	0.00508689017407037	0.00337770065814241	-0.00170918951592796	6.5200352555519e-05	0.265786511277409	0.000779003072207199	0.000885880733316416	0.000106877661109217
0.00549769314583212	0.485353327712638	0.0140121552218264	0.0302864977881542	0.0162743425663277	6.99647457647007e-05	0.612308531981804	0.0011989701056691	0.00576138065684745	0.00456241055117834
0.00471930663429093	0.302240403250649	0.0286166917016912	0.0366107652746601	0.00799407357296887	4.21768506557291e-05	0.375296176507298	0.000934225944702255	0.00469915363239974	0.00376492768769748
0.0170866088233274	0.955066399356291	0.136109947643521	0.196547804052941	0.0604378564094199	0.00102470045022148	3.08818390355279	0.0751991666425676	0.158427746986295	0.0832285803437272
0.0117537704043814	0.691250775257686	0.146909441226174	0.172796492611087	0.0258870513849127	0.000383298356036875	1.42390261572675	0.0645047012872479	0.0928290058807376	0.0283243045934897
0.0109721888216614	0.74733898010563	0.0915570662360138	0.118544371438806	0.0269873052027924	0.000294705608379982	1.35629056109973	0.0416755366530223	0.0595397689860514	0.0178642323330291
-0.00215353078275995	-0.0746824894851857	0.00897924199481146	0.00248592596085647	-0.006493316033955	-0.000104528065904928	-0.293839156916765	0.014429446053707	0.00632343835775457	-0.00810600769595247
0.00326397480946805	0.194665581879644	0.0153142690525169	0.0162038053740424	0.000889536321525516	1.76808229770002e-05	0.118054383260909	0.000238438814778676	0.000816028751791397	0.00057758993701272
0.00797009673121525	0.454981017993539	0.107707909940843	0.101776867267779	-0.00593104267306424	0.000245091863235513	0.876096808579452	0.0416400326710776	0.0407697786772769	-0.000870253993800731
0.0046739075714382	0.33985410909898	0.0294098929755889	0.0418570175638569	0.012447124588268	5.9305462468174e-05	0.459003788296665	0.0016619953927578	0.00638333311989743	0.00472133772713963
0.0106230133218402	0.557247691786406	0.0671533338645169	0.0664457155413737	-0.0007076183231432	0.000391280866981243	1.01264933561384	0.0255795240232217	0.0228673613391053	-0.00271216268411639
0.00388689459422557	0.346945320852459	0.0118593146108175	0.0255839416882906	0.0137246270774731	1.62145605526373e-06	0.444488484501809	7.50771867084878e-07	0.00334899131331417	0.00334824054144709
0.0109263980795533	0.632986662977084	0.11478219267572	0.104242925463745	-0.0105392672119751	0.000450619733616713	1.53128369914576	0.0652376152051968	0.051895420641624	-0.0133421945635728
0.0210717901205201	1.18746910817956	0.234140917304648	0.21651209962958	-0.0176288176750674	0.00134219363116336	4.70535259124011	0.219805025055193	0.203924758217359	-0.0158802668378344
0.0174028401373578	1.13700107756007	0.14314917939943	0.155077822707616	0.0119286433081859	0.000913658392658771	3.97490664508713	0.111838391043642	0.11590145967385	0.00406306863020849
0.00549342835603307	0.34423683030619	0.0394412867968571	0.0461367012869535	0.00669541449009638	0.000126521672749895	0.59447729400501	0.00964513825361659	0.0163237591686098	0.00667862091499324
0.00159301270371479	0.0720769663459881	0.0046785173781627	0.00205627162424131	-0.00262224575392139	0.000124129983621256	0.390809468440644	0.0133546562895282	0.0077648274532031	-0.00558982883632511
0.00998535163003447	0.508145854771286	0.103180289308427	0.0885371493163292	-0.0146431399920973	0.000376914936122533	1.1543940017758	0.0406858433499155	0.0363290938016198	-0.00435674954829577
0.00571325681624664	0.423020234210663	0.0403354979713395	0.066886486299412	0.0265509883280725	0.000203548625392628	1.31977891730364	0.0160289015113375	0.0525386053913528	0.0365097038800152
0.0103901126691383	0.653472287862013	0.125042195841609	0.111848803658207	-0.0131933921834022	0.000609660609786548	2.36112211794878	0.0668926324697673	0.0596887427408194	-0.00720388972894798
0.0145159984359194	0.917800292839124	0.15935930162544	0.220671731962467	0.0613124303370266	0.000351330113404573	2.82640363522607	0.0272354426908297	0.120383755934448	0.0931483132436184
0.0176679286216255	0.755756479796219	0.099852417037274	0.0791533735558097	-0.0206990434814643	0.00218691535500648	3.17434245319901	0.0809889387181993	0.0415171295474289	-0.0394718091707705
0.00287253132552856	0.211237372382146	0.0160381612314213	0.0234538219236483	0.00741566069222698	9.61436976122705e-05	0.434823020082303	0.00876926352813743	0.0125374623089291	0.00376819878079169
0.00392361464158106	0.269448875016534	0.0222307628695972	0.0307742081272252	0.00854344525762804	0.00012734460868795	0.487086429043291	0.015254496301015	0.0177097710790145	0.00245527477799945
0.0134211479396794	0.892574677124145	0.1207549263944	0.161981815119621	0.0412268887252216	0.000454685312681681	2.04702966057992	0.0610964154818566	0.0973677575214007	0.0362713420395441
0.0144019952786538	0.870923004212135	0.0811044457869707	0.0970729117339967	0.015968465947026	0.000305774498326309	1.89250277451237	0.0119163232277667	0.0308393463515041	0.0189230231237374
0.00800137197741126	0.557939624366536	0.0910687416180943	0.104852987955191	0.0137842463370965	0.00027268917370026	1.50735572535615	0.0498629900273454	0.0723073069543208	0.0224443169269753
0.00938218602977928	0.600267909405425	0.10676090480526	0.114626632437904	0.00786572763264402	0.00039685662446614	1.54906291719243	0.0914462329857083	0.100346707978694	0.00890047499298596
0.00341777219713435	0.232246317798996	0.0390021110170906	0.0408641875125925	0.00186207649550194	2.97565167867292e-05	0.118016702451764	0.00142262304345827	0.00104885730333528	-0.000373765740122991
0.00733310685956161	0.585283863671127	0.0273926150472636	0.0560202972290077	0.0286276821817441	0.000186493619025557	1.81209096418091	0.00328562748764304	0.0254723490849568	0.0221867215973138
0.00966427814904749	0.601749689433158	0.198860845494784	0.225396187674101	0.0265353421793172	0.000407384363798436	1.84050392278384	0.155081246289432	0.187363817685291	0.0322825713958585
0.0107761311670258	0.58713568119833	0.0537786151135852	0.0474291763179557	-0.00634943879562948	0.000344820317204087	1.17092236605104	0.0163342619141792	0.0160987183656252	-0.000235543548554012
-0.000158922769380857	0.0119136599043721	0.000106951358049207	0.000166851322889482	5.98999648402749e-05	3.02293613269832e-05	0.155471118174088	0.002875166588426	0.00615209857706434	0.00327693198863835
0.00663073637595228	0.46778821964121	0.0238514915213234	0.0306552385826808	0.0068037470613574	0.000216400985445001	1.0304302986391	0.0134087095085047	0.0162899038573549	0.00288119434885028
0.0100994466383583	0.60179666973201	0.0561967242102527	0.0645357213968661	0.00833899718661341	0.000191581552376804	0.919652290550092	0.00669593895932965	0.01246296653214	0.00576702757281037
-0.000772085964123996	-0.0595060946171889	0.00317794478235108	0.00424323934259601	0.00106529456024493	-4.90259935867915e-05	-0.233414077931117	0.0101053780080106	0.0138293887791065	0.00372401077109584
0.0144971781257602	0.961190636946124	0.255985423436336	0.298310554669631	0.0423251312332952	0.00069041726669692	3.17369628613611	0.188797329938242	0.24272633732472	0.0539290073864775
0.0123268770698346	0.738635576651309	0.0788299778984355	0.0727682401847067	-0.0060617377137288	0.00021581906241389	1.03256606552525	0.00845488821043189	0.0112430525285495	0.00278816431811766
-0.000865857122069752	-0.0588130358349179	0.00574866481494992	0.00584206074980466	9.33959348547401e-05	-5.56668795327862e-05	-0.22475231703561	0.0145457202259838	0.0155496061555005	0.00100388592951675
0.00307627850657899	0.227076652629253	0.0139020253885226	0.0210363784381758	0.00713435304965325	6.57526924825383e-05	0.419104329861137	0.00191556483444011	0.00547761777235039	0.00356205293791028
0.00736079812290837	0.541678304272345	0.0563278616028515	0.093830799126785	0.0375029375239336	0.000139067789101877	1.26991334000204	0.00695342851718382	0.03505266442845	0.0280992359112662
0.0123447890057339	0.832611179717453	0.0830464961799344	0.109964106198514	0.0269176100185796	0.000386920552320318	2.34021694923411	0.0226641252975035	0.0504136329732426	0.0277495076757391
0.00164473002755727	0.154127596978612	0.00928340086756818	0.0195244148102347	0.0102410139426665	8.13624783070902e-05	0.476810664252217	0.0151667403593754	0.0347674856530995	0.0196007452937241
0.00735587990914544	0.545323034728684	0.058916673236518	0.101844327939909	0.0429276547033912	0.000146444425940073	1.20454972680949	0.00453882936408895	0.0238369807775833	0.0192981514134943
0.000384905333094285	0.137162719859629	0.000272431556077113	0.00934901866114584	0.00907658710506873	-8.99269894219305e-07	0.237577877302796	1.07434036580592e-06	0.0060545081176032	0.00605343377723739
0.0167365231931431	0.96508858871412	0.132668804936689	0.141161439937404	0.00849263500071495	0.000723390388966401	3.28050037802441	0.0871987636436138	0.130151172298399	0.0429524086547852
0.00577472508259989	0.426624609592032	0.0554745582812586	0.0936165190215078	0.0381419607402493	0.000112081190535608	0.702290937470939	0.00756118361618441	0.0249748304939835	0.0174136468777991
-0.00556157750309707	-0.255340740906495	0.0444584013649618	0.019677775475178	-0.0247806258897838	-0.000150433414637383	-0.261202850460207	0.0211634985373243	0.00374557334892206	-0.0174179251884022
0.0043894976091537	0.330439343236318	0.0449142907373485	0.0722601212154187	0.0273458304780702	0.000124831987130865	0.631787570523953	0.0198507779684084	0.036416968124268	0.0165661901558596
0.00763104779688144	0.407495979205988	0.070278023723816	0.056785388501536	-0.0134926352222799	0.000229787413223559	0.822034780999385	0.024680207235491	0.0232826309732349	-0.00139757626225609
0.010181870641866	0.830740650731194	0.045977355730307	0.0655908083810854	0.0196134526507783	0.000140656398045782	0.962930502462767	0.00293421339671743	0.00654073304276656	0.00360651964604913
0.00327873087747418	0.230185316731339	0.0135423629103861	0.017493576036714	0.00395121312632782	3.14212198378378e-05	0.165937594818203	0.000697802881507387	0.00135024846636847	0.000652445584861082
0.010540133210797	0.850771421214832	0.0745940617526255	0.123993288817363	0.0493992270647379	0.000244744367147171	2.04562728643652	0.0142327079365221	0.0543082036790568	0.0400754957425347
0.00461701310521378	0.254581629914085	0.0402354142013371	0.0353792742156254	-0.00485613998571176	0.000135054100320788	0.427549361027379	0.0203853200240702	0.01740338114766	-0.00298193887641024
0.00616370748634561	0.376280316769482	0.0522406960702326	0.0536794092073718	0.00143871313713913	0.000239033573929274	0.973734911956902	0.0357276326324538	0.0383476773244325	0.00262004469197873
0.00567393900571525	0.48044372746515	0.0354876401646939	0.0712574165651777	0.0357697764004838	2.40620721172536e-05	0.575037916111873	0.000143964563235162	0.00626622758897317	0.006122263025738
0.0112671904049959	0.659415785869498	0.0969805883316075	0.0980996193151387	0.00111903098353111	0.000444349595318281	1.86693510899772	0.0629395406875884	0.0777146197964651	0.0147750791088766
0.0215110402335543	1.19674184677093	0.218822757509591	0.220902131493668	0.00207937398407679	0.00121656013602891	5.1402168155224	0.0963421486047547	0.139720185426921	0.043378036822166
0.0229216359186075	1.54649917841013	0.153570281056721	0.24271759803975	0.0891473169830285	0.000710462516559432	4.72461765946241	0.0475014099242954	0.169238305889349	0.121736895965054
0.00746481502604517	0.600545081844324	0.0318546480630525	0.0547890983277051	0.0229344502646525	5.71562333456263e-05	0.511096676837329	0.000894319930341731	0.0045627049121454	0.00366838498180367
0.000439472564488189	0.0481594073520616	0.000579448339171964	0.00165657311291945	0.00107712477374749	8.27091305743052e-06	0.114561513903913	0.000149155873575245	0.00183532380108053	0.00168616792750529
0.015435575433432	1.06531132436829	0.0735189594806134	0.086980114873907	0.0134611553932937	0.000785969540054635	4.49197387527157	0.0211898194229381	0.0331473359607229	0.0119575165377848
0.016048778133906	1.03505602240318	0.0425505947893061	0.0639819139140672	0.0214313191247611	0.00117131129856963	5.04731064365469	0.0145403052256149	0.0357208639487644	0.0211805587231495
0.0124400879175335	0.807007586324742	0.10099023284472	0.130171230686991	0.0291809978422701	0.000550596933738167	2.82398783892693	0.0377055705051242	0.0729752042773848	0.0352696337722606
0.00556641303172195	0.359279722799089	0.0651746562701362	0.0693720525335105	0.00419739626337425	0.000192602667972869	0.826793887855695	0.0349855822001605	0.0407288384543811	0.00574325625422055
-0.000230272340257013	0.0369339489414386	0.000114414723808186	0.000647189594602824	0.000532774870794638	-1.69533288174172e-05	0.0912746230353668	0.000402429434610527	0.000671309425695889	0.000268879991085363
0.00130379018855418	0.106703550076607	0.00550139450163039	0.00879459069266246	0.00329319619103207	4.35060921783718e-05	0.183582891026347	0.00553254369961736	0.00685608938945454	0.00132354568983718
0.0108878814380812	0.50909959348778	0.0970169630823558	0.0717559857172159	-0.0252609773651399	0.000236006437233419	0.466085719620264	0.023578428008592	0.0118179434918234	-0.0117604845167686
0.00577772377240398	0.422792186826558	0.0429019356909584	0.0815422495515843	0.0386403138606259	9.57816009705094e-05	0.631212415380444	0.00545382191751706	0.0262016152438612	0.0207477933263441
0.0098006431182007	0.592102668584752	0.0912191191635925	0.085612554075319	-0.00560656508827352	0.000278520039092651	1.03853845572456	0.035727917670731	0.0288194079879983	-0.00690850968273264
0.0051427385640144	0.304394936992203	0.0186642451047589	0.0183601111286513	-0.000304133976107616	4.77123618915413e-05	0.240320042243127	0.000768111571011227	0.00148277945060824	0.000714667879597016
0.00222240278279344	0.119677663456479	0.0259214007492711	0.0171003481525328	-0.0088210525967383	0.000119041666044542	0.305870874143408	0.0501147694029	0.0212625961949749	-0.0288521732079251
0.00915439839668404	0.703378500514212	0.0456814015786036	0.0789691675680801	0.0332877659894766	0.000163644742289021	1.2031640904343	0.0068461863358619	0.021997279371878	0.0151510930360161
0.0162792139212441	1.12616386879548	0.125277023866027	0.142724333083962	0.0174473092179351	0.00089620787284429	4.11522857177688	0.102806640329401	0.113634427595904	0.0108277872665031
0.0132249864949163	0.821875478579098	0.17298389751462	0.186643711956943	0.0136598144423228	0.000489568024784104	2.02193468737834	0.103604063536192	0.116035576388081	0.0124315128518896
0.013372996297953	0.722323092862748	0.0730926774153609	0.0793377241043156	0.00624504668895468	0.000498274666620867	1.7875466135367	0.0189017565616568	0.0296265787466802	0.0107248221850234
0.0113003438828209	0.679729225587484	0.0815012009121396	0.0886631416446422	0.00716194073250262	0.000372846168375588	1.38862296473006	0.0376191041258898	0.0412830010619188	0.00366389693602897
0.00656601728218298	0.474301540153293	0.0429325274481062	0.0682169329255691	0.0252844054774629	2.1300545573865e-05	0.659984037490886	0.00017159632212678	0.0103004683600568	0.0101288720379301
0.0173842713685611	1.02845277060452	0.0898921541396488	0.112263362662289	0.0223712085226397	0.00116312515147454	3.58208250578863	0.0566536841282084	0.0644663609643883	0.00781267683617986
0.00937445295608498	0.637402465250038	0.0809898913849769	0.13043899395822	0.049449102573243	0.00029283484820443	1.45152546975694	0.0273292525496612	0.0631255257621304	0.0357962732124692
0.00780482451904944	0.462872612343032	0.101199299329192	0.0896757864410421	-0.0115235128881496	0.000314094851202366	1.21250515911665	0.0756509477506377	0.0646605463405478	-0.0109904014100899
0.010338331906736	0.757624058422378	0.0993422578956098	0.165175116434946	0.0658328585393365	0.000220574249325815	1.46049610506241	0.0216138042445626	0.0736064867244921	0.0519926824799295
0.0148294628815211	0.90701941488226	0.118604012541941	0.128454556369147	0.00985054382720622	0.000463379600256701	2.46087952407295	0.0422246854567096	0.0776385181875127	0.0354138327308031
0.00412442650299811	0.196421915196645	0.0293150958491633	0.0196451959681576	-0.00966989988100565	6.39809697492208e-05	0.121409726885628	0.0049672061835241	0.00143145191141508	-0.00353575427210901
0.0101902152414119	0.652973316329539	0.114396792365737	0.131546405997824	0.0171496136320871	0.000278318458517104	1.11141555327679	0.0469716786670021	0.0560198689774463	0.00904819031044424
0.0111616461251926	0.709085646965273	0.226274922775459	0.276933117018421	0.0506581942429613	0.000302093979410585	1.34132114829152	0.0778027519038536	0.116690821332722	0.0388880694288689
0.0192494249888648	1.32303992614401	0.124130987284032	0.175089755520854	0.0509587682368221	0.000486398762855147	3.29071704333995	0.0295020101465677	0.0867431602744567	0.057241150127889
0.0141198960385361	1.03124948666179	0.0672748261237927	0.108088760669118	0.0408139345453251	0.000323372227783731	3.25006272988993	0.00924518225853854	0.0542207379770079	0.0449755557184694
0.0109886467164707	0.666068337099106	0.0728089659798218	0.0707762294736869	-0.0020327365061349	0.000245320082581946	0.968733767264492	0.0197251050063617	0.020209571787496	0.000484466781134316
0.00798685161134629	0.600146502619604	0.04023686592799	0.0572199980289446	0.0169831321009546	0.000100471858686869	0.865210426030178	0.00259030308199228	0.00915672574266456	0.00656642266067228
0.00877387557157574	0.390357186400662	0.0390321862328755	0.0238453277296657	-0.0151868585032098	0.000358975803313973	0.704776516048782	0.0163373423247546	0.00584389086358651	-0.0104934514611681
