LR1_coefficients_null_raster	LR1_coefficients_SES_class_R	LR1_R2_null_raster	LR1_R2_SES_class_R	LR1_Q_SES_class_R	LR2_coefficients_null_raster	LR2_coefficients_SES_class_R	LR2_R2_null_raster	LR2_R2_SES_class_R	LR2_Q_SES_class_R
0.0051558864384021	6.96515474373309e-05	0.04849073608163	0.0457729538010232	-0.00271778228060682	0.000169700186984084	2.88911069411296e-08	0.0322709126953177	0.0257471526310208	-0.00652376006429687
0.00413505003969747	5.82928894147445e-05	0.0358432668669227	0.038059211118978	0.00221594425205528	0.00014553960025195	3.30588339493324e-08	0.0201623103622211	0.0256142607764553	0.00545195041423421
0.00458595065211012	7.54280174902204e-05	0.0319195396424104	0.0399099307457556	0.00799039110334528	0.0001086198540589	3.68680901009535e-08	0.00830693781726387	0.0189541286433847	0.0106471908261208
0.0154680570404742	0.000259665241285635	0.13565921441336	0.203801070182526	0.0681418557691659	0.000733814924840671	2.45876174983815e-07	0.0584117744420475	0.145143081209382	0.0867313067673348
0.0113555668013313	0.000156531621699155	0.0844124305056045	0.0958630166275424	0.0114505861219378	0.000177349161578829	3.88643361091384e-08	0.00931996494188284	0.0144546133021855	0.00513464836030271
0.0076487552557048	0.000122366209582802	0.120360722487833	0.134860804705066	0.014500082217233	0.000198255899740517	5.46671436305907e-08	0.0360548191157569	0.0480683063615152	0.0120134872457583
0.00382896958392575	5.52692709796524e-05	0.0477366784295935	0.051470656261637	0.00373397783204346	6.65956151782154e-05	1.34326674464549e-08	0.00798961752856393	0.00831027365281413	0.000320656124250201
0.00288183107499193	4.25681253561719e-05	0.00916089311653867	0.0121606328791846	0.00299973976264589	9.36918997048084e-05	1.39117518243323e-08	0.00403202813594716	0.00307155165676383	-0.000960476479183329
0.00853588527459424	0.000108058548404239	0.119245291886279	0.116593580617341	-0.00265171126893798	0.000369507292701265	8.82084213317095e-08	0.0795923102168081	0.112857999638853	0.0332656894220451
0.00287870581709669	5.00836202171965e-05	0.00508689017407037	0.00789238510907521	0.00280549493500484	6.5200352555519e-05	2.31380257238511e-08	0.000779003072207199	0.00209162779107865	0.00131262471887145
0.00549769314583212	0.000114600433736029	0.0140121552218264	0.0304536270780354	0.016441471856209	6.99647457647007e-05	2.6580107119433e-08	0.0011989701056691	0.00401219002428622	0.00281321991861712
0.00471930663429093	7.38552746431325e-05	0.0286166917016912	0.0368965832327289	0.00827989153103773	4.21768506557291e-05	1.99137740136664e-08	0.000934225944702255	0.00397319733973544	0.00303897139503318
0.0170866088233274	0.000229626386734432	0.136109947643521	0.181100109392787	0.0449901617492666	0.00102470045022148	1.66321472492379e-07	0.0751991666425676	0.119268373127283	0.0440692064847157
0.0117537704043814	0.000166723646348721	0.146909441226174	0.173563117826175	0.0266536766000008	0.000383298356036875	8.4678607241183e-08	0.0645047012872479	0.0964722902216728	0.0319675889344249
0.0109721888216614	0.000171970809836619	0.0915570662360138	0.117357419012402	0.0258003527763882	0.000294705608379982	6.93574484446088e-08	0.0416755366530223	0.0561347551621126	0.0144592185090903
-0.00215353078275995	-2.46075413512347e-05	0.00897924199481146	0.00489902076010421	-0.00408022123470725	-0.000104528065904928	-2.1050241961062e-08	0.014429446053707	0.0104520238859932	-0.00397742216771387
0.00326397480946805	4.34344516821969e-05	0.0153142690525169	0.0139879244055866	-0.00132634464693027	1.76808229770002e-05	4.83419959125672e-09	0.000238438814778676	0.000432927941196829	0.000194489126418153
0.00797009673121525	0.000112563227460497	0.107707909940843	0.109777652437001	0.00206974249615835	0.000245091863235513	4.83997097294039e-08	0.0416400326710776	0.0412141622062562	-0.000425870464821392
0.0046739075714382	7.62573516350475e-05	0.0294098929755889	0.03734069425214	0.00793080127655111	5.9305462468174e-05	2.32923126643024e-08	0.0016619953927578	0.00529955228459372	0.00363755689183591
0.0106230133218402	0.000136679115220572	0.0671533338645169	0.0740343248177602	0.00688099095324333	0.000391280866981243	6.04939323492511e-08	0.0255795240232217	0.0269190589474856	0.00133953492426392
0.00388689459422557	9.45627580025145e-05	0.0118593146108175	0.0340585271179275	0.02219921250711	1.62145605526373e-06	3.30004478460378e-08	7.50771867084878e-07	0.0060603438111714	0.00605959303930432
0.0109263980795533	0.000149759754487198	0.11478219267572	0.103205033504154	-0.0115771591715665	0.000450619733616713	8.92808903925888e-08	0.0652376152051968	0.0542798893293188	-0.0109577258758781
0.0210717901205201	0.000276247646080756	0.234140917304648	0.209724528055955	-0.0244163892486929	0.00134219363116336	2.52754318296103e-07	0.219805025055193	0.189995134277786	-0.0298098907774071
0.0174028401373578	0.000276597740279863	0.14314917939943	0.161020944956684	0.0178717655572539	0.000913658392658771	2.26262309656393e-07	0.111838391043642	0.119014552009211	0.00717616096556871
0.00549342835603307	8.45786922632363e-05	0.0394412867968571	0.0475373041732357	0.0080960173763786	0.000126521672749895	3.07876923788721e-08	0.00964513825361659	0.0132819811886437	0.00363684293502711
0.00159301270371479	2.74150220350413e-05	0.0046785173781627	0.00539089356047512	0.000712376182312425	0.000124129983621256	2.91528449216317e-08	0.0133546562895282	0.0135312981486062	0.000176641859077981
0.00998535163003447	0.000124711186994043	0.103180289308427	0.0910828174392552	-0.0120974718691714	0.000376914936122533	7.1227697367714e-08	0.0406858433499155	0.0430588894270719	0.00237304607715638
0.00571325681624664	0.000103888498316262	0.0403354979713395	0.064802467833304	0.0244669698619646	0.000203548625392628	7.73047759925014e-08	0.0160289015113375	0.0478774985296961	0.0318485970183586
0.0103901126691383	0.000156489614238683	0.125042195841609	0.112394763822455	-0.0126474320191536	0.000609660609786548	1.37586141420683e-07	0.0668926324697673	0.0614128095750117	-0.00547982289475564
0.0145159984359194	0.00023255081207111	0.15935930162544	0.242609528125722	0.0832502265002822	0.000351330113404573	1.74675424731345e-07	0.0272354426908297	0.140880343078387	0.113644900387557
0.0176679286216255	0.000199434247830112	0.099852417037274	0.0838748372791183	-0.0159775797581557	0.00218691535500648	2.35882473173223e-07	0.0809889387181993	0.0491770708383491	-0.0318118678798503
0.00287253132552856	4.73808758165669e-05	0.0160381612314213	0.0215950736890431	0.00555691245762179	9.61436976122705e-05	2.30246038729925e-08	0.00876926352813743	0.0119312907362613	0.00316202720812383
0.00392361464158106	6.5418515144776e-05	0.0222307628695972	0.0315172758184675	0.00928651294887037	0.00012734460868795	2.82134645363873e-08	0.015254496301015	0.0181985745326599	0.0029440782316449
0.0134211479396794	0.00022645089290001	0.1207549263944	0.174999606187817	0.0542446797934168	0.000454685312681681	1.2573451762051e-07	0.0610964154818566	0.105882430696009	0.0447860152141528
0.0144019952786538	0.000247721314862104	0.0811044457869707	0.131792572894832	0.0506881271078617	0.000305774498326309	1.44574742519138e-07	0.0119163232277667	0.0540780897062138	0.0421617664784471
0.00800137197741126	0.000139393148016331	0.0910687416180943	0.117571125986426	0.0265023843683317	0.00027268917370026	8.05168588987214e-08	0.0498629900273454	0.0726402093873989	0.0227772193600535
0.00938218602977928	0.000142409082712406	0.10676090480526	0.111653936693097	0.00489303188783732	0.00039685662446614	8.69556651876272e-08	0.0914462329857083	0.0933879945316207	0.00194176154591237
0.00341777219713435	5.215405727608e-05	0.0390021110170906	0.0381427649402178	-0.000859346076872776	2.97565167867292e-05	6.32757534605579e-09	0.00142262304345827	0.000980064987755578	-0.000442558055702688
0.00733310685956161	0.00013951784096299	0.0273926150472636	0.0563136828368598	0.0289210677895962	0.000186493619025557	9.5848355692539e-08	0.00328562748764304	0.0224190753816219	0.0191334478939788
0.00966427814904749	0.000153314005561884	0.198860845494784	0.240068173903832	0.0412073284090484	0.000407384363798436	1.04113075930659e-07	0.155081246289432	0.181531432829321	0.0264501865398882
0.0107761311670258	0.000161032865359731	0.0537786151135852	0.06278304704897	0.00900443193538482	0.000344820317204087	8.03533531811529e-08	0.0163342619141792	0.0228264170986062	0.00649215518442697
-0.000158922769380857	-2.80002553035024e-06	0.000106951358049207	0.000163008708598879	5.60573505496724e-05	3.02293613269832e-05	5.27566486462021e-09	0.002875166588426	0.00212362416864372	-0.000751542419782275
0.00663073637595228	0.000126199455255248	0.0238514915213234	0.0396871373066162	0.0158356457852928	0.000216400985445001	6.16598791142296e-08	0.0134087095085047	0.019194174817381	0.00578546530887637
0.0100994466383583	0.000153217011291168	0.0561967242102527	0.0721716986952427	0.01597497448499	0.000191581552376804	6.20942556665692e-08	0.00669593895932965	0.0170310461640215	0.0103351072046919
-0.000772085964123996	-1.4237020416047e-05	0.00317794478235108	0.0045633621687548	0.00138541738640373	-4.90259935867915e-05	-1.28199899030894e-08	0.0101053780080106	0.0146775029629643	0.00457212495495371
0.0144971781257602	0.000229375040935048	0.255985423436336	0.290290883732885	0.0343054602965484	0.00069041726669692	1.78414140939852e-07	0.188797329938242	0.232394950048012	0.0435976201097697
0.0123268770698346	0.000181609839392145	0.0788299778984355	0.0777755259159189	-0.00105445198251664	0.00021581906241389	6.15440894676942e-08	0.00845488821043189	0.0123872197491419	0.00393233153870999
-0.000865857122069752	-1.20892895760618e-05	0.00574866481494992	0.00460881880409802	-0.0011398460108519	-5.56668795327862e-05	-1.14974524520673e-08	0.0145457202259838	0.0140255428061059	-0.00052017741987787
0.00307627850657899	4.82880575855127e-05	0.0139020253885226	0.016419160433271	0.00251713504474842	6.57526924825383e-05	1.96343792506514e-08	0.00191556483444011	0.00366998765586236	0.00175442282142225
0.00736079812290837	0.000133900807902833	0.0563278616028515	0.0962590776961395	0.0399312160932881	0.000139067789101877	7.14519508384591e-08	0.00695342851718382	0.0323132622620634	0.0253598337448795
0.0123447890057339	0.000195491780360869	0.0830464961799344	0.110664898467834	0.0276184022878994	0.000386920552320318	1.26388655111979e-07	0.0226641252975035	0.049509262752835	0.0268451374553315
0.00164473002755727	3.46929174559352e-05	0.00928340086756818	0.0179723171780121	0.00868891631044389	8.13624783070902e-05	2.57003541774653e-08	0.0151667403593754	0.0327648480257621	0.0175981076663867
0.00735587990914544	0.000132184399667452	0.058916673236518	0.0992334885178728	0.0403168152813549	0.000146444425940073	6.44552920770776e-08	0.00453882936408895	0.0197490499908451	0.0152102206267561
0.000384905333094285	3.29356228298493e-05	0.000272431556077113	0.00979047247861573	0.00951804092253862	-8.99269894219305e-07	1.32610558643795e-08	1.07434036580592e-06	0.00605915042202682	0.00605807608166101
0.0167365231931431	0.00023036727765692	0.132668804936689	0.141057234855356	0.00838842991866687	0.000723390388966401	1.72277751645193e-07	0.0871987636436138	0.113947955003638	0.026749191360024
0.00577472508259989	9.63616478385092e-05	0.0554745582812586	0.0854839278848398	0.0300093696035812	0.000112081190535608	3.4415551125483e-08	0.00756118361618441	0.0200283037751085	0.0124671201589241
-0.00556157750309707	-5.59537137641606e-05	0.0444584013649618	0.0176888702980471	-0.0267695310669147	-0.000150433414637383	-1.09896829239587e-08	0.0211634985373243	0.00233769504347954	-0.0188258034938448
0.0043894976091537	7.63161993417824e-05	0.0449142907373485	0.0688998249234865	0.023985534186138	0.000124831987130865	3.32416311408657e-08	0.0198507779684084	0.0326334282824085	0.0127826503140001
0.00763104779688144	9.63776734229592e-05	0.070278023723816	0.0560196995068689	-0.014258324216947	0.000229787413223559	4.18437874375091e-08	0.024680207235491	0.0199324682306914	-0.0047477390047996
0.010181870641866	0.000208297296823657	0.045977355730307	0.075539173048034	0.029561817317727	0.000140656398045782	5.99730924429573e-08	0.00293421339671743	0.00836676700473587	0.00543255360801844
0.00327873087747418	5.73139570508748e-05	0.0135423629103861	0.0195248290586211	0.00598246614823497	3.14212198378378e-05	1.03915472098006e-08	0.000697802881507387	0.00169865182674531	0.00100084894523792
0.010540133210797	0.000210403193143126	0.0745940617526255	0.132995569779237	0.0584015080266111	0.000244744367147171	1.22146364360808e-07	0.0142327079365221	0.0584146144309906	0.0441819064944685
0.00461701310521378	5.93166201503038e-05	0.0402354142013371	0.0347133370120304	-0.00552207718930674	0.000135054100320788	2.16094749072443e-08	0.0203853200240702	0.0152349154979007	-0.0051504045261695
0.00616370748634561	8.37462055876332e-05	0.0522406960702326	0.0461893719488459	-0.00605132412138673	0.000239033573929274	5.21359270038952e-08	0.0357276326324538	0.033398721014696	-0.00232891161775786
0.00567393900571525	0.00011368092463221	0.0354876401646939	0.068124602874059	0.032636962709365	2.40620721172536e-05	2.97520522302696e-08	0.000143964563235162	0.00486416593068181	0.00472020136744665
0.0112671904049959	0.000166632373717265	0.0969805883316075	0.11326196782734	0.0162813794957327	0.000444349595318281	1.09156185150018e-07	0.0629395406875884	0.0928293812063473	0.0298898405187589
0.0215110402335543	0.000297338477298069	0.218822757509591	0.225346558821277	0.00652380131168592	0.00121656013602891	3.00548090136952e-07	0.0963421486047547	0.136905851851774	0.0405637032470192
0.0229216359186075	0.000383562031588069	0.153570281056721	0.243525430672105	0.0899551496153838	0.000710462516559432	2.70975879814394e-07	0.0475014099242954	0.153110550927279	0.105609141002983
0.00746481502604517	0.000160226659486554	0.0318546480630525	0.0653466792772356	0.0334920312141831	5.71562333456263e-05	3.06823105572328e-08	0.000894319930341731	0.00499193777886653	0.0040976178485248
0.000439472564488189	7.83000963006641e-06	0.000579448339171964	0.000848289051688281	0.000268840712516317	8.27091305743052e-06	3.51235356797078e-09	0.000149155873575245	0.000645670823837013	0.000496514950261768
0.015435575433432	0.000283410430659593	0.0735189594806134	0.109147631792933	0.0356286723123197	0.000785969540054635	2.94337543428833e-07	0.0211898194229381	0.0441017766266915	0.0229119572037534
0.016048778133906	0.000272049366256909	0.0425505947893061	0.079117884548256	0.0365672897589499	0.00117131129856963	3.16340571735562e-07	0.0145403052256149	0.0458569107513734	0.0313166055257585
0.0124400879175335	0.000191819937943138	0.10099023284472	0.121796231587875	0.020805998743155	0.000550596933738167	1.54869982249154e-07	0.0377055705051242	0.0619953803981516	0.0242898098930274
0.00556641303172195	8.24100981557237e-05	0.0651746562701362	0.0640040663388811	-0.0011705899312551	0.000192602667972869	4.49038609462045e-08	0.0349855822001605	0.0363984850725371	0.0014129028723766
-0.000230272340257013	6.24240160501923e-06	0.000114414723808186	0.000353569004908028	0.000239154281099842	-1.69533288174172e-05	1.88447406354594e-09	0.000402429434610527	0.000103317985503571	-0.000299111449106956
0.00130379018855418	2.72045701741054e-05	0.00550139450163039	0.0102780336400287	0.00477663913839836	4.35060921783718e-05	1.07463133733946e-08	0.00553254369961736	0.00762362318804443	0.00209107948842707
0.0108878814380812	0.000141889906625368	0.0970169630823558	0.0950064197514511	-0.00201054333090472	0.000236006437233419	3.90150032443587e-08	0.023578428008592	0.0229691007204855	-0.000609327288106493
0.00577772377240398	9.34190297747382e-05	0.0429019356909584	0.0688627305703541	0.0259607948793957	9.57816009705094e-05	2.84452536375102e-08	0.00545382191751706	0.0167629896002986	0.0113091676827815
0.0098006431182007	0.000161416819596578	0.0912191191635925	0.107532978386026	0.0163138592224339	0.000278520039092651	6.66848769577324e-08	0.035727917670731	0.0360910753903161	0.000363157719585179
0.0051427385640144	7.74285826087384e-05	0.0186642451047589	0.0208003237613896	0.00213607865663072	4.77123618915413e-05	1.46662584154705e-08	0.000768111571011227	0.0017937210080467	0.00102560943703547
0.00222240278279344	3.04165863098857e-05	0.0259214007492711	0.020694891468915	-0.00522650928035612	0.000119041666044542	1.87203266771743e-08	0.0501147694029	0.027252470685925	-0.022862298716975
0.00915439839668404	0.000148938963692214	0.0456814015786036	0.0618206422317751	0.0161392406531716	0.000163644742289021	4.92043710273383e-08	0.0068461863358619	0.0129127516140896	0.00606656527822767
0.0162792139212441	0.000268253768769686	0.125277023866027	0.149796661775364	0.0245196379093367	0.00089620787284429	2.2658286934348e-07	0.102806640329401	0.122505437402102	0.0196987970727006
0.0132249864949163	0.000207133105280707	0.17298389751462	0.210563125278204	0.0375792277635836	0.000489568024784104	1.22499286208563e-07	0.103604063536192	0.132433947390639	0.0288298838544478
0.013372996297953	0.000201538714131505	0.0730926774153609	0.101378565338294	0.028285887922933	0.000498274666620867	1.37022532313224e-07	0.0189017565616568	0.0431372693766721	0.0242355128150152
0.0113003438828209	0.000163914810502702	0.0815012009121396	0.0897341315205097	0.0082329306083701	0.000372846168375588	7.63531199566991e-08	0.0376191041258898	0.0405444525198308	0.00292534839394094
0.00656601728218298	0.000116969895417117	0.0429325274481062	0.070744498247877	0.0278119707997708	2.1300545573865e-05	3.69820407594949e-08	0.00017159632212678	0.00955576392751092	0.00938416760538414
0.0173842713685611	0.000266427013794168	0.0898921541396488	0.119045962582014	0.0291538084423652	0.00116312515147454	2.46528121820323e-07	0.0566536841282084	0.0719351399174739	0.0152814557892655
0.00937445295608498	0.00016179299434103	0.0809898913849769	0.148168639901798	0.0671787485168212	0.00029283484820443	8.49923486084298e-08	0.0273292525496612	0.0721107166660889	0.0447814641164277
0.00780482451904944	0.000114997414592458	0.101199299329192	0.101516462391784	0.000317163062591885	0.000314094851202366	6.44332659377655e-08	0.0756509477506377	0.064778611452941	-0.0108723362976967
0.010338331906736	0.000189145615633106	0.0993422578956098	0.176842026154128	0.0774997682585177	0.000220574249325815	8.70118045484484e-08	0.0216138042445626	0.0790968775184035	0.0574830732738409
0.0148294628815211	0.00024233600566719	0.118604012541941	0.165220366381449	0.0466163538395081	0.000463379600256701	1.66165562512312e-07	0.0422246854567096	0.115262451319647	0.0730377658629379
0.00412442650299811	5.50791047151744e-05	0.0293150958491633	0.02701185007379	-0.00230324577537332	6.39809697492208e-05	9.21165763495119e-09	0.0049672061835241	0.00261121859982266	-0.00235598758370143
0.0101902152414119	0.000151803498811627	0.114396792365737	0.125501987516411	0.0111051951506744	0.000278318458517104	5.86934586677157e-08	0.0469716786670021	0.0507963974264855	0.0038247187594834
0.0111616461251926	0.000169982820170372	0.226274922775459	0.263481867011032	0.0372069442355723	0.000302093979410585	7.71674259545657e-08	0.0778027519038536	0.107964420304588	0.0301616684007349
0.0192494249888648	0.000325098205288159	0.124130987284032	0.193844220709344	0.0697132334253121	0.000486398762855147	1.98143302378372e-07	0.0295020101465677	0.101457433899456	0.0719554237528879
0.0141198960385361	0.000270438256999086	0.0672748261237927	0.137666065605121	0.0703912394813285	0.000323372227783731	2.18724540679369e-07	0.00924518225853854	0.0851102565796539	0.0758650743211153
0.0109886467164707	0.000166714856387701	0.0728089659798218	0.0786887979945251	0.00587983201470338	0.000245320082581946	5.89530703106715e-08	0.0197251050063617	0.0222845856456164	0.00255948063925474
0.00798685161134629	0.000152863806483114	0.04023686592799	0.0676122140304535	0.0273753481024635	0.000100471858686869	5.05039451050033e-08	0.00259030308199228	0.0105801730652497	0.00798986998325739
0.00877387557157574	0.00011948031803922	0.0390321862328755	0.0363614696332581	-0.00267071659961734	0.000358975803313973	6.04610197151969e-08	0.0163373423247546	0.0113231209482164	-0.00501422137653817
